names,scores,logfoldchanges,pvals,pvals_adj,pct_nz_group
RPL18A,3.5822697,0.12906106,0.00034062199579980003,1.0,1.0
UQCR10,3.1888304,0.2995334,0.0014284970168598483,1.0,0.9523809523809523
PHF20,3.1865482,0.5985746,0.0014398148150502744,1.0,0.6785714285714286
CTDSPL,3.0970018,0.81185645,0.0019548874972322677,1.0,0.5
DYNLRB1,3.0368838,0.4641675,0.002390374754522944,1.0,0.8928571428571429
MGAT4A,3.0126665,0.67617905,0.002589633128729857,1.0,0.6190476190476191
LINC02802,2.897506,0.628881,0.0037614243835871718,1.0,0.5833333333333334
ARHGAP18,2.820017,0.5008953,0.004802107836586295,1.0,0.7738095238095238
FHL2,2.7911675,0.39420632,0.0052518292070789395,1.0,0.7857142857142857
MRPL28,2.7756016,0.6599937,0.005509968729139723,1.0,0.6071428571428571
OSTF1,2.710068,0.78882813,0.00672693979202079,1.0,0.5
NOVA1,2.7096934,0.55721676,0.006734542708031938,1.0,0.6190476190476191
GOLGB1,2.6778464,0.44043347,0.007409720620009725,1.0,0.7619047619047619
DSTN,2.6481452,0.14197814,0.008093478336710482,1.0,1.0
RPL13,2.605126,0.08140177,0.009184048828895093,1.0,1.0
MRPS21,2.5608466,0.29614514,0.010441745311866918,1.0,0.9523809523809523
HSD17B4,2.5367312,0.7505965,0.01118927800027447,1.0,0.5
HIGD2A,2.5279436,0.35390803,0.011473277881997835,1.0,0.8452380952380952
FAU,2.5183384,0.13099228,0.011790997991892227,1.0,1.0
TMEM134,2.5123777,0.58568466,0.011992066200281657,1.0,0.5595238095238095
SVIP,2.5115602,0.37069172,0.012019876968973452,1.0,0.7857142857142857
RNASEH2C,2.4943933,0.4755833,0.012617259545840576,1.0,0.6309523809523809
DCXR,2.4908512,0.45953363,0.01274375091408345,1.0,0.7261904761904762
TMSB10,2.4414625,0.098026976,0.01462790417227369,1.0,1.0
NDUFA8,2.4390442,0.4343562,0.014726165064816587,1.0,0.75
COX16,2.4044042,0.42709833,0.016198853584123752,1.0,0.8333333333333334
PFN2,2.3947308,0.37779972,0.016632571400853384,1.0,0.7619047619047619
HTRA1,2.3795736,0.42247176,0.01733267951652911,1.0,0.7142857142857143
MTUS1,2.3692532,0.3882074,0.017824049466228325,1.0,0.7857142857142857
FAM107B,2.3623729,0.23456031,0.018158371480992655,1.0,0.8928571428571429
VPS26A,2.3358734,0.83561605,0.019497845842939544,1.0,0.4166666666666667
PSMB7,2.324463,0.3871324,0.0201007006135291,1.0,0.7738095238095238
MRPL21,2.3052185,0.5036317,0.021154347737751215,1.0,0.5833333333333334
BEX3,2.3030043,0.21247369,0.021278596654537612,1.0,0.9761904761904762
SLIRP,2.2923772,0.32336614,0.021883879026055326,1.0,0.8928571428571429
RPS24,2.2906063,0.08977718,0.021986202638118367,1.0,1.0
XIAP,2.2891755,0.58530104,0.022069152243769458,1.0,0.5238095238095238
HLA-C,2.2740185,0.1928553,0.022964879065769585,1.0,0.9642857142857143
RPL36AL,2.2612455,0.19587018,0.023744057590574456,1.0,0.9642857142857143
ACTR3,2.2588954,0.34816527,0.023889897818530115,1.0,0.8809523809523809
UHMK1,2.2433634,0.56771094,0.024873385703048003,1.0,0.5238095238095238
CAPZB,2.2348483,0.2847901,0.025427316054938264,1.0,0.8214285714285714
FDFT1,2.2227225,0.28760058,0.026234520027201013,1.0,0.9285714285714286
CSNK2B,2.2016387,0.3638553,0.027690842003723567,1.0,0.7619047619047619
HYI,2.198948,0.44677335,0.02788163082801409,1.0,0.6547619047619048
COPS4,2.160561,0.6066759,0.030729264056114487,1.0,0.5
FAAP20,2.1547024,0.3403175,0.031185119446558413,1.0,0.7976190476190477
NONO,2.1547024,0.33876255,0.031185119446558413,1.0,0.7738095238095238
SLC25A11,2.153306,0.56251425,0.031294635213242224,1.0,0.4880952380952381
FASN,2.1449952,0.3759864,0.031953236232515746,1.0,0.7261904761904762
CHCHD1,2.141487,0.40753222,0.03223479839620617,1.0,0.6547619047619048
NUDT16,2.1335847,0.677879,0.03287679337472128,1.0,0.4166666666666667
PPP2CA,2.1306555,0.46423122,0.033117539749697035,1.0,0.5714285714285714
WDR36,2.1257505,0.52025807,0.033524028459922965,1.0,0.5714285714285714
METRNL,2.1190405,0.6230975,0.03408703548558164,1.0,0.42857142857142855
TINAGL1,2.1135907,0.2721152,0.034550229216576446,1.0,0.9047619047619048
STXBP1,2.107664,0.63152474,0.03506004500916525,1.0,0.4880952380952381
TMEM258,2.0637937,0.24553132,0.03903729306044015,1.0,0.9404761904761905
LAMTOR5,2.0572538,0.26635733,0.03966181444261086,1.0,0.8214285714285714
ZNF121,2.0474102,1.1090981,0.04061782568850522,1.0,0.2619047619047619
PCNA,2.0429142,0.6808385,0.041060938255051325,1.0,0.40476190476190477
PANK3,2.0341945,0.626256,0.041931987888859025,1.0,0.4523809523809524
ZFYVE9,2.0318103,1.0743178,0.042172870577822916,1.0,0.2619047619047619
PPP1R7,2.0249639,0.39155996,0.04287106476183099,1.0,0.6309523809523809
RPS25,2.0208766,0.08898119,0.043292537042980174,1.0,1.0
CTDSP2,2.0165849,0.9067117,0.043738845648692015,1.0,0.2976190476190476
RMND5B,2.014916,1.2811408,0.04391345638082822,1.0,0.2261904761904762
TIMM8B,2.0139964,0.2635744,0.0440099217058461,1.0,0.8095238095238095
ANXA4,2.010454,0.4834995,0.044383165159918365,1.0,0.5952380952380952
PGK1,2.006639,0.27951008,0.044788103379119794,1.0,0.8333333333333334
PSMD3,2.0045955,0.51219195,0.04500631342976948,1.0,0.42857142857142855
RNF181,2.003233,0.34658796,0.04515228428137928,1.0,0.75
MRPL47,2.0001335,0.4210613,0.04548585544294403,1.0,0.6071428571428571
GPX4,1.9962846,0.19350325,0.045902958547831815,1.0,0.9880952380952381
GNAS,1.9958758,0.11597059,0.04594744132139589,1.0,0.9880952380952381
HSDL2,1.9836819,0.5681689,0.047291305812535656,1.0,0.4166666666666667
SRPRA,1.9812295,0.3796462,0.04756553516658472,1.0,0.5833333333333334
TP53INP1,1.9763248,0.69439,0.04811800568297624,1.0,0.34523809523809523
DNAJC16,1.9709091,0.9830575,0.04873427819639941,1.0,0.2976190476190476
MTLN,1.9678435,0.29820356,0.04908603943522288,1.0,0.7857142857142857
NDUFV2,1.9660043,0.31012124,0.049298117191865005,1.0,0.8095238095238095
EPM2AIP1,1.9578978,1.0531535,0.05024201318936123,1.0,0.27380952380952384
JKAMP,1.9520051,0.5219399,0.050937590011949904,1.0,0.4523809523809524
DGKA,1.9436262,0.6295194,0.051940549263601886,1.0,0.38095238095238093
CADPS2,1.9385511,0.88512635,0.05255602786079532,1.0,0.2857142857142857
CD70,1.9370183,0.27600715,0.05274310506787199,1.0,0.9166666666666666
PSMB6,1.9352131,0.28441402,0.05296415391063993,1.0,0.8571428571428571
RPL18,1.9351449,0.087991916,0.052972510510757145,1.0,1.0
ARHGDIB,1.9297633,0.24238797,0.05363617201622653,1.0,0.9761904761904762
NCSTN,1.9277196,0.4686081,0.05389000755841492,1.0,0.5
CAV1,1.9237005,0.1359069,0.054392143184893695,1.0,0.9880952380952381
ID3,1.9198515,0.57372063,0.05487665479524072,1.0,0.42857142857142855
TKT,1.9178078,0.13679197,0.05513537694247206,1.0,0.9761904761904762
TRIM28,1.898904,0.39929816,0.05757710101677593,1.0,0.5714285714285714
SEPTIN11,1.8957703,0.32408455,0.05799041553282586,1.0,0.8333333333333334
COA4,1.8896053,0.31185484,0.058810765361828186,1.0,0.6904761904761905
LMO2,1.8819757,1.2242802,0.05983932302403951,1.0,0.21428571428571427
THYN1,1.8767984,0.5531671,0.06054573527086777,1.0,0.4523809523809524
BTN3A2,1.8744822,0.66661775,0.06086399201116023,1.0,0.38095238095238093
UBA1,1.8740053,0.3455797,0.0609296872112448,1.0,0.6309523809523809
PCCB,1.8717573,0.6925839,0.06124018488279608,1.0,0.34523809523809523
PGD,1.8716551,0.16967665,0.06125432949185999,1.0,0.9404761904761905
MPLKIP,1.8677722,0.3549498,0.06179383274643349,1.0,0.5833333333333334
RPS27L,1.8605853,0.139583,0.06280276276702335,1.0,1.0
MYADM,1.8558508,0.1402355,0.06347482600766534,1.0,0.9642857142857143
FAM167B,1.8530918,0.91748595,0.06386919277008068,1.0,0.27380952380952384
UBE2M,1.8511504,0.32004893,0.0641479214144147,1.0,0.7380952380952381
NDUFB8,1.8485618,0.22131114,0.06452112111827836,1.0,0.8928571428571429
NKIRAS2,1.843112,0.786554,0.0653126634227972,1.0,0.35714285714285715
MBOAT7,1.8426011,0.3053816,0.06538727931707454,1.0,0.8214285714285714
NTHL1,1.8411705,0.53873354,0.06559657784651031,1.0,0.4523809523809524
MTCH2,1.8399103,0.32779375,0.06578141719133618,1.0,0.6547619047619048
PDLIM1,1.8391609,0.06672313,0.06589152504269105,1.0,0.9761904761904762
ADAT1,1.8329618,0.94961035,0.06680825528752646,1.0,0.2857142857142857
GATC,1.8282273,0.70829266,0.067515446679779,1.0,0.3333333333333333
B4GALT5,1.8237312,0.34017205,0.06819271473697726,1.0,0.6904761904761905
CREBBP,1.823629,0.6071166,0.06820817187723599,1.0,0.3333333333333333
LIMS1,1.8176343,0.34945196,0.06912004512575916,1.0,0.7380952380952381
RPL7A,1.8125932,0.07022841,0.06989457719490132,1.0,1.0
FNBP1L,1.8109924,0.5422485,0.07014202869430373,1.0,0.4642857142857143
HSPE1,1.8096981,0.20160954,0.07034262105017056,1.0,0.9285714285714286
JPX,1.8085741,0.29747722,0.07051720128083762,1.0,0.7380952380952381
GSTK1,1.806837,0.3349879,0.0707877060447888,1.0,0.6785714285714286
RSRC1,1.804623,0.5688947,0.07113369981480003,1.0,0.39285714285714285
DYNC1LI1,1.7975724,0.43190193,0.07224480497582021,1.0,0.6071428571428571
ADAM23,1.7936213,0.46948513,0.07287364135484217,1.0,0.40476190476190477
TPT1,1.7897042,0.07678139,0.07350147123021533,1.0,1.0
TXNRD2,1.78514,0.2722546,0.07423860260415503,1.0,0.8452380952380952
NAA38,1.7833688,0.18163173,0.07452627588413481,1.0,0.9166666666666666
VPS51,1.7791454,0.48872715,0.07521594238766449,1.0,0.40476190476190477
GATA2,1.757721,0.6761536,0.07879500965688567,1.0,0.3333333333333333
CRIP2,1.7495463,0.1358284,0.0801966419100111,1.0,0.9642857142857143
MED29,1.7488309,0.7216435,0.08032024251973528,1.0,0.32142857142857145
RPL19,1.7455611,0.06320108,0.08088724603374348,1.0,1.0
DCAF13,1.745527,0.3780853,0.08089316937879132,1.0,0.5952380952380952
DCAF7,1.739941,0.39102554,0.08186937330292018,1.0,0.5714285714285714
TNFRSF1A,1.7379314,0.34691274,0.08222289737127306,1.0,0.5952380952380952
RPL10,1.7329586,0.055151228,0.08310304306993484,1.0,1.0
BRD7,1.7319367,0.30355003,0.08328483695005476,1.0,0.7261904761904762
PPTC7,1.7294843,1.3258687,0.08372245680345142,1.0,0.2261904761904762
PPP4C,1.725976,0.34636903,0.08435173137048467,1.0,0.6309523809523809
MPP5,1.7257376,0.77509904,0.08439463612832723,1.0,0.30952380952380953
BROX,1.7257035,0.7930598,0.08440076682075208,1.0,0.30952380952380953
TIMM17B,1.7193681,0.5347105,0.08554735786540593,1.0,0.39285714285714285
LAMTOR4,1.7177333,0.28747043,0.08584528721824351,1.0,0.8928571428571429
MIDN,1.7168477,0.5247673,0.08600701535958712,1.0,0.39285714285714285
USP3,1.7161664,0.4187618,0.08613158906114077,1.0,0.4523809523809524
USP22,1.702508,0.33175293,0.08866019388029503,1.0,0.5833333333333334
GPX3,1.7016224,0.64744693,0.08882618713099041,1.0,0.30952380952380953
TSC22D4,1.700873,0.6558385,0.08896683847237824,1.0,0.32142857142857145
EVA1B,1.6999533,0.29182857,0.08913970120785028,1.0,0.7380952380952381
SEC61G,1.6970241,0.19997048,0.08969210505639222,1.0,0.9880952380952381
CRYZL1,1.6911997,0.6334975,0.09079867687468576,1.0,0.32142857142857145
DUSP18,1.6876574,0.8626479,0.09147703201788542,1.0,0.25
DGUOK,1.6867377,0.33879626,0.09165380788601546,1.0,0.6309523809523809
CWC22,1.6856477,0.6213085,0.09186367541233953,1.0,0.32142857142857145
SPART,1.6848302,0.31081998,0.09202132930470187,1.0,0.6309523809523809
ETFB,1.684694,0.20162885,0.09204762607310323,1.0,0.8571428571428571
RAB22A,1.6807429,0.37730888,0.09281286191440974,1.0,0.5238095238095238
ETFA,1.6799935,0.36527708,0.09295856737258246,1.0,0.6428571428571429
CAPN1,1.6794486,0.59450877,0.09306465025316166,1.0,0.36904761904761907
CKLF,1.6789377,0.2712116,0.09316419117359893,1.0,0.7261904761904762
CDC42EP1,1.6736583,0.7250547,0.0941977912535192,1.0,0.2976190476190476
MIER1,1.6654836,0.38324198,0.0958163215954429,1.0,0.5238095238095238
COPE,1.6611918,0.24063218,0.09667491929938116,1.0,0.7976190476190477
HNRNPA0,1.6605107,0.32213607,0.09681176886388831,1.0,0.5476190476190477
CCT7,1.660136,0.29860526,0.096887102138402,1.0,0.7619047619047619
REEP3,1.6593184,0.33997506,0.09705162836911983,1.0,0.6547619047619048
SF3A1,1.6585692,0.55779475,0.09720264025687063,1.0,0.34523809523809523
NR2F2,1.6553674,0.19727375,0.09784999015867991,1.0,0.8928571428571429
TRAM2,1.655129,0.32680616,0.09789833455053187,1.0,0.5833333333333334
ATP5MF,1.6537325,0.22785668,0.09818187790951363,1.0,0.9642857142857143
POMP,1.6513823,0.15228173,0.09866054116522563,1.0,0.9404761904761905
SMIM10L1,1.6482487,0.4931626,0.09930165506165581,1.0,0.40476190476190477
VMA21,1.6480103,0.3575726,0.09935057124075579,1.0,0.5476190476190477
NSA2,1.6438888,0.17719449,0.10019916467783062,1.0,0.9523809523809523
GMPPB,1.6406871,1.0518459,0.10086238284488074,1.0,0.2261904761904762
RAP1B,1.6327168,0.2908211,0.10252856855854212,1.0,0.7261904761904762
LRP10,1.6280504,0.34529006,0.10351418809749403,1.0,0.5833333333333334
NREP,1.6221919,0.46541172,0.10476225449316605,1.0,0.4642857142857143
NCS1,1.6202505,0.68069893,0.10517848358178791,1.0,0.2976190476190476
BCL2L13,1.6172531,0.54650146,0.10582365893022125,1.0,0.35714285714285715
AZIN1,1.6169466,0.3983564,0.10588981932722359,1.0,0.4880952380952381
SLC9A3R2,1.6162313,0.39589995,0.10604432116808721,1.0,0.5357142857142857
GNB1,1.6130636,0.19353472,0.1067306936075335,1.0,0.7976190476190477
MTIF3,1.6129614,0.31607264,0.10675289313536139,1.0,0.6428571428571429
SRP14,1.6109859,0.12054935,0.10718280368328487,1.0,0.9880952380952381
IL4R,1.6107134,0.60213006,0.10724220917562899,1.0,0.2857142857142857
EIF4EBP1,1.6071029,0.20201613,0.10803179666542947,1.0,0.9642857142857143
ANTXR2,1.6040033,0.39952904,0.10871331496799194,1.0,0.4642857142857143
CD55,1.603288,0.17554848,0.10887107042348772,1.0,0.9523809523809523
NEDD8,1.6019256,0.17604731,0.10917205788735108,1.0,0.9761904761904762
CDC16,1.6009037,0.6240498,0.1093982300082427,1.0,0.36904761904761907
PNKP,1.5989623,0.50783163,0.10982897748493328,1.0,0.40476190476190477
SUN1,1.5958627,0.4714143,0.1105194389170867,1.0,0.39285714285714285
PSMD9,1.5925248,0.4524127,0.11126684204808618,1.0,0.5357142857142857
RPS9,1.5915711,0.064004645,0.11148111692734426,1.0,1.0
TXNL1,1.5900383,0.29927564,0.111826169314139,1.0,0.5952380952380952
NOP58,1.5855763,0.44477227,0.11283545280169592,1.0,0.42857142857142855
CUL5,1.5845885,0.38254791,0.11305984964931219,1.0,0.5119047619047619
MOB4,1.5838392,0.50367147,0.11323031619762794,1.0,0.4166666666666667
FKBP1A,1.5811484,0.1234863,0.1138441157409792,1.0,1.0
WARS,1.5779808,0.32220787,0.11457004418018352,1.0,0.6309523809523809
WDR13,1.576482,0.41676185,0.1149147611788688,1.0,0.44047619047619047
ERG28,1.5750514,0.3207825,0.1152445698622577,1.0,0.6309523809523809
SRPK1,1.5710323,0.3127146,0.1161751597577158,1.0,0.6547619047619048
DOCK7,1.5668427,0.5390311,0.11715145631685128,1.0,0.30952380952380953
KRT18,1.5652759,0.111413166,0.11751822597734189,1.0,0.9880952380952381
ZNF749,1.5644925,0.80656904,0.11770194845159687,1.0,0.25
RABAC1,1.560303,0.17237388,0.11868829267996774,1.0,0.9285714285714286
ABI2,1.5576122,0.29112574,0.11932520835977124,1.0,0.6071428571428571
HSD17B7,1.5539336,0.66893715,0.12020025813877944,1.0,0.32142857142857145
FKBP1B,1.5537974,0.5349639,0.1202327636223799,1.0,0.36904761904761907
RAB11A,1.5528096,0.18824004,0.12046863424666666,1.0,0.9047619047619048
PREX1,1.5505275,0.4434551,0.12101496179274435,1.0,0.42857142857142855
PPME1,1.5467126,0.6150519,0.1219325521449283,1.0,0.32142857142857145
CHCHD7,1.546338,0.44777915,0.12202296517537396,1.0,0.34523809523809523
SSH2,1.5456908,0.56111753,0.12217925656316507,1.0,0.34523809523809523
FDXR,1.5456227,0.47358802,0.12219571738572323,1.0,0.42857142857142855
RPL39,1.5453161,0.06385301,0.12226981253797284,1.0,1.0
DDX17,1.5413991,0.18838806,0.12321967766953153,1.0,0.8809523809523809
TCEAL9,1.5390489,0.21044281,0.12379235658275484,1.0,0.8095238095238095
LACTB2,1.5386742,0.80954653,0.1238838448921023,1.0,0.2261904761904762
LDHA,1.5342804,0.19323087,0.12496069516053632,1.0,0.9285714285714286
DIS3,1.534076,0.3961719,0.12501095827606612,1.0,0.44047619047619047
TANK,1.5278769,0.51212543,0.12654310910693226,1.0,0.39285714285714285
ZNF625,1.5257992,1.7946925,0.12705989069331838,1.0,0.14285714285714285
NDUFB4,1.5252202,0.19167635,0.12720420403529098,1.0,0.9404761904761905
PIGF,1.5183398,0.5065761,0.12892876290334326,1.0,0.42857142857142855
B9D2,1.5170114,0.938653,0.12926380477812255,1.0,0.20238095238095238
CCNG1,1.5167048,0.24669075,0.1293412180840461,1.0,0.7619047619047619
RPL27A,1.516262,0.07951389,0.12945310086405554,1.0,1.0
TMBIM6,1.515717,0.23808964,0.12959090590415465,1.0,0.8928571428571429
COQ2,1.5125494,0.7250712,0.1303941540414667,1.0,0.27380952380952384
MTA1,1.5125153,0.4181757,0.13040281206350318,1.0,0.38095238095238093
BZW1,1.510676,0.23048723,0.1308710079834229,1.0,0.9761904761904762
MXI1,1.5105058,0.6545489,0.13091442532232947,1.0,0.2619047619047619
OSGIN2,1.4994018,0.6031907,0.1337694172994413,1.0,0.2857142857142857
AHSA1,1.4966089,0.4022732,0.1344950711044875,1.0,0.5
TRAK2,1.4965067,0.7246849,0.1345216770084157,1.0,0.2857142857142857
RPSA,1.4949398,0.06368128,0.13493014391554478,1.0,1.0
ELAVL1,1.4949058,0.3520151,0.1349390342643641,1.0,0.4880952380952381
ITPA,1.4935093,0.33950078,0.13530392847902273,1.0,0.5119047619047619
RPP25L,1.4931005,0.62987685,0.13541087086830186,1.0,0.30952380952380953
HTATSF1,1.4910569,0.45922387,0.135946562523096,1.0,0.4166666666666667
FDPS,1.4889791,0.12274718,0.13649285834483665,1.0,0.8452380952380952
NBEAL1,1.4862542,0.268413,0.13721187797354495,1.0,0.6547619047619048
MICU1,1.4859136,0.3164568,0.13730196045511767,1.0,0.5238095238095238
RSU1,1.482746,0.2648031,0.13814191340432364,1.0,0.6190476190476191
EEF1D,1.480566,0.080088556,0.1387222419593946,1.0,0.9880952380952381
DHRS7,1.4769216,0.47920403,0.1396966705683327,1.0,0.4523809523809524
RAB30-DT,1.4750823,0.6505317,0.14019043414337617,1.0,0.27380952380952384
GOLGA1,1.4744692,0.9764119,0.14035532000587708,1.0,0.21428571428571427
WASHC4,1.4722892,0.46762764,0.1409427890684226,1.0,0.42857142857142855
HSPD1,1.4720508,0.14917392,0.14100715801063793,1.0,0.9523809523809523
DNAJC3,1.4688491,0.4201741,0.1418737317067197,1.0,0.4642857142857143
HDDC2,1.4679976,0.36630878,0.1421048906975186,1.0,0.5
ASH1L,1.4658858,0.35661212,0.14267941309668547,1.0,0.5
BLVRB,1.4629225,0.34331217,0.14348860187720627,1.0,0.6071428571428571
MAP7D1,1.4596525,0.46522075,0.14438558001225085,1.0,0.38095238095238093
EHMT1,1.4560761,0.41817003,0.14537156395203038,1.0,0.39285714285714285
FBH1,1.455463,0.53314203,0.14554110627124134,1.0,0.2976190476190476
BCAP29,1.4544072,0.243101,0.14583345066357198,1.0,0.7619047619047619
SURF4,1.4531469,0.3449077,0.14618296602660652,1.0,0.47619047619047616
CDCA7L,1.447629,0.611299,0.14772082812610657,1.0,0.30952380952380953
SNRPD2,1.4462326,0.099441595,0.14811199380659104,1.0,0.9523809523809523
LSM14A,1.444291,0.30404365,0.14865712365031608,1.0,0.5476190476190477
B3GNTL1,1.4419749,0.96719384,0.14930945650870672,1.0,0.20238095238095238
MFSD14B,1.4398972,0.39332515,0.1498964942552975,1.0,0.39285714285714285
INTS9,1.439829,1.044495,0.14991577115906485,1.0,0.17857142857142858
PIGS,1.4397609,0.3986637,0.14993504995368453,1.0,0.4642857142857143
APC,1.4380238,0.54567444,0.15042729838542443,1.0,0.36904761904761907
NAPA,1.4359461,0.5166481,0.15101768321152473,1.0,0.3333333333333333
PLEKHO1,1.4328125,0.33960453,0.15191143709669758,1.0,0.5952380952380952
RPS21,1.4299513,0.04230654,0.15273098550394826,1.0,1.0
TERF1,1.428623,0.3714381,0.15311263179210008,1.0,0.4166666666666667
NDUFA4,1.4279417,0.14254786,0.15330862900670156,1.0,0.9642857142857143
GUSB,1.426988,0.35404244,0.15358334558477396,1.0,0.4166666666666667
C11orf1,1.4268178,1.1320117,0.15363244147814248,1.0,0.19047619047619047
DPY19L4,1.426409,0.41696438,0.15375032030550123,1.0,0.38095238095238093
AL391069.2,1.4246378,1.655449,0.15426192321425758,1.0,0.13095238095238096
ASPSCR1,1.4239906,0.6263658,0.1544491773791442,1.0,0.2619047619047619
MLLT6,1.4212317,0.53435653,0.15524940929389905,1.0,0.27380952380952384
GPAT3,1.419733,1.1848015,0.15568542054163798,1.0,0.17857142857142858
LRRC8D,1.4183024,0.7928242,0.15610247942471814,1.0,0.23809523809523808
MTHFD1L,1.418064,0.32496694,0.15617207156829443,1.0,0.5238095238095238
ACP1,1.4160204,0.29822564,0.1567695414217388,1.0,0.6190476190476191
RAB11B,1.4151007,0.42677975,0.1570389676084946,1.0,0.4166666666666667
PTMA,1.4073007,0.07665159,0.15933823116431423,1.0,1.0
STOM,1.4059724,0.21737652,0.15973233401572628,1.0,0.7976190476190477
ARFIP2,1.4040649,0.8318942,0.1602995139107446,1.0,0.21428571428571427
RPLP1,1.4001138,0.03384699,0.16147922738734488,1.0,1.0
GADD45B,1.3989898,0.54183686,0.16181603042949322,1.0,0.3333333333333333
TCEAL8,1.3970143,0.28180376,0.16240927198599342,1.0,0.6309523809523809
SHLD2,1.3951069,0.92220753,0.16298361260904115,1.0,0.21428571428571427
ENTPD6,1.3936423,0.60776925,0.16342566277523218,1.0,0.27380952380952384
RBAK,1.3915645,1.1312165,0.16405430690157863,1.0,0.15476190476190477
MAD2L2,1.3913261,0.49814305,0.16412656276713078,1.0,0.35714285714285715
PCSK7,1.389078,0.4341605,0.16480901149946547,1.0,0.38095238095238093
MEX3A,1.389044,0.83495516,0.16481936803839847,1.0,0.21428571428571427
UAP1,1.3885672,0.4249283,0.16496441103889103,1.0,0.40476190476190477
CHMP1A,1.3872387,0.5554791,0.1653689660734481,1.0,0.27380952380952384
TTC5,1.3848546,0.6339459,0.16609696255030149,1.0,0.23809523809523808
ZBED4,1.3832536,0.9701687,0.16658711097870782,1.0,0.19047619047619047
ADAM15,1.380699,0.27234522,0.16737151360810754,1.0,0.6547619047619048
DZIP1,1.3805287,0.45089084,0.16742390560947173,1.0,0.38095238095238093
TRIM8,1.3802563,0.3817205,0.1675077584365836,1.0,0.5238095238095238
EMC7,1.3793366,0.28509843,0.1677909946393391,1.0,0.5833333333333334
UQCRB,1.3786213,0.08050777,0.16801153800584256,1.0,1.0
DRAM2,1.3770885,0.49252728,0.16848486375128102,1.0,0.38095238095238093
RPS7,1.3768842,0.05805049,0.16854804939332146,1.0,1.0
RACK1,1.3741593,0.02322062,0.1693922247394778,1.0,0.9880952380952381
SRRM2,1.3741252,0.21407095,0.16940279696006744,1.0,0.9047619047619048
ANKRA2,1.373989,0.8500463,0.16944509079088976,1.0,0.21428571428571427
RGS3,1.3736143,0.43934065,0.1695614396552697,1.0,0.47619047619047616
YIPF5,1.37232,0.35084435,0.16996383303092144,1.0,0.44047619047619047
RINT1,1.3716388,0.9765385,0.17017590631924173,1.0,0.17857142857142858
TGOLN2,1.3709235,0.20933726,0.1703987966418501,1.0,0.7976190476190477
MED4,1.3703785,0.37177682,0.17056876460827708,1.0,0.44047619047619047
LIG3,1.3699017,0.6601839,0.17071759074368786,1.0,0.2261904761904762
NOC2L,1.3694589,0.43742037,0.17085587352007336,1.0,0.38095238095238093
CDC42EP2,1.3689821,0.4461205,0.17100488723864793,1.0,0.35714285714285715
USP16,1.3688458,0.31645826,0.17104748045855367,1.0,0.4642857142857143
C11orf74,1.3686755,0.5244361,0.17110073315513685,1.0,0.34523809523809523
MED14,1.3628851,0.71815246,0.17291872013018017,1.0,0.25
PDLIM4,1.3606712,0.19122978,0.17361763642899408,1.0,0.7738095238095238
CD9,1.3602624,0.12716115,0.1737468976222356,1.0,0.9880952380952381
MTCL1,1.3593768,0.6961041,0.17402721017811285,1.0,0.2261904761904762
SSR4,1.3581847,0.14337601,0.17440508724509862,1.0,0.9761904761904762
VPS8,1.3536886,0.70635086,0.17583573686829757,1.0,0.23809523809523808
ITFG1,1.347762,0.32445025,0.17773494147504287,1.0,0.44047619047619047
WRN,1.3459227,0.43354812,0.1783274441451277,1.0,0.39285714285714285
CCDC85B,1.342721,0.16531013,0.17936234189613187,1.0,0.9166666666666666
PHRF1,1.3426869,0.8784255,0.17937337540002696,1.0,0.20238095238095238
RCOR3,1.3409498,0.6550692,0.17993675343909632,1.0,0.25
PGM2L1,1.3393489,0.5288412,0.1804571082563997,1.0,0.2857142857142857
SEPTIN7,1.3391786,0.13183981,0.18051253086311314,1.0,0.8571428571428571
THOC7,1.3390083,0.22309881,0.1805679661114582,1.0,0.6666666666666666
NDUFS6,1.3385996,0.18562225,0.1807010622929719,1.0,0.9523809523809523
ARL6IP1,1.3380206,0.29008847,0.18088973991018686,1.0,0.5119047619047619
MGLL,1.334342,0.2689899,0.18209181537350327,1.0,0.6309523809523809
RAB28,1.3341035,0.69749016,0.18216993164547957,1.0,0.23809523809523808
PARP1,1.3330817,0.26430064,0.18250499719483815,1.0,0.6547619047619048
TFF3,1.3324345,0.26227066,0.18271744159099812,1.0,0.5119047619047619
MRPL11,1.3321279,0.27955344,0.18281813710948003,1.0,0.5833333333333334
MPC2,1.3301524,0.2858156,0.18346805068495864,1.0,0.5952380952380952
RPS23,1.3289944,0.050354827,0.18384982942997308,1.0,1.0
NDUFA12,1.3283472,0.22956842,0.18406343247310375,1.0,0.7261904761904762
TMEM205,1.3273594,0.32350826,0.1843898123699349,1.0,0.5119047619047619
CDC42SE1,1.3263035,0.3487011,0.18473917475286572,1.0,0.39285714285714285
HCLS1,1.3257586,0.28192586,0.18491968236396616,1.0,0.5833333333333334
MRPS9,1.3252476,0.5109044,0.18508902673758354,1.0,0.32142857142857145
RPL24,1.3231359,0.058619887,0.1857902006938429,1.0,1.0
ATP2A2,1.3228974,0.24652362,0.18586948871122777,1.0,0.5476190476190477
SRP54,1.322659,0.2800017,0.1859488017411871,1.0,0.5595238095238095
FLYWCH1,1.3220459,0.8683364,0.18615286440981904,1.0,0.19047619047619047
TWF2,1.3220459,0.25772488,0.18615286440981904,1.0,0.6428571428571429
YY1AP1,1.3210922,1.0734501,0.18647062414405102,1.0,0.19047619047619047
SF3B4,1.320956,0.79479355,0.186516051089626,1.0,0.21428571428571427
DAB2,1.3202747,0.19717832,0.18674330847519782,1.0,0.6547619047619048
EFR3A,1.3195595,0.30436677,0.18698214881061082,1.0,0.4880952380952381
CPSF6,1.3179927,0.4372054,0.18750611110735982,1.0,0.39285714285714285
SKIV2L,1.3148931,0.9631299,0.18854583688300874,1.0,0.17857142857142858
SAFB,1.3145524,0.32189196,0.1886603512726578,1.0,0.39285714285714285
GNL2,1.3134625,0.60088235,0.18902714200475634,1.0,0.32142857142857145
ZCCHC14,1.3093752,1.0968132,0.19040728986927702,1.0,0.16666666666666666
SYNRG,1.3086258,0.51294464,0.19066111984930834,1.0,0.30952380952380953
C1D,1.3083874,0.33001727,0.19074193615334745,1.0,0.47619047619047616
SPCS1,1.3063097,0.10425117,0.1914472601368744,1.0,0.8571428571428571
UBA52,1.3040276,0.011413115,0.19222416938974918,1.0,0.9880952380952381
FBXO3,1.3033123,0.65332526,0.19246815473136836,1.0,0.23809523809523808
LAPTM5,1.2989866,0.4431263,0.193948537661375,1.0,0.32142857142857145
NQO1,1.2984416,0.13145898,0.1941356338725726,1.0,0.9404761904761905
KNOP1,1.2979647,0.26807407,0.19429945169825869,1.0,0.5476190476190477
ENAH,1.2952398,0.24476121,0.19523750002946427,1.0,0.6785714285714286
SMC1A,1.2951037,0.34988907,0.19528448946683186,1.0,0.4880952380952381
UBE2V1,1.2950696,0.14268091,0.19529623812178143,1.0,0.9404761904761905
TMEM50A,1.2937412,0.20444795,0.1957548399999125,1.0,0.8452380952380952
NTPCR,1.2925831,0.3226205,0.1961552903548599,1.0,0.4523809523809524
RPS3A,1.2896539,0.04197582,0.19717087270773126,1.0,1.0
NAPG,1.2896539,0.54462653,0.19717087270773126,1.0,0.32142857142857145
PGP,1.2888023,0.26029432,0.1974668209887529,1.0,0.5357142857142857
RPIA,1.2873037,0.35205334,0.19798847932919628,1.0,0.38095238095238093
MTX2,1.2864861,0.3443226,0.19827344479463138,1.0,0.4166666666666667
SENP5,1.2862136,0.48018372,0.1983684999089057,1.0,0.3333333333333333
PMF1,1.2855325,0.49530813,0.1986062834823238,1.0,0.36904761904761907
CTBP1,1.2842722,0.30890924,0.19904673234596393,1.0,0.5119047619047619
CDR2L,1.2833525,1.0859922,0.19936859122155803,1.0,0.15476190476190477
WDR70,1.2826372,0.39546946,0.19961918867376371,1.0,0.35714285714285715
ABHD14A,1.2803552,0.6512602,0.20042025189118184,1.0,0.2976190476190476
ACTB,1.2803552,0.054502327,0.20042025189118184,1.0,1.0
PSMA4,1.278584,0.1871406,0.2010435880655721,1.0,0.9166666666666666
SP100,1.2760295,0.2235717,0.20194511999396147,1.0,0.6785714285714286
ST6GAL1,1.275825,0.36649963,0.20201736965984274,1.0,0.39285714285714285
NUDT2,1.2737132,0.5704824,0.20276505310255843,1.0,0.2976190476190476
YPEL5,1.2732705,0.46286967,0.20292208076419238,1.0,0.3333333333333333
NDRG3,1.2723168,0.35468197,0.20326059499213078,1.0,0.38095238095238093
CES2,1.2716014,0.4623686,0.20351475037762778,1.0,0.34523809523809523
ARL15,1.271363,0.9988125,0.20359952022953764,1.0,0.16666666666666666
ING5,1.2703753,0.63373953,0.20395098343275253,1.0,0.23809523809523808
EIF1AX,1.270205,0.17965607,0.2040116251338182,1.0,0.9523809523809523
ATE1,1.2675482,0.5954762,0.20495933507372865,1.0,0.2857142857142857
UBFD1,1.2671055,0.49297112,0.20511759742664715,1.0,0.32142857142857145
PSMD8,1.2647212,0.15157512,0.20597130656660168,1.0,0.8095238095238095
MRPL38,1.2640059,0.45449138,0.20622792192395756,1.0,0.35714285714285715
C4orf33,1.2631203,1.5998154,0.20654595777867402,1.0,0.13095238095238096
COQ5,1.2617238,0.7207413,0.20704819914644557,1.0,0.2261904761904762
RNF149,1.2604295,0.24087495,0.20751448202003475,1.0,0.5952380952380952
RPUSD3,1.2603272,0.49916735,0.20755132624422368,1.0,0.3333333333333333
HMGA1,1.2584879,0.10780926,0.20821533393831615,1.0,0.9642857142857143
AEBP2,1.2580111,0.5418386,0.2083877352147302,1.0,0.2976190476190476
ZC3H15,1.2576364,0.26034412,0.20852326593450177,1.0,0.7619047619047619
MFN1,1.2573639,0.43213597,0.20862187385129582,1.0,0.35714285714285715
POLR2J3,1.2570574,0.30207807,0.2087328481481724,1.0,0.5357142857142857
ITGB5,1.2560356,0.39514223,0.20910307141557083,1.0,0.42857142857142855
SMAD1,1.2558993,0.2718801,0.20915247043746477,1.0,0.5714285714285714
PELO,1.2550819,0.64584285,0.20944904210753612,1.0,0.25
MARS,1.2533448,0.3870239,0.21008026786596778,1.0,0.38095238095238093
DPH3,1.2516418,0.32408822,0.21070045224473977,1.0,0.4523809523809524
AFAP1,1.2513692,0.2558665,0.2107998045305578,1.0,0.5714285714285714
ZC3H7A,1.2510967,0.3889491,0.21089919069965957,1.0,0.35714285714285715
FERMT2,1.2471797,0.2978696,0.21233161375830056,1.0,0.5119047619047619
CARS,1.2459195,0.3494395,0.21279397126587007,1.0,0.4523809523809524
TRA2B,1.2436033,0.32599413,0.21364560435239222,1.0,0.4642857142857143
TMEM74B,1.2429221,0.64766634,0.21389655207090663,1.0,0.23809523809523808
UBE2W,1.242854,0.3836814,0.21392165853298417,1.0,0.39285714285714285
BIN1,1.2412531,0.46107906,0.21451227247885074,1.0,0.35714285714285715
ADA,1.2401291,0.22475763,0.21492766080585224,1.0,0.5357142857142857
EIF1B,1.2371998,0.20360751,0.21601291126757283,1.0,0.5833333333333334
EIF3B,1.235088,0.20826524,0.21679774506739635,1.0,0.5595238095238095
RECQL,1.2331806,0.26558033,0.21750838892502233,1.0,0.5714285714285714
HTT,1.2296382,0.4460413,0.21883259710672387,1.0,0.2976190476190476
ISOC2,1.2291614,0.25837472,0.2190112971654048,1.0,0.5714285714285714
YTHDF1,1.2284461,0.5428399,0.21927954370823421,1.0,0.2976190476190476
NOL11,1.2281395,0.62098205,0.21939457869434198,1.0,0.2619047619047619
GTF3C3,1.227288,0.5789156,0.2197143476209369,1.0,0.32142857142857145
HRH1,1.2263002,0.40964973,0.22008569846358128,1.0,0.32142857142857145
ARID1A,1.2246313,0.27233636,0.22071417617053402,1.0,0.44047619047619047
UBAP2,1.2245291,0.37182245,0.22075269616159032,1.0,0.36904761904761907
DNAJC17,1.2239841,0.66214126,0.2209582175260102,1.0,0.25
KPNA1,1.2221448,0.35214472,0.22165286476766444,1.0,0.4523809523809524
PSMB4,1.2215998,0.21225065,0.22185898633191847,1.0,0.7142857142857143
INTS6,1.2201011,0.40028468,0.22242652852170242,1.0,0.38095238095238093
RTF1,1.2197605,0.22615747,0.22255566022455608,1.0,0.7857142857142857
MAPRE1,1.2191133,0.25124902,0.22280115830106662,1.0,0.5357142857142857
POLR2B,1.2187047,0.29747802,0.22295630954922574,1.0,0.5119047619047619
RHEB,1.218364,0.23029025,0.22308566130706586,1.0,0.6785714285714286
RPS15A,1.2180916,0.04896578,0.22318918137016763,1.0,1.0
BMPR2,1.2179893,0.18917793,0.223228010253527,1.0,0.6666666666666666
ANK3,1.2166269,0.40165508,0.22374619058249268,1.0,0.38095238095238093
HERPUD2,1.2166269,0.7241431,0.22374619058249268,1.0,0.25
FERMT3,1.2165247,0.16809405,0.22378508875564018,1.0,0.6785714285714286
TRAPPC1,1.2164226,0.16648187,0.2238239917644561,1.0,0.9166666666666666
PSMC6,1.2157414,0.29244792,0.2240834687491433,1.0,0.47619047619047616
PGRMC2,1.214958,0.32374096,0.2243821330601955,1.0,0.42857142857142855
AP3D1,1.2130505,0.386923,0.2251105051371013,1.0,0.36904761904761907
LUC7L3,1.2122331,0.14444116,0.22542318103240244,1.0,0.6547619047619048
PLA2G4A,1.2100532,0.6211515,0.22625849925324615,1.0,0.21428571428571427
FLOT1,1.2092357,0.23502412,0.22657231230228103,1.0,0.6071428571428571
SHTN1,1.2079073,0.32477182,0.22708292049003898,1.0,0.42857142857142855
NR2F1-AS1,1.2076348,0.43987188,0.22718776196696144,1.0,0.2976190476190476
CPSF4,1.2074645,1.0339516,0.22725330541213618,1.0,0.16666666666666666
ATP6V1B2,1.2062383,0.4831019,0.22772561618771414,1.0,0.30952380952380953
LAS1L,1.2058977,0.63967013,0.22785693768122794,1.0,0.2261904761904762
MARCH7,1.2057614,0.3881311,0.2279094813843211,1.0,0.38095238095238093
ZNF544,1.2054889,0.6125105,0.228014594688407,1.0,0.21428571428571427
RIOK1,1.2051142,0.5232313,0.22815918186894923,1.0,0.30952380952380953
SSU72,1.2048078,0.28194484,0.2282775290403416,1.0,0.6309523809523809
RUNX1,1.2044331,0.7388696,0.22842223495326242,1.0,0.21428571428571427
MRPL55,1.2037518,0.36741784,0.22868550395732323,1.0,0.42857142857142855
SPAG7,1.2033432,0.28891566,0.22884356902410707,1.0,0.5952380952380952
KDM5A,1.2014357,0.22437754,0.22958223438953906,1.0,0.5833333333333334
TMPO,1.2008567,0.30954012,0.22980680735367187,1.0,0.5357142857142857
LINC00685,1.2005842,0.5471725,0.22991254279816142,1.0,0.27380952380952384
MSRA,1.1997668,0.6546591,0.23022995672457947,1.0,0.20238095238095238
TRAPPC9,1.1992217,0.6977026,0.23044173903757226,1.0,0.21428571428571427
USO1,1.198268,0.2623866,0.23081269125965231,1.0,0.5
RICTOR,1.1966331,0.49485517,0.23144959627211503,1.0,0.32142857142857145
PAXBP1,1.1949981,0.3148942,0.23208774855277725,1.0,0.36904761904761907
RER1,1.1940445,0.1936414,0.23246058033709505,1.0,0.7023809523809523
DYRK1A,1.1936357,0.7009197,0.23262049542361318,1.0,0.20238095238095238
KXD1,1.1923414,0.30443156,0.23312740808613353,1.0,0.47619047619047616
OAT,1.1923074,0.32283154,0.2331407584639792,1.0,0.4880952380952381
MANBAL,1.1917623,0.31933543,0.23335443825131397,1.0,0.42857142857142855
PYROXD1,1.1913877,0.6021797,0.23350142363368898,1.0,0.21428571428571427
TMEM161B-AS1,1.1912174,0.47512734,0.23356825686511073,1.0,0.34523809523809523
NAT9,1.1908087,0.95583755,0.2337287119463578,1.0,0.19047619047619047
BICD2,1.1895143,0.53030866,0.2342373351062036,1.0,0.25
AASDH,1.1894121,0.54944146,0.23427752293875526,1.0,0.25
SERINC3,1.1886969,0.21617717,0.23455897454632757,1.0,0.7619047619047619
SH3KBP1,1.1847117,0.20226423,0.2361314463408023,1.0,0.6428571428571429
TRIM52,1.1845415,1.0579351,0.23619881172145585,1.0,0.15476190476190477
ZNRD2,1.1832471,0.31717956,0.23671123283257334,1.0,0.42857142857142855
PDCD7,1.1828724,0.31434682,0.23685971182212795,1.0,0.42857142857142855
DMAC1,1.1827703,0.22403738,0.2369002175147542,1.0,0.6190476190476191
MIR217HG,1.1823274,0.25142816,0.23707579875844875,1.0,0.7023809523809523
MINCR,1.180999,0.41629946,0.23760309421798986,1.0,0.34523809523809523
TMCC3,1.1805904,0.39910823,0.237765505513293,1.0,0.2976190476190476
C9orf16,1.1805563,0.1668442,0.23777904332618305,1.0,0.9047619047619048
ZKSCAN1,1.1801475,0.19922169,0.23794153954426323,1.0,0.6428571428571429
PRELID3B,1.1785467,0.31330582,0.23857873805018803,1.0,0.47619047619047616
GATA2-AS1,1.1776952,0.4530778,0.2389181636537968,1.0,0.27380952380952384
CRLS1,1.1757877,0.3005262,0.2396797129718684,1.0,0.4523809523809524
DNASE2,1.1756175,0.4306211,0.23974779157943205,1.0,0.3333333333333333
CTDSPL2,1.1754471,0.5548643,0.2398158838186415,1.0,0.2619047619047619
DNAJC21,1.1744593,0.20723328,0.2402110876607395,1.0,0.6547619047619048
CHAMP1,1.1740847,0.7480076,0.2403611125619316,1.0,0.2261904761904762
PFDN4,1.1737441,0.19784264,0.24049755611685553,1.0,0.7023809523809523
MOK,1.1728926,1.4047054,0.24083890371559313,1.0,0.13095238095238096
ACOT13,1.1727222,0.2755522,0.24090721416326777,1.0,0.5476190476190477
TM9SF2,1.1716664,0.25271794,0.24133104351013523,1.0,0.6071428571428571
NAA10,1.1693842,0.16907457,0.2422488543918464,1.0,0.7619047619047619
RPS27A,1.167034,0.029279714,0.2431966261190488,1.0,1.0
ETFDH,1.166966,0.60243624,0.2432241365736798,1.0,0.23809523809523808
PYM1,1.1661825,0.49910155,0.24354066400870777,1.0,0.2857142857142857
SNX12,1.1658419,0.7181892,0.2436783748667395,1.0,0.20238095238095238
CALD1,1.1656035,0.10766822,0.24377480501088855,1.0,0.9166666666666666
NANS,1.1638664,0.26940578,0.2444781766207158,1.0,0.4880952380952381
SLC50A1,1.1638323,0.26155043,0.24449198244790182,1.0,0.4880952380952381
AL353138.1,1.1633555,0.45588958,0.24468532149681066,1.0,0.2857142857142857
PROS1,1.1631851,0.5304358,0.24475439715649727,1.0,0.23809523809523808
CLPB,1.163083,0.2804329,0.24479584912106767,1.0,0.35714285714285715
ABHD5,1.1624699,0.38485616,0.2450446643756936,1.0,0.42857142857142855
PFKFB3,1.1621633,1.0338343,0.24516913852449518,1.0,0.15476190476190477
RTRAF,1.1606987,0.12850201,0.2457644606004844,1.0,0.8214285714285714
DFFA,1.1605965,0.28102687,0.2458060324925928,1.0,0.4880952380952381
INF2,1.1603922,0.6301689,0.24588919106829732,1.0,0.2261904761904762
KIAA2026,1.1585529,0.37914756,0.2466385059281354,1.0,0.32142857142857145
NFS1,1.1584166,0.67076623,0.2466940743084527,1.0,0.2619047619047619
TWISTNB,1.1577353,0.38211763,0.2469720477808116,1.0,0.44047619047619047
OXR1,1.157531,0.2802454,0.24705548258731036,1.0,0.5
SRSF9,1.1568497,0.110611774,0.24733374118015328,1.0,0.8690476190476191
CCNA1,1.1567817,0.9353834,0.24736157910427659,1.0,0.14285714285714285
TTC28,1.1564411,0.48687938,0.24750080163249866,1.0,0.23809523809523808
CPSF2,1.1562707,0.2713466,0.24757043346502117,1.0,0.47619047619047616
PLGRKT,1.1555214,0.32372272,0.2478769764498836,1.0,0.36904761904761907
ASB9,1.1549424,0.3516708,0.2481140324479687,1.0,0.30952380952380953
POLR3E,1.1533755,0.75940895,0.2487562732879115,1.0,0.19047619047619047
ENOPH1,1.1526603,0.45747602,0.24904985637346067,1.0,0.2976190476190476
YRDC,1.1522175,0.54906386,0.2492317196311804,1.0,0.2261904761904762
RPL36,1.1509572,0.034865107,0.2497498384610234,1.0,1.0
ACTG1,1.1507869,0.09639021,0.24981991219638267,1.0,1.0
LAMA5,1.1506506,0.20979123,0.24987598107366105,1.0,0.75
PLPP1,1.1494926,0.63603264,0.25035292148416766,1.0,0.2619047619047619
TOMM22,1.1488454,0.21599354,0.2506197237129254,1.0,0.7261904761904762
MRPL41,1.1470742,0.15629007,0.25135093411778253,1.0,0.8928571428571429
TRAPPC2L,1.1464611,0.35586956,0.2516043918487608,1.0,0.5119047619047619
ARHGEF3,1.1456437,0.3860342,0.251942612721059,1.0,0.36904761904761907
TGFB1I1,1.1447581,0.1645183,0.2523093762814904,1.0,0.6190476190476191
BCL2L1,1.1424079,0.27655762,0.25328451421395315,1.0,0.5238095238095238
LRPPRC,1.1422375,0.20072816,0.2533552782343016,1.0,0.5833333333333334
GFM2,1.1416926,0.7688473,0.2535818156167384,1.0,0.21428571428571427
PSENEN,1.1411817,0.26131344,0.25379432246406664,1.0,0.4642857142857143
GRPEL1,1.1392403,0.20995894,0.25460297893882167,1.0,0.5714285714285714
DDX3X,1.139104,0.19417123,0.25465979398716765,1.0,0.7023809523809523
LY96,1.1371624,0.19399936,0.25547036672574464,1.0,0.7142857142857143
SERPINB6,1.1364813,0.15989581,0.255755202755204,1.0,0.8571428571428571
GPANK1,1.1347442,0.6480548,0.25648253322922576,1.0,0.20238095238095238
PTGR1,1.1339607,0.34947547,0.2568110145167123,1.0,0.4523809523809524
NME3,1.1337223,0.19022068,0.25691104502550755,1.0,0.7380952380952381
OCIAD2,1.132394,0.26296973,0.2574688529569189,1.0,0.6547619047619048
TIPARP,1.1308271,0.4021404,0.2581278595992441,1.0,0.40476190476190477
RPL26L1,1.1303163,0.2589403,0.25834300572257307,1.0,0.5833333333333334
ZNF706,1.1300778,0.15064415,0.2584434497779111,1.0,0.9047619047619048
KRT8,1.1298734,0.18742847,0.25852956622590284,1.0,0.8214285714285714
WBP1L,1.1294987,0.8118234,0.25868749803296187,1.0,0.17857142857142858
CTNNA1,1.1293625,0.20802589,0.25874494435491435,1.0,0.8452380952380952
C12orf73,1.1269101,0.7252284,0.25978049005560433,1.0,0.23809523809523808
GAS2L1,1.1262629,0.3181795,0.260054236904557,1.0,0.39285714285714285
POLR2I,1.1249005,0.1343536,0.2606311985269506,1.0,0.7380952380952381
TRIM37,1.124594,0.40243727,0.2607611368371322,1.0,0.38095238095238093
LINC01235,1.1237764,0.8859166,0.2611078580439622,1.0,0.17857142857142858
RB1,1.1231294,0.39332116,0.2613825716580088,1.0,0.38095238095238093
NSMAF,1.1230953,0.43577966,0.26139703580215967,1.0,0.2857142857142857
SNRPD1,1.1226184,0.18342939,0.26159959192078497,1.0,0.8690476190476191
SDAD1,1.1193826,0.3559029,0.2629769456034242,1.0,0.36904761904761907
OS9,1.1191783,0.22335161,0.26306410412232495,1.0,0.5714285714285714
ARPP19,1.118497,0.20268755,0.2633547765160299,1.0,0.7380952380952381
NDUFC1,1.1182245,0.18231823,0.2634711075085362,1.0,0.8928571428571429
RPGRIP1L,1.1181564,0.49791557,0.26350019579592765,1.0,0.23809523809523808
UBL7-AS1,1.1172708,1.3572958,0.2638785451796908,1.0,0.11904761904761904
FTL,1.1163511,0.07014994,0.2642718428885755,1.0,1.0
FOXP4,1.1156018,1.0234555,0.26459260637991877,1.0,0.15476190476190477
HNRNPAB,1.1147844,0.171084,0.26494283613999847,1.0,0.9285714285714286
CNIH4,1.1143416,0.24612689,0.2651326772456838,1.0,0.6785714285714286
MEGF8,1.1114464,0.5241632,0.266376255535516,1.0,0.23809523809523808
HOOK3,1.1110036,0.18985789,0.2665668031786155,1.0,0.6904761904761905
PRR12,1.1107992,0.5977711,0.266654779868037,1.0,0.25
GNG5,1.1102202,0.06457823,0.2669041556267018,1.0,0.8928571428571429
BORCS7,1.1096752,0.5141481,0.2671390087154786,1.0,0.2857142857142857
LMBR1,1.1081425,0.43758956,0.2678002947622907,1.0,0.2857142857142857
NDUFS5,1.1060648,0.09815338,0.26869849955822855,1.0,1.0
RBM42,1.1059966,0.46879548,0.2687279838794393,1.0,0.3333333333333333
NEK7,1.1044979,0.49074012,0.2693772010435086,1.0,0.2619047619047619
ZFAND5,1.103476,0.21899635,0.26982046574614416,1.0,0.5714285714285714
CPSF3,1.1031014,0.56457156,0.2699831214327263,1.0,0.23809523809523808
SAFB2,1.1018752,0.54458594,0.27051591928207874,1.0,0.2619047619047619
COMMD6,1.1001381,0.17044331,0.27127194939023513,1.0,0.9761904761904762
WDR11,1.0993887,0.39814302,0.271598526479886,1.0,0.39285714285714285
ZMAT5,1.0979241,0.5019368,0.27223761342804786,1.0,0.2261904761904762
BRI3,1.0968342,0.12614082,0.27271388050349776,1.0,0.9523809523809523
PABPN1,1.0963233,0.2439875,0.27293732680654237,1.0,0.6666666666666666
SF1,1.0961189,0.21364866,0.27302674038136554,1.0,0.6190476190476191
NENF,1.0937687,0.18785508,0.2740564364629463,1.0,0.6904761904761905
LENG8,1.0936325,0.27269632,0.27411621025320076,1.0,0.4166666666666667
SNAPC3,1.0920316,0.2889641,0.2748192195386725,1.0,0.36904761904761907
ST6GALNAC4,1.091691,0.26175255,0.2749689546721259,1.0,0.40476190476190477
TWF1,1.0898516,0.37044513,0.27577848676699557,1.0,0.4642857142857143
RPS19,1.0893748,0.03190568,0.27598863059754797,1.0,1.0
EPS15,1.087808,0.33015049,0.27667987203591027,1.0,0.38095238095238093
VPS50,1.0877059,1.0798807,0.27672499395400574,1.0,0.14285714285714285
NTAN1,1.0874674,0.22384307,0.27683029793390734,1.0,0.4642857142857143
FASTKD3,1.0865136,0.8781691,0.2772517869341141,1.0,0.13095238095238096
NPM3,1.0862412,0.25702283,0.27737229262154606,1.0,0.5714285714285714
NOP16,1.0853556,0.31876695,0.2777641824844065,1.0,0.39285714285714285
ZDHHC24,1.0827329,0.35639268,0.278926990282759,1.0,0.36904761904761907
PLSCR1,1.0824945,0.6837151,0.27903286403042893,1.0,0.17857142857142858
B4GALT7,1.080008,0.48799503,0.28013860475722496,1.0,0.27380952380952384
IFT27,1.0796334,0.5033757,0.2803054809698452,1.0,0.27380952380952384
ALS2,1.0793608,0.70581424,0.28042688789489856,1.0,0.21428571428571427
KLF3,1.0791224,0.3850656,0.28053314824980524,1.0,0.3333333333333333
CCDC90B,1.0771128,0.32485917,0.28142985782377294,1.0,0.4523809523809524
SCAND1,1.076091,0.1390493,0.2818865570038088,1.0,0.75
SEPTIN6,1.0748308,0.19441721,0.2824505113264161,1.0,0.5952380952380952
SRSF11,1.0746604,0.16811205,0.28252677999746867,1.0,0.7619047619047619
BTN3A1,1.0745242,0.83345675,0.2825878049854921,1.0,0.15476190476190477
DNAJB11,1.0742857,0.3520076,0.2826946202134555,1.0,0.44047619047619047
RPL12,1.0731277,0.054112602,0.28321382627772307,1.0,1.0
PRKRIP1,1.0728211,0.49660584,0.2833513712467496,1.0,0.25
CEMIP2,1.0725147,0.26947722,0.28348896145801517,1.0,0.38095238095238093
FRG1,1.0724806,0.23098578,0.2835042520520823,1.0,0.40476190476190477
THUMPD1,1.0723443,0.48662207,0.2835654200141067,1.0,0.32142857142857145
MDM1,1.0723102,0.8109855,0.28358071340106505,1.0,0.14285714285714285
PSTPIP2,1.0720377,0.8997993,0.28370308060605687,1.0,0.16666666666666666
SPSB3,1.070505,0.43618226,0.2843920623122399,1.0,0.2619047619047619
KCTD1,1.0704368,0.43012685,0.28442270997974084,1.0,0.30952380952380953
PPP2R2D,1.0695173,0.66037697,0.28483667224246767,1.0,0.25
PMPCA,1.0682229,0.3190122,0.28541997592708,1.0,0.35714285714285715
PCED1A,1.0668604,0.3038618,0.28603485168668097,1.0,0.34523809523809523
NPRL2,1.0667583,1.029352,0.286081003421935,1.0,0.16666666666666666
IWS1,1.0664517,0.370933,0.28621948881415704,1.0,0.35714285714285715
DNAAF5,1.0656002,0.56678843,0.2866044080506851,1.0,0.2261904761904762
SCCPDH,1.0654299,0.2745654,0.2866814338282736,1.0,0.4166666666666667
CYB5R4,1.0647827,1.067039,0.2869742592601826,1.0,0.16666666666666666
CXCL1,1.06434,0.79044724,0.2871747298041024,1.0,0.16666666666666666
HACL1,1.0633181,0.5825224,0.28763771481300293,1.0,0.20238095238095238
RTN3,1.06325,0.2225627,0.28766859837543846,1.0,0.5952380952380952
ROBO4,1.0625006,0.17427471,0.28800846520855317,1.0,0.6785714285714286
LARP6,1.0617512,0.37650412,0.28834860274380336,1.0,0.38095238095238093
JADE3,1.0617173,1.2363782,0.28836406997322994,1.0,0.11904761904761904
BAZ2A,1.0612404,0.22481555,0.2885806699184946,1.0,0.44047619047619047
ATXN7L1,1.0595033,1.312469,0.28937063980562605,1.0,0.11904761904761904
PTPRG,1.0592308,0.4081073,0.2894946886853136,1.0,0.34523809523809523
MRPL9,1.0585495,0.35753557,0.28980496755209517,1.0,0.44047619047619047
AGTPBP1,1.0581409,0.7540073,0.28999124230693374,1.0,0.19047619047619047
RNASE1,1.0581068,0.3249203,0.29000676884043963,1.0,0.39285714285714285
EPB41L1,1.0578002,0.95561075,0.2901465328238044,1.0,0.14285714285714285
COX6A1,1.0571871,0.061397262,0.2904261967771635,1.0,0.9285714285714286
RAB5IF,1.0555862,0.17864983,0.2911572853261337,1.0,0.7619047619047619
AURKAIP1,1.0555522,0.13824949,0.29117285383478486,1.0,0.8571428571428571
CUL3,1.0555182,0.3561884,0.29118842290318436,1.0,0.42857142857142855
NFIB,1.0552797,0.10338278,0.29129742205510145,1.0,0.9166666666666666
VPS13B-DT,1.0545645,0.8759672,0.2916245840844539,1.0,0.15476190476190477
RPS28,1.0524186,0.058039114,0.29260755149726636,1.0,1.0
ABLIM1,1.0510902,0.46237034,0.29321716880829174,1.0,0.2857142857142857
PWWP3A,1.04656,0.2623904,0.29530252618544117,1.0,0.42857142857142855
CCT6A,1.0463898,0.16642646,0.29538111633932673,1.0,0.8214285714285714
NUP188,1.0463216,0.6584888,0.2954125563226784,1.0,0.17857142857142858
PAK1,1.0460491,0.43655425,0.29553833866670076,1.0,0.2857142857142857
GSTO1,1.0455382,0.14675857,0.29577427720999816,1.0,0.8690476190476191
FAM133B,1.0455042,0.20018354,0.2957900109285654,1.0,0.6309523809523809
MANEA,1.0444824,0.36289197,0.2962622830341165,1.0,0.32142857142857145
TMA16,1.0424047,0.32088965,0.29722412495674655,1.0,0.4642857142857143
ARFIP1,1.04094,0.39241183,0.29790339782267294,1.0,0.2976190476190476
COL8A1,1.0402929,0.72705346,0.29820387178589847,1.0,0.17857142857142858
NDUFB2,1.0397478,0.12659508,0.29845705944492273,1.0,0.9880952380952381
MTRF1L,1.0388963,0.3640646,0.2988529524578123,1.0,0.34523809523809523
ZBTB20,1.0382152,0.33218667,0.2991699191411996,1.0,0.35714285714285715
PITPNA,1.0379426,0.25608072,0.2992967686053901,1.0,0.47619047619047616
TDP2,1.0379086,0.4420513,0.29931262731132235,1.0,0.2261904761904762
ZC3H18,1.0371933,0.29826185,0.2996457896484742,1.0,0.3333333333333333
OST4,1.0366143,0.08945809,0.29991567359206817,1.0,0.9880952380952381
BGN,1.0362736,0.68211097,0.30007450454763374,1.0,0.21428571428571427
RPS3,1.0361373,0.024930412,0.30013805262988313,1.0,1.0
ANKRD42,1.0357287,0.7366011,0.3003287507064133,1.0,0.16666666666666666
TST,1.0340255,0.4151957,0.3011241951974708,1.0,0.2857142857142857
UCHL3,1.0340255,0.23422873,0.3011241951974708,1.0,0.44047619047619047
PA2G4,1.0340255,0.12387553,0.3011241951974708,1.0,0.9761904761904762
MRPL45,1.0338212,0.4607699,0.30121974274844243,1.0,0.2976190476190476
IMP3,1.0331401,0.34964055,0.3015383803978273,1.0,0.38095238095238093
ADIPOR1,1.0324929,0.31477308,0.3018412939549723,1.0,0.36904761904761907
UQCR11,1.0320841,0.07571479,0.30203271210018967,1.0,0.9880952380952381
MRPL15,1.0320841,0.18566564,0.30203271210018967,1.0,0.5595238095238095
PML,1.0316073,0.43024692,0.3022561353491482,1.0,0.36904761904761907
FBLIM1,1.0315051,0.19026431,0.30230402606228834,1.0,0.5952380952380952
PPIC,1.0315051,0.17273305,0.30230402606228834,1.0,0.8571428571428571
NFKB1,1.0305173,0.41607648,0.30276722988317684,1.0,0.35714285714285715
QRSL1,1.0303811,0.5571634,0.30283115708610986,1.0,0.21428571428571427
TTLL1,1.0302448,0.61314666,0.302895093263996,1.0,0.21428571428571427
PPDPF,1.0295635,0.11378662,0.30321490878026636,1.0,0.9880952380952381
AC010457.1,1.0289505,2.241442,0.3035029345935276,1.0,0.08333333333333333
RABL3,1.0280309,0.62352234,0.30393531411162666,1.0,0.21428571428571427
SCOC,1.0273156,0.23935147,0.3042718920405558,1.0,0.5357142857142857
SNRNP40,1.0272133,0.37114757,0.3043199947987735,1.0,0.4166666666666667
ATP5F1A,1.0269749,0.12479435,0.3044322542042377,1.0,0.9166666666666666
NUP93,1.0256807,0.43420327,0.30504214210565495,1.0,0.2261904761904762
RPL17,1.0251356,0.037279356,0.3052991793951172,1.0,1.0
GNG11,1.0249654,0.1420897,0.305379533005416,1.0,0.9761904761904762
SORBS2,1.0245907,0.2162922,0.3055563603250778,1.0,0.4523809523809524
PLPBP,1.02425,0.27290788,0.30571717135045584,1.0,0.4642857142857143
TM2D2,1.023671,0.2514202,0.3059906788711162,1.0,0.39285714285714285
SQOR,1.023092,0.497494,0.3062643485598855,1.0,0.23809523809523808
SLC35A2,1.0226492,1.0408208,0.30647373480480067,1.0,0.14285714285714285
OSBPL5,1.0224789,1.0496835,0.30655429322809125,1.0,0.14285714285714285
LINC00205,1.0223086,0.33993393,0.30663486568052867,1.0,0.2857142857142857
BICD1,1.0217296,0.58482367,0.30690891695825384,1.0,0.27380952380952384
PRICKLE2,1.020265,0.9447653,0.30760282942096806,1.0,0.13095238095238096
SF3A3,1.019209,0.3077671,0.3081037356079298,1.0,0.39285714285714285
HECTD3,1.0176762,0.69765085,0.30883181722087694,1.0,0.15476190476190477
USP7,1.0159732,0.3811985,0.30964212981636763,1.0,0.32142857142857145
MBNL1,1.0157007,0.17141098,0.3097719100523706,1.0,0.6904761904761905
LGR4,1.0155305,0.53320616,0.3098530409424197,1.0,0.25
PCBP1,1.0150195,0.14224118,0.31009651780976555,1.0,0.8214285714285714
GTF2I,1.0149515,0.16338295,0.31012899093449997,1.0,0.8333333333333334
RIDA,1.0144745,0.34731877,0.3103563656760172,1.0,0.30952380952380953
AL358781.1,1.0135208,2.2191877,0.3108114452227756,1.0,0.08333333333333333
DEDD,1.0134528,0.65967417,0.3108439677449084,1.0,0.17857142857142858
MARVELD2,1.012499,2.264669,0.3112995188220291,1.0,0.08333333333333333
MRPL18,1.0122947,0.34717807,0.31139719416834877,1.0,0.5
ARFGEF2,1.0114772,0.21201214,0.31178809764526405,1.0,0.4166666666666667
LRRC58,1.0110003,0.3800999,0.312016273998482,1.0,0.30952380952380953
EIF4G3,1.0104895,0.22209685,0.312260870762761,1.0,0.5357142857142857
RIN2,1.0064702,0.27851397,0.314189437267021,1.0,0.34523809523809523
ING4,1.0059934,0.50740325,0.3144187689887046,1.0,0.20238095238095238
ST6GALNAC6,1.0037794,0.6093997,0.3154849648843827,1.0,0.19047619047619047
VAMP2,1.0036091,0.17838928,0.3155670782045985,1.0,0.5833333333333334
FIS1,1.0010885,0.12486378,0.31678399644088884,1.0,0.8571428571428571
MIR181A1HG,1.0009183,0.6183387,0.3168663315314786,1.0,0.19047619047619047
TMEM126B,0.9999305,0.30201486,0.3173441518503439,1.0,0.44047619047619047
TMEM126A,0.9998624,0.2912797,0.31737712238065086,1.0,0.4642857142857143
COX5A,0.999658,0.16469187,0.31747604744630953,1.0,0.9166666666666666
AC025423.1,0.99962395,1.6502157,0.31749253692231827,1.0,0.09523809523809523
RPS8,0.9990449,0.026151484,0.31777294391589617,1.0,1.0
C2CD3,0.9988065,1.2413697,0.31788845278068256,1.0,0.10714285714285714
SNX17,0.9955366,0.28037193,0.31947535013566053,1.0,0.5119047619047619
NBL1,0.9939698,0.24387603,0.3202375721091253,1.0,0.4880952380952381
ST7-OT4,0.9935611,1.815953,0.3204366080013723,1.0,0.09523809523809523
CCDC32,0.9931864,0.44029605,0.3206191285894219,1.0,0.27380952380952384
UBASH3B,0.99294794,0.50376195,0.3207353134241073,1.0,0.25
PPA1,0.9926414,0.15378386,0.3208847343480311,1.0,0.9285714285714286
TXNDC17,0.9917899,0.1346027,0.32130003107158034,1.0,0.8690476190476191
CERS2,0.99172175,0.32694933,0.3213332699675835,1.0,0.30952380952380953
ENTPD5,0.99131304,0.82058257,0.3215327505018549,1.0,0.16666666666666666
PI4K2A,0.99110866,0.68007505,0.32163252108489226,1.0,0.17857142857142858
KRT10,0.99005276,0.2086387,0.3221483243934664,1.0,0.7023809523809523
FRMD8,0.9892694,0.9551236,0.3225313657956109,1.0,0.13095238095238096
UNC13B,0.9877707,0.83106565,0.32326496812526084,1.0,0.15476190476190477
AKAP11,0.9864423,0.3772627,0.32391611512097085,1.0,0.36904761904761907
ATF5,0.9852161,0.31803063,0.3245179317008092,1.0,0.30952380952380953
DPP9,0.9851139,0.38191143,0.32456811592028145,1.0,0.35714285714285715
POLD2,0.9848755,0.3279024,0.32468523207864064,1.0,0.5238095238095238
EIF3M,0.98433053,0.16713709,0.32495302943714033,1.0,0.7857142857142857
TNIK,0.9835812,0.3996249,0.32532148543165584,1.0,0.36904761904761907
RPS2,0.98327464,0.030212117,0.3254722957304761,1.0,1.0
EXD2,0.9821165,0.63153017,0.3260424338246375,1.0,0.19047619047619047
MRPL58,0.9821165,0.4387445,0.3260424338246375,1.0,0.2857142857142857
MIR100HG,0.9819803,0.37143946,0.3261095515513316,1.0,0.4166666666666667
ZFPL1,0.9816397,0.33581176,0.3262773851564509,1.0,0.2976190476190476
RFK,0.98037946,0.19401106,0.32689885750271463,1.0,0.5595238095238095
COX7B,0.980141,0.096123114,0.3270165197825575,1.0,0.9285714285714286
PCM1,0.9792895,0.16094583,0.32743696669852607,1.0,0.6309523809523809
ROCK1,0.9767349,0.1696203,0.32870041191321897,1.0,0.5952380952380952
EPHX1,0.9765987,0.43396118,0.32876788432158566,1.0,0.2976190476190476
SYNJ1,0.97632617,0.73959965,0.32890285607286573,1.0,0.14285714285714285
PATL1,0.9760196,0.4690329,0.32905474221950115,1.0,0.21428571428571427
CENPC,0.975679,0.40223932,0.32922355791121327,1.0,0.2261904761904762
PTGIR,0.9749637,0.7407396,0.3295782535048486,1.0,0.17857142857142858
SOCS2-AS1,0.9736013,0.9824533,0.3302545486847299,1.0,0.11904761904761904
ATP2C1,0.9732607,0.27829707,0.33042376274541485,1.0,0.39285714285714285
MRPL10,0.97292006,0.4528632,0.33059303291034725,1.0,0.25
SLC26A2,0.97285193,0.49190524,0.3306268936757518,1.0,0.2976190476190476
STAT6,0.9719663,0.47029915,0.3310672878378266,1.0,0.2619047619047619
CEP164,0.9716598,0.45784384,0.331219820329652,1.0,0.30952380952380953
NDUFC2,0.97121704,0.11246198,0.33144022526175587,1.0,0.8809523809523809
TBRG4,0.96968424,0.3833485,0.33220389747175627,1.0,0.2619047619047619
CLK4,0.9696502,0.8513952,0.3322208808670093,1.0,0.14285714285714285
IFITM3,0.96890086,0.107663654,0.3325946574745391,1.0,1.0
ZNF689,0.9676747,1.4332467,0.333206877495695,1.0,0.11904761904761904
HNRNPA1,0.9675044,0.07197653,0.33329196554310037,1.0,0.8571428571428571
DDIT4,0.9671978,0.2119824,0.33344515936176566,1.0,0.5238095238095238
CLN3,0.96699345,0.6679001,0.3335473138119255,1.0,0.20238095238095238
STX10,0.966176,0.3534887,0.3339561335082871,1.0,0.34523809523809523
FRMD4A,0.9660738,0.19892785,0.33400725868302306,1.0,0.5238095238095238
CLEC14A,0.9659716,0.15890007,0.3340583889049057,1.0,0.6547619047619048
GCLC,0.9651201,0.7302173,0.3344846703603854,1.0,0.17857142857142858
DCTN6,0.9638598,0.29081404,0.3351162100959858,1.0,0.4523809523809524
ACSS2,0.9634511,0.20324972,0.3353211986448502,1.0,0.5952380952380952
ZMYM6,0.9632467,0.9078412,0.3354237231966166,1.0,0.16666666666666666
LIMD2,0.9629061,0.80925405,0.3355946423038062,1.0,0.16666666666666666
TRMU,0.96249735,0.7789331,0.33579981924016544,1.0,0.16666666666666666
OSBPL11,0.96225893,0.7273955,0.33591954306964034,1.0,0.20238095238095238
ATP5PD,0.96208864,0.10682515,0.3360050769098609,1.0,0.8214285714285714
BCL7B,0.9611009,0.3248972,0.33650144956814676,1.0,0.27380952380952384
SPEN,0.96069217,0.18506311,0.3367069830574274,1.0,0.42857142857142855
CCDC71L,0.9604537,0.63934106,0.33682691487084193,1.0,0.20238095238095238
TBPL1,0.96001095,0.4608402,0.33704971825362473,1.0,0.27380952380952384
SDC4,0.9596022,0.45453355,0.3372554669954292,1.0,0.2261904761904762
ASRGL1,0.9587847,0.42956603,0.33766720662058547,1.0,0.2619047619047619
HMGXB4,0.95830786,0.35021925,0.33790753715795163,1.0,0.39285714285714285
ATP5F1D,0.95806944,0.073191226,0.33802774362060206,1.0,0.9642857142857143
NT5E,0.9575926,0.26726192,0.3382682389310402,1.0,0.6785714285714286
MARF1,0.95660484,0.72905564,0.33876675720748095,1.0,0.21428571428571427
IK,0.95640045,0.1443752,0.3388699577606149,1.0,0.6904761904761905
ZNF281,0.9554467,0.2800817,0.33935182706974687,1.0,0.34523809523809523
SYT1,0.9543568,0.30830726,0.3399030727535718,1.0,0.40476190476190477
ANGPT2,0.9541865,0.71807116,0.339989256717249,1.0,0.16666666666666666
IL15RA,0.9540843,0.5573599,0.3400409738184893,1.0,0.20238095238095238
ZNF268,0.9536415,0.76545507,0.3402651395221856,1.0,0.15476190476190477
C5orf24,0.95340306,0.19326,0.3403858833477188,1.0,0.6190476190476191
NME4,0.9531306,0.07380446,0.3405239099037548,1.0,0.8214285714285714
ATP5F1B,0.9526537,0.1092393,0.3407655426463563,1.0,0.9285714285714286
DICER1,0.95210874,0.30239156,0.3410418287926118,1.0,0.39285714285714285
COQ4,0.9511891,0.2977829,0.3415083868216062,1.0,0.4523809523809524
TINF2,0.95061004,0.538784,0.34180235505617973,1.0,0.20238095238095238
GRHPR,0.95003104,0.17725146,0.3420964851469721,1.0,0.5833333333333334
CYTL1,0.94982666,0.34300256,0.3422003344093384,1.0,0.5119047619047619
NMT1,0.9474424,0.18385361,0.3434133986542227,1.0,0.6071428571428571
IFRD2,0.9471699,0.26862812,0.34355220926063534,1.0,0.35714285714285715
COPZ1,0.9457053,0.21044493,0.34429893012325574,1.0,0.5476190476190477
PRKAR2A,0.94468343,0.19662704,0.34482051111803136,1.0,0.6071428571428571
TBC1D2B,0.94434285,0.5809558,0.3449944833923235,1.0,0.20238095238095238
FCGRT,0.943321,0.30293414,0.3455167360128135,1.0,0.36904761904761907
BAX,0.94311666,0.1431959,0.3456212469768326,1.0,0.9047619047619048
PSMB5,0.94243544,0.13610747,0.3459697623496045,1.0,0.8809523809523809
PTPN9,0.94216293,0.59979737,0.3461092311696419,1.0,0.20238095238095238
CRYL1,0.9418223,0.2484448,0.3462836175526758,1.0,0.4166666666666667
FNDC3A,0.9414136,0.19690247,0.3464929550676874,1.0,0.5357142857142857
SNRPB,0.9404258,0.082350805,0.3469991866679728,1.0,0.9166666666666666
EIF3D,0.9398127,0.16413173,0.3473136360224047,1.0,0.7738095238095238
STYX,0.93971056,0.38263282,0.34736606186881713,1.0,0.27380952380952384
ATP6V1F,0.93967646,0.15057017,0.3473835382696929,1.0,0.8333333333333334
HOXB2,0.9391996,0.54488665,0.34762826661421664,1.0,0.2261904761904762
PSAT1,0.9386887,0.19951595,0.3478905972092743,1.0,0.5833333333333334
FAM177A1,0.93828,0.12238604,0.34810055229162906,1.0,0.7142857142857143
ACAA2,0.9380756,0.19632675,0.34820556003347336,1.0,0.44047619047619047
PIN1,0.93773496,0.28711244,0.3483806176764598,1.0,0.5833333333333334
CASP3,0.9373944,0.39787516,0.34855573124221784,1.0,0.2976190476190476
RING1,0.9372922,0.5086362,0.3486082762165188,1.0,0.17857142857142858
PPP2R5C,0.93654287,0.27160153,0.3489937598025764,1.0,0.42857142857142855
TSEN34,0.9361682,0.21633068,0.34918660308137184,1.0,0.4166666666666667
SAP130,0.93603194,0.9860656,0.34925674468360635,1.0,0.13095238095238096
BRAP,0.9356913,0.9194013,0.3494321378260822,1.0,0.15476190476190477
PPP1R12A,0.9354529,0.17841056,0.3495549462911186,1.0,0.5119047619047619
COMMD7,0.93504417,0.16314267,0.3497655388207287,1.0,0.6190476190476191
NECAP2,0.9348398,0.27929223,0.3498708652734198,1.0,0.34523809523809523
POLDIP3,0.9340564,0.64365685,0.3502748031018479,1.0,0.17857142857142858
TXNL4A,0.93303454,0.11387156,0.3508021228945766,1.0,0.7976190476190477
SPATA18,0.932183,0.63674086,0.3512419402856757,1.0,0.15476190476190477
RPS14,0.93184245,0.03225718,0.3514179650361874,1.0,1.0
RAB13,0.93180835,0.10954851,0.3514355705845902,1.0,0.8333333333333334
SLC25A32,0.93017346,0.3448514,0.3522812939838271,1.0,0.2857142857142857
LAGE3,0.9297647,0.200708,0.352492925959356,1.0,0.5476190476190477
CYREN,0.9287088,0.7403066,0.35304001420227216,1.0,0.16666666666666666
PDPN,0.9285385,0.71106523,0.35312830451132715,1.0,0.17857142857142858
ZNF282,0.9283682,0.938297,0.35321660878327577,1.0,0.11904761904761904
MRPL30,0.92806166,0.5594022,0.3533755916581469,1.0,0.21428571428571427
C18orf25,0.927721,0.69704634,0.3535522923520297,1.0,0.17857142857142858
ZNF292,0.92690355,0.2669792,0.35397660185850366,1.0,0.32142857142857145
AC147067.1,0.92652893,1.2262262,0.35417118453925733,1.0,0.11904761904761904
DGKZ,0.9256433,0.42194772,0.3546313757969912,1.0,0.30952380952380953
PKIG,0.92547303,0.15186188,0.3547199173833592,1.0,0.6547619047619048
TMED7,0.92526865,0.2786373,0.35482618570941693,1.0,0.4166666666666667
FAM120C,0.9246896,0.9061468,0.35512738843337743,1.0,0.13095238095238096
CREBRF,0.92462146,0.4011282,0.3551628346538125,1.0,0.2619047619047619
GOLGA2,0.9242809,0.16244894,0.3553400992464225,1.0,0.4880952380952381
PIGQ,0.92404246,0.9490614,0.35546421767146985,1.0,0.13095238095238096
RPP38,0.9234634,0.54753333,0.35576576198896537,1.0,0.2261904761904762
PPM1F,0.9209429,0.28350878,0.35708024552367945,1.0,0.42857142857142855
ZNF830,0.91934204,0.6788077,0.35791670653094254,1.0,0.19047619047619047
MRPL39,0.91930795,0.5401258,0.35793451695968825,1.0,0.21428571428571427
ELMO1,0.91825205,0.36794338,0.3584869168538819,1.0,0.2857142857142857
PLCG2,0.91808176,0.75139755,0.35857606379750573,1.0,0.15476190476190477
PCBP1-AS1,0.9158337,0.79243696,0.3597541097154854,1.0,0.14285714285714285
B3GNT5,0.91552716,0.5084608,0.3599149404729446,1.0,0.25
TMEM97,0.914301,0.34041357,0.3605587149202034,1.0,0.35714285714285715
CAVIN2,0.91334724,0.1687321,0.36105992765102946,1.0,0.8928571428571429
NBPF3,0.9130407,2.5333512,0.36122112450687927,1.0,0.07142857142857142
LINC00472,0.91256386,0.49522477,0.361471964861631,1.0,0.2261904761904762
JADE2,0.9123595,0.81305903,0.36157950129368077,1.0,0.14285714285714285
ECI1,0.91232544,0.22153336,0.3615974259819381,1.0,0.4642857142857143
CKAP4,0.9122233,0.07654188,0.3616512033887812,1.0,0.8452380952380952
RIPK1,0.91167825,0.5611185,0.36193810088754463,1.0,0.17857142857142858
ZNF433-AS1,0.91143984,0.3813956,0.36206366337839146,1.0,0.2261904761904762
NACC1,0.91041803,0.5123143,0.36260209741643923,1.0,0.20238095238095238
ESYT1,0.91038394,0.32000947,0.36262005384889984,1.0,0.3333333333333333
RPS13,0.9103158,0.028593674,0.3626559683842574,1.0,1.0
ZFR,0.90943027,0.24176486,0.363123060010891,1.0,0.5
LRRC42,0.9079997,0.60208154,0.36387838759670077,1.0,0.17857142857142858
ANO4,0.9077272,0.6665127,0.36402237083809996,1.0,0.14285714285714285
COX11,0.9072844,0.3546153,0.36425641957098087,1.0,0.2976190476190476
GPALPP1,0.90636474,0.3385657,0.36474282127681046,1.0,0.30952380952380953
TMEM14A,0.90602416,0.21999042,0.3649230729914239,1.0,0.4642857142857143
HDGFL2,0.90575165,0.26229697,0.3650673144201465,1.0,0.3333333333333333
TUBA1C,0.90486604,0.14187142,0.3655363449448048,1.0,0.7738095238095238
EML4,0.9044233,0.38464865,0.3657710012122939,1.0,0.23809523809523808
CENPB,0.9038102,0.44109866,0.3660960650593199,1.0,0.2976190476190476
HSD17B10,0.90323114,0.32142472,0.36640323524346496,1.0,0.34523809523809523
COA5,0.90319705,0.29587615,0.36642130908231063,1.0,0.36904761904761907
TNPO1,0.90258396,0.17501949,0.36674673325881,1.0,0.7857142857142857
ATL3,0.90139186,0.31391075,0.3673800181229011,1.0,0.39285714285714285
MRTFA,0.9001656,1.1164035,0.36803210717974044,1.0,0.11904761904761904
COQ8A,0.90009755,1.1980892,0.36806835546711625,1.0,0.09523809523809523
CRELD2,0.8999272,0.21359968,0.36815898590974594,1.0,0.44047619047619047
SNRNP200,0.89945036,0.15004516,0.36841282504923034,1.0,0.5
TYMS,0.8993482,0.4010481,0.3684672333186193,1.0,0.2857142857142857
SNRPN,0.8993141,0.24609911,0.36848537051958874,1.0,0.4523809523809524
MTIF2,0.89900756,0.323871,0.36864863032892137,1.0,0.2976190476190476
FKBP5,0.898667,0.27704313,0.36883008289357666,1.0,0.44047619047619047
B4GAT1,0.898667,0.36105293,0.36883008289357666,1.0,0.2976190476190476
MBOAT2,0.8982923,0.74645376,0.36902974487514906,1.0,0.17857142857142858
WASHC2C,0.89771324,0.6233386,0.36933844558929685,1.0,0.15476190476190477
BBX,0.89727044,0.16140698,0.36957461914323075,1.0,0.6190476190476191
ZNRD1,0.89515865,0.25362068,0.37070227632243724,1.0,0.42857142857142855
PLOD1,0.89498836,0.19060352,0.3707933094064466,1.0,0.5595238095238095
TTYH3,0.8948862,0.32991946,0.37084793591757426,1.0,0.32142857142857145
ACOT8,0.89434123,0.35157818,0.37113936167428263,1.0,0.2619047619047619
MAFF,0.894239,0.30755237,0.3711940198210386,1.0,0.30952380952380953
GALK1,0.8936259,0.23440628,0.37152207358586653,1.0,0.4642857142857143
MARCKS,0.89342153,0.0725479,0.3716314647939766,1.0,0.9642857142857143
SNX8,0.8931831,0.525566,0.37175911311628407,1.0,0.17857142857142858
PRKG1,0.89291066,0.71675116,0.3719050302030762,1.0,0.15476190476190477
TCF15,0.89134383,0.16152212,0.37274474244388056,1.0,0.5952380952380952
TPD52L2,0.89124167,0.22816627,0.3727995470533044,1.0,0.4166666666666667
HHEX,0.89113945,0.24844907,0.3728543566540058,1.0,0.47619047619047616
ATG2B,0.89035606,0.6007475,0.37327472940142237,1.0,0.16666666666666666
AKIP1,0.8896067,0.30182955,0.37367709953748274,1.0,0.2619047619047619
NAGA,0.8895386,0.6651053,0.3737136919464803,1.0,0.17857142857142858
MILR1,0.888108,1.3311193,0.37448264471544257,1.0,0.10714285714285714
ZNF605,0.88780147,0.63849646,0.374647547504239,1.0,0.16666666666666666
PPT1,0.8866434,0.2031963,0.3752709186432309,1.0,0.4880952380952381
BFAR,0.886405,0.2390503,0.37539933926277924,1.0,0.42857142857142855
XPNPEP3,0.88606435,0.4917948,0.37558284437632405,1.0,0.23809523809523808
PPP5C,0.8840888,0.28386623,0.3766482661951107,1.0,0.36904761904761907
AC091729.3,0.88354385,0.782956,0.37694250345539915,1.0,0.14285714285714285
CSTF1,0.8835098,0.4961237,0.37696089798966714,1.0,0.2619047619047619
PRPS2,0.88313514,0.8667318,0.37716327440055397,1.0,0.15476190476190477
TMOD3,0.8828626,0.113487415,0.377310499311843,1.0,0.8809523809523809
SELENOI,0.8827945,0.42977032,0.37734731107446884,1.0,0.20238095238095238
SAMD9,0.882522,0.38253155,0.3774945802630556,1.0,0.25
MYLIP,0.88228357,0.49800944,0.3776234698578995,1.0,0.19047619047619047
TNKS,0.88170457,0.4098356,0.3779366003338508,1.0,0.3333333333333333
CSTF2T,0.8815002,0.7389304,0.37804715515201337,1.0,0.15476190476190477
DMAP1,0.88126177,0.5660651,0.3781761609474352,1.0,0.19047619047619047
PRKCSH,0.8806146,0.15198527,0.37852645618254244,1.0,0.6666666666666666
ADAMTS6,0.8805124,0.2599778,0.378581784211532,1.0,0.36904761904761907
C17orf58,0.8801718,0.41373575,0.37876624692837,1.0,0.23809523809523808
UPF2,0.87996745,0.25375056,0.378876951107314,1.0,0.35714285714285715
R3HCC1,0.8798993,0.3962638,0.37891385692487045,1.0,0.25
SAT2,0.87880933,0.18841936,0.3795046508417843,1.0,0.5714285714285714
RBM26,0.87714034,0.23148306,0.3804104012026105,1.0,0.4642857142857143
CIAPIN1,0.87673163,0.5601865,0.3806324199131782,1.0,0.30952380952380953
RPS6KA5,0.8764591,0.88278246,0.38078047659542746,1.0,0.13095238095238096
EXOC6,0.87628883,0.23012708,0.38087302998020556,1.0,0.36904761904761907
POP1,0.87550545,0.5620841,0.38129895345694265,1.0,0.14285714285714285
DARS,0.8749264,0.17569242,0.38161395428781353,1.0,0.5476190476190477
FRMD4B,0.8745517,0.15274161,0.3818178634159668,1.0,0.7261904761904762
MAPKBP1,0.8743474,0.4186718,0.38192911474345237,1.0,0.2261904761904762
HCG18,0.87278056,0.26022142,0.3827827019961775,1.0,0.36904761904761907
NACA,0.8723718,0.05525289,0.3830055690528391,1.0,1.0
COMT,0.87233776,0.11795605,0.38302414489537573,1.0,0.7023809523809523
SIKE1,0.8718609,0.3321144,0.38328426464303256,1.0,0.35714285714285715
ARMCX6,0.8716225,0.29602945,0.3834143650805776,1.0,0.32142857142857145
SCAMP1,0.8715544,0.16098414,0.38345154160079065,1.0,0.4642857142857143
WTAP,0.871384,0.22079581,0.383544492558234,1.0,0.42857142857142855
ATPAF2,0.87077093,0.8384296,0.3838792302235281,1.0,0.19047619047619047
DTX3L,0.87019193,0.5691263,0.3841955354858052,1.0,0.17857142857142858
MED21,0.86981726,0.33937794,0.38440028854780095,1.0,0.34523809523809523
AARSD1,0.8695107,0.321115,0.3845678634212719,1.0,0.2619047619047619
MPZL1,0.8684548,0.33100092,0.3851454076785146,1.0,0.40476190476190477
STAT1,0.86814827,0.23533581,0.38531318106788226,1.0,0.4880952380952381
GALC,0.8678076,0.4051039,0.38549964831857686,1.0,0.2261904761904762
RRS1,0.8676714,0.35490844,0.38557425065414497,1.0,0.27380952380952384
PSMB2,0.86620677,0.1287299,0.3863767827072573,1.0,0.75
CNPY3,0.8658321,0.30529532,0.3865822452677661,1.0,0.3333333333333333
RPL22,0.8656618,0.049616974,0.3866756593786552,1.0,1.0
SMIM20,0.8655596,0.3053934,0.38673171445615573,1.0,0.36904761904761907
DPY19L1,0.86508274,0.42456877,0.38699337037183257,1.0,0.2857142857142857
GTPBP4,0.8650487,0.16460663,0.38701206421140544,1.0,0.5119047619047619
CDC73,0.86429936,0.26351014,0.3874234680278257,1.0,0.40476190476190477
DERL1,0.86402684,0.2094649,0.38757313550170247,1.0,0.42857142857142855
MMADHC,0.8637884,0.21047789,0.3877041234504528,1.0,0.5595238095238095
HSPA1B,0.86320937,0.50596166,0.38802234936081936,1.0,0.25
RRP9,0.86297095,0.41627824,0.38815342980404655,1.0,0.16666666666666666
NUP54,0.86280066,0.29803234,0.3882470752064746,1.0,0.2261904761904762
THEM4,0.8622557,0.46668586,0.3885468329662267,1.0,0.21428571428571427
RPL9,0.8618469,0.033939734,0.3887717437477334,1.0,1.0
EIF4A1,0.8616085,0.11234549,0.3889029782987016,1.0,1.0
WDR7,0.8615404,0.8034018,0.3889404788370586,1.0,0.13095238095238096
CHD3,0.85966706,0.22412136,0.38997260599098604,1.0,0.5357142857142857
PLRG1,0.85966706,0.35724208,0.38997260599098604,1.0,0.25
NDUFB5,0.85810024,0.1330089,0.3908371171411301,1.0,0.6547619047619048
MPV17,0.85775965,0.16757807,0.39102520827419285,1.0,0.5357142857142857
HNRNPF,0.8563631,0.13003923,0.3917969564756927,1.0,0.6785714285714286
PRAG1,0.856295,0.41865057,0.3918346263557313,1.0,0.27380952380952384
GIPC3,0.85615873,1.6407673,0.39190997270810324,1.0,0.08333333333333333
SYCE1L,0.85615873,1.123616,0.39190997270810324,1.0,0.10714285714285714
MUL1,0.8553072,0.8918744,0.3923810865307916,1.0,0.13095238095238096
CINP,0.85520506,0.19998457,0.3924376432573894,1.0,0.5238095238095238
SLC2A1,0.8547963,0.6622666,0.3926639195878996,1.0,0.14285714285714285
CDIP1,0.85452384,0.7313763,0.39281481440384625,1.0,0.15476190476190477
MYO18A,0.8544216,1.0457618,0.3928714090194245,1.0,0.10714285714285714
FAHD2A,0.852923,0.4129861,0.3937020310038375,1.0,0.2261904761904762
NME6,0.8526164,0.4205846,0.3938720618552274,1.0,0.17857142857142858
MARK4,0.8514583,0.49489474,0.3945148017077017,1.0,0.19047619047619047
FAM120B,0.8506409,0.5286478,0.3949688822105655,1.0,0.16666666666666666
TRPV2,0.84907407,0.25356498,0.3958400859849093,1.0,0.39285714285714285
PGLS,0.8474051,0.11007962,0.3967693830693987,1.0,0.7976190476190477
ASB1,0.8468601,0.51182246,0.39707311190210703,1.0,0.2261904761904762
CTSL,0.84645134,0.14470518,0.3973010005402172,1.0,0.7976190476190477
RAB5C,0.8461448,0.16569181,0.39747196876916924,1.0,0.6428571428571429
ATP1A1,0.84600854,0.21829978,0.3975479688855458,1.0,0.5119047619047619
RGS19,0.8455658,0.6615855,0.39779502976435055,1.0,0.19047619047619047
CD93,0.8453614,0.08163988,0.39790908906796174,1.0,0.8214285714285714
C2orf74,0.8448505,0.7018402,0.39819432354204143,1.0,0.16666666666666666
NEK9,0.8447142,0.5313602,0.398270406867558,1.0,0.20238095238095238
TMEM101,0.84461206,0.3183103,0.3983274751083279,1.0,0.3333333333333333
EPHA4,0.844033,1.1208553,0.3986509548381296,1.0,0.10714285714285714
NAT10,0.84389675,0.49217007,0.39872709069800294,1.0,0.20238095238095238
LYSMD2,0.843454,0.255458,0.39897459269990165,1.0,0.2976190476190476
TCEA2,0.84267056,0.18500324,0.3994127073316719,1.0,0.5238095238095238
MSL3,0.8421597,0.24293274,0.39969859014086495,1.0,0.39285714285714285
NHLRC3,0.8419212,0.39451724,0.399832044224793,1.0,0.21428571428571427
MPDZ,0.84154654,0.2789478,0.4000418119149217,1.0,0.38095238095238093
SMIM4,0.84154654,0.20372666,0.4000418119149217,1.0,0.4880952380952381
TSPAN5,0.84035444,0.15780906,0.4007096946187747,1.0,0.6666666666666666
CLTA,0.8402522,0.10842971,0.4007669728607077,1.0,0.9166666666666666
C7orf61,0.83868545,0.48965725,0.4016458549870171,1.0,0.25
AP2S1,0.8375614,0.053779785,0.40227706933127894,1.0,0.9880952380952381
SNHG4,0.83752733,0.5585622,0.40229620632080276,1.0,0.19047619047619047
CMAS,0.8372549,0.31844613,0.4024493218899161,1.0,0.40476190476190477
CD27-AS1,0.8371186,0.65027213,0.4025258927757308,1.0,0.13095238095238096
DDX49,0.83701646,0.48392427,0.40258332667154384,1.0,0.20238095238095238
MTMR6,0.83691424,0.421708,0.4026407654798304,1.0,0.2976190476190476
ZNF131,0.8366077,0.328169,0.40281311137773457,1.0,0.2976190476190476
MTERF2,0.83647144,0.91383207,0.40288972374438226,1.0,0.11904761904761904
COQ6,0.83613086,0.7761813,0.40308129286073335,1.0,0.13095238095238096
MRPS36,0.8359265,0.17100127,0.40319626052250745,1.0,0.6190476190476191
CEBPD,0.83551776,0.3524717,0.4034262547712265,1.0,0.35714285714285715
DEDD2,0.83551776,0.89415056,0.4034262547712265,1.0,0.11904761904761904
AC073111.4,0.8342916,1.2833668,0.4041167088142974,1.0,0.08333333333333333
NOP53,0.83422345,0.13358232,0.4041550880963156,1.0,0.5952380952380952
MSH2,0.83313346,0.49262127,0.4047694532041318,1.0,0.19047619047619047
SUCLG2,0.83187324,0.24344358,0.4054805086180202,1.0,0.4523809523809524
KIAA1586,0.83149856,0.32076457,0.405692047316216,1.0,0.2261904761904762
TBC1D12,0.8312942,0.81751114,0.40580745984270195,1.0,0.13095238095238096
UROS,0.8311579,0.27333072,0.4058844124209694,1.0,0.36904761904761907
DCTN1,0.83081734,0.18331133,0.40607683199222155,1.0,0.47619047619047616
ZNF107,0.83081734,1.277576,0.40607683199222155,1.0,0.09523809523809523
COX5B,0.8296933,0.04383903,0.4067122029304642,1.0,0.9523809523809523
HIBADH,0.8292846,0.27597654,0.40694339390020573,1.0,0.42857142857142855
SSBP2,0.82870555,0.85267174,0.40727104860361607,1.0,0.11904761904761904
FAM98A,0.82846713,0.22858548,0.40740601095796103,1.0,0.4523809523809524
LYAR,0.82826275,0.24269587,0.4075217141965576,1.0,0.4166666666666667
TAF1,0.82826275,0.27460146,0.4075217141965576,1.0,0.23809523809523808
ITGAE,0.8279562,0.25891072,0.40769530577891466,1.0,0.40476190476190477
MYO9A,0.82679814,0.3264963,0.40835149382940106,1.0,0.27380952380952384
ASXL2,0.82679814,0.35424668,0.40835149382940106,1.0,0.27380952380952384
SLC38A7,0.82564,0.76100016,0.40900831047751407,1.0,0.14285714285714285
ZBTB33,0.82536757,0.8324966,0.4091629468942446,1.0,0.14285714285714285
ANKRD16,0.8249588,1.0041517,0.4093949667346829,1.0,0.10714285714285714
DCAF5,0.82448196,0.29480466,0.40966575544369466,1.0,0.27380952380952384
CORO1C,0.8241754,0.22496645,0.4098398901306567,1.0,0.42857142857142855
NEBL,0.82318765,1.0918758,0.41040129007615855,1.0,0.09523809523809523
CTDSP1,0.8220636,0.54788435,0.41104067998632055,1.0,0.19047619047619047
DNAJC19,0.8213824,0.17801711,0.41142847670777205,1.0,0.5
DIAPH2,0.82107586,0.35849935,0.41160305604838865,1.0,0.25
AC079922.2,0.8210077,1.222829,0.4116418574257441,1.0,0.09523809523809523
ARL5A,0.8209737,0.21702626,0.411661258928241,1.0,0.5119047619047619
ZNF169,0.8202584,1.090967,0.41206881579525023,1.0,0.09523809523809523
RNH1,0.8197475,0.089658566,0.4123600742901904,1.0,0.7142857142857143
SMARCD1,0.81831694,0.1182667,0.4131762470948177,1.0,0.5833333333333334
DCTN3,0.81749946,0.13146652,0.4136430608218027,1.0,0.6547619047619048
AC021491.2,0.81746536,1.557296,0.4136625181667296,1.0,0.08333333333333333
RPL37,0.81743133,0.04983651,0.4136819760534294,1.0,1.0
ACSF2,0.81732917,1.0855973,0.41374035296409006,1.0,0.09523809523809523
NUP98,0.81681824,0.36399448,0.41403231064861545,1.0,0.23809523809523808
IL17RA,0.8162392,0.98250365,0.41436334334644487,1.0,0.11904761904761904
TRRAP,0.8157964,0.51166356,0.4146165915926052,1.0,0.20238095238095238
TUBA1A,0.8154898,0.14337213,0.41479197090147857,1.0,0.8333333333333334
NDUFA5,0.8152174,0.1922279,0.41494790043148966,1.0,0.5833333333333334
PTGR2,0.8148086,0.92496365,0.41518185967832233,1.0,0.11904761904761904
PHLDB2,0.81474054,0.2905514,0.41522086046306006,1.0,0.3333333333333333
FAM107A,0.8141615,0.15265492,0.41555245452596545,1.0,0.5476190476190477
USP45,0.8139571,0.6194176,0.4156695250582856,1.0,0.17857142857142858
CDC42SE2,0.81368464,0.33953097,0.4158256493967346,1.0,0.25
LXN,0.8128331,0.11917295,0.4163137610711021,1.0,0.8452380952380952
RRP12,0.81222,0.5251739,0.4166654107502066,1.0,0.19047619047619047
RPL28,0.81222,0.031358894,0.4166654107502066,1.0,1.0
HDAC6,0.81218594,0.53241456,0.4166849519796244,1.0,0.16666666666666666
GTF3C4,0.8108916,0.3961607,0.4174279192072601,1.0,0.20238095238095238
RRAD,0.8106532,1.6620873,0.4175648667011821,1.0,0.07142857142857142
CCDC14,0.8106191,0.30553246,0.41758443278992996,1.0,0.2857142857142857
ZNF207,0.8103466,0.15476976,0.4177409809478204,1.0,0.6547619047619048
PDCD5,0.8099379,0.102622956,0.41797586800446895,1.0,0.8452380952380952
FAM189B,0.8097676,0.37683842,0.41807376056565926,1.0,0.32142857142857145
TADA3,0.808882,0.21851313,0.4185830194989981,1.0,0.34523809523809523
ATP5F1C,0.8087117,0.1465477,0.41868099575103224,1.0,0.8928571428571429
HERC4,0.8079283,0.20337068,0.4191318603106573,1.0,0.5238095238095238
NOS1AP,0.807758,0.9286871,0.4192299121219557,1.0,0.13095238095238096
CFAP54,0.80772394,0.4389574,0.41924952410298344,1.0,0.23809523809523808
NF1,0.8076558,0.22437406,0.41928874968374374,1.0,0.35714285714285715
IMMP1L,0.8067702,0.33243203,0.41979887860861187,1.0,0.2261904761904762
PTDSS1,0.8059527,0.19851501,0.4202700904594181,1.0,0.35714285714285715
TMSB4X,0.8057484,0.053681206,0.4203879419506166,1.0,1.0
HADHA,0.8054759,0.08008436,0.42054510746206086,1.0,0.8452380952380952
IFT22,0.8053737,0.3189765,0.4206040534233271,1.0,0.3333333333333333
GALT,0.8052715,0.6826945,0.42066300423578884,1.0,0.19047619047619047
UHRF2,0.8050672,0.13486977,0.42078092041343285,1.0,0.6071428571428571
VAMP3,0.8050331,0.20765649,0.42080057499607715,1.0,0.5952380952380952
IRAK1,0.8044881,0.3559111,0.4211151216089736,1.0,0.30952380952380953
ATF7IP,0.80438596,0.36517808,0.421174114456054,1.0,0.3333333333333333
AC007998.3,0.8040794,0.17715804,0.42135112209102044,1.0,0.5119047619047619
NFIC,0.8029894,0.16522788,0.4219808359281404,1.0,0.7142857142857143
LMNB2,0.8029554,0.28592843,0.42200052337147864,1.0,0.21428571428571427
TOR2A,0.8023082,0.5353304,0.42237468709101533,1.0,0.15476190476190477
TSPAN31,0.80203575,0.31136474,0.4225322878488321,1.0,0.27380952380952384
IL18BP,0.80186546,0.5151754,0.4226308058151965,1.0,0.17857142857142858
TRIM68,0.80142266,1.3061831,0.42288701549329355,1.0,0.08333333333333333
PMVK,0.80097985,0.26020724,0.4231433161073547,1.0,0.2857142857142857
SRGAP2,0.8004349,0.28787193,0.42345888782553254,1.0,0.2857142857142857
ARMC9,0.7995152,0.83301526,0.4239917273013144,1.0,0.13095238095238096
ATF2,0.799413,0.36420846,0.4240509558834834,1.0,0.23809523809523808
PLEKHH3,0.79903835,0.7228758,0.4242681687447397,1.0,0.13095238095238096
TIMM23,0.7990043,0.43725133,0.4242879185936942,1.0,0.25
CCDC137,0.7984934,0.33377385,0.424584230823142,1.0,0.35714285714285715
CHROMR,0.7976419,0.93118834,0.4250783532118452,1.0,0.11904761904761904
NDUFB9,0.79634756,0.16783127,0.4258300621863559,1.0,0.9166666666666666
KPNA5,0.7961432,0.34572694,0.42594882395272915,1.0,0.20238095238095238
UPF1,0.79607505,0.33547303,0.4259884155026522,1.0,0.2619047619047619
KLHL29,0.79580253,1.8134735,0.42614680317287634,1.0,0.08333333333333333
IPO9,0.794372,0.2247203,0.42697890188954546,1.0,0.2857142857142857
KEAP1,0.79328203,0.5430907,0.42761351694493743,1.0,0.17857142857142858
WDR18,0.79246455,0.30473888,0.4280898385010903,1.0,0.35714285714285715
CCDC66,0.7919877,0.25716564,0.42836783529389166,1.0,0.2976190476190476
CDK6,0.7919877,0.1808751,0.42836783529389166,1.0,0.4166666666666667
VLDLR,0.79123837,0.42711255,0.42880489954877166,1.0,0.17857142857142858
IFI27L2,0.7911362,0.16314325,0.42886451930584124,1.0,0.5476190476190477
TRPM4,0.79055715,0.9698956,0.42920245563168813,1.0,0.11904761904761904
UQCRFS1,0.790489,0.1581357,0.4292422230198778,1.0,0.8214285714285714
PLEKHA5,0.7898759,0.29172307,0.42960022587380675,1.0,0.32142857142857145
SMAD2,0.789365,0.14611936,0.42989869405567815,1.0,0.5357142857142857
PRELID1,0.78892225,0.10296132,0.4301574638681941,1.0,0.9047619047619048
C1GALT1C1,0.7883432,0.19458565,0.43049599157869634,1.0,0.47619047619047616
RNF215,0.7881048,0.75125754,0.43063543027023254,1.0,0.11904761904761904
MRPL36,0.7879004,0.1899359,0.4307549700048895,1.0,0.5357142857142857
PLP2,0.78742355,0.1161842,0.4310339709097798,1.0,0.7619047619047619
PDHX,0.7862995,0.408108,0.43169203043579485,1.0,0.20238095238095238
SH3BGRL2,0.7856183,0.8901483,0.4320911375929377,1.0,0.11904761904761904
SLC35E4,0.78551614,0.19151412,0.4321510220956628,1.0,0.4642857142857143
NOP2,0.7853799,0.50004214,0.43223087557667705,1.0,0.19047619047619047
PXDC1,0.7847327,0.31683668,0.4326102962952306,1.0,0.23809523809523808
TMEM35B,0.7847327,0.2959849,0.4326102962952306,1.0,0.36904761904761907
TRIML2,0.784358,0.18556786,0.4328300490187106,1.0,0.4166666666666667
SYT14,0.78425586,0.62301254,0.43288999278994145,1.0,0.14285714285714285
NDUFAF3,0.78418773,0.12542184,0.4329299579729722,1.0,0.7738095238095238
BTRC,0.7824847,0.42406696,0.43392978124360115,1.0,0.20238095238095238
TOR1AIP1,0.78173536,0.39068386,0.4343701259276703,1.0,0.27380952380952384
RARA-AS1,0.78170127,0.58659756,0.43439014772659656,1.0,0.14285714285714285
TIMM9,0.7814288,0.26107368,0.4345503413088091,1.0,0.35714285714285715
LINC00662,0.78129256,0.16202573,0.434630450892844,1.0,0.36904761904761907
ST7L,0.78084975,0.64080775,0.43489086593339865,1.0,0.15476190476190477
RBM43,0.7801004,0.49839365,0.4353317734551905,1.0,0.23809523809523808
SCRN2,0.7795895,0.3135681,0.435632540042605,1.0,0.25
ZNF195,0.7794873,0.5754571,0.43569270773954416,1.0,0.19047619047619047
SHCBP1,0.77935106,0.86099356,0.4357729387905408,1.0,0.10714285714285714
APAF1,0.7786017,0.6781032,0.43621436184233586,1.0,0.17857142857142858
SYS1,0.778193,0.33769572,0.43645524664185265,1.0,0.2619047619047619
SLC16A4,0.7780227,1.0754796,0.436555637926052,1.0,0.09523809523809523
MFSD12,0.7777843,0.29634732,0.43669620807248666,1.0,0.2261904761904762
EEF1AKMT1,0.7758428,0.3171694,0.43784182087255663,1.0,0.21428571428571427
S100A11,0.7757065,0.06650017,0.4379222796190614,1.0,1.0
SENP3,0.77536595,1.1465751,0.43812346368803956,1.0,0.09523809523809523
MCCC2,0.77509344,0.29729292,0.4382844492039606,1.0,0.2976190476190476
MRPL24,0.77475286,0.17124882,0.43848572891696014,1.0,0.47619047619047616
CDC42EP5,0.77342445,0.15016066,0.4392712272968996,1.0,0.4880952380952381
PCGF6,0.7727092,0.57925695,0.43969452244017904,1.0,0.15476190476190477
MFGE8,0.7718236,0.38927412,0.4402189263664087,1.0,0.23809523809523808
EEF1B2,0.7718236,0.060313374,0.4402189263664087,1.0,1.0
CALCOCO1,0.7716192,0.37870803,0.44033999358313547,1.0,0.25
OSTC,0.7714489,0.039718248,0.44044089751539317,1.0,0.8214285714285714
TATDN2,0.7707336,0.9422107,0.44086483879239136,1.0,0.11904761904761904
NPM1,0.77052927,0.04210791,0.44098600781454844,1.0,0.9880952380952381
SNRPA,0.77046114,0.22065803,0.441026401729151,1.0,0.44047619047619047
INO80B,0.7693031,0.7570022,0.44171342259781254,1.0,0.16666666666666666
STT3B,0.76913273,0.14376797,0.4418145067344682,1.0,0.4880952380952381
SUMO2,0.7690646,0.11617453,0.4418549440968492,1.0,0.9761904761904762
FTX,0.7688262,0.12551565,0.4419964915485085,1.0,0.5357142857142857
DDX6,0.7674297,0.12818265,0.4428260761917687,1.0,0.5119047619047619
PCYOX1,0.76579475,0.19459295,0.4437984275251847,1.0,0.6071428571428571
AC069544.1,0.7654201,2.523824,0.44402142964710756,1.0,0.05952380952380952
CRAMP1,0.76501137,0.67583114,0.44426477763713856,1.0,0.11904761904761904
CREB1,0.7649092,0.330928,0.44432562652643026,1.0,0.2619047619047619
BAHCC1,0.7637852,1.7906392,0.4449952781588894,1.0,0.07142857142857142
THRA,0.76368296,0.6368386,0.44505618410499137,1.0,0.19047619047619047
CENPJ,0.7634105,0.98677796,0.4452186231975035,1.0,0.09523809523809523
MRE11,0.76303583,0.42342982,0.44544203212824685,1.0,0.20238095238095238
VIPAS39,0.7623205,0.49675927,0.4458687174590117,1.0,0.15476190476190477
TCIM,0.7621502,0.27503875,0.4459703435095782,1.0,0.2857142857142857
SDHB,0.76197994,0.15218854,0.4460719827518811,1.0,0.4523809523809524
GLRX,0.76048124,0.23122695,0.4469669767196758,1.0,0.4642857142857143
RPL34,0.7604472,0.020014593,0.44698732935650265,1.0,1.0
AJM1,0.7589485,1.3757157,0.44788336713702437,1.0,0.07142857142857142
LRCH2,0.75697297,0.9679681,0.44906606578702024,1.0,0.09523809523809523
EGLN1,0.7568367,0.37869245,0.4491476964762732,1.0,0.2261904761904762
ZNF836,0.7562236,1.0941371,0.44951513873825,1.0,0.09523809523809523
USP31,0.75581485,0.7810598,0.4497601949167842,1.0,0.11904761904761904
RHOA,0.7557468,0.06643915,0.44980104497495654,1.0,0.9642857142857143
CLK2,0.75540614,0.6316523,0.450005326811299,1.0,0.14285714285714285
TM7SF3,0.75394154,0.17973639,0.4508843375960516,1.0,0.5119047619047619
STBD1,0.753635,1.3531276,0.4510684395318234,1.0,0.08333333333333333
C17orf80,0.75288564,0.82405657,0.4515186455476674,1.0,0.13095238095238096
RBM5,0.7524769,0.24380678,0.45176431955734275,1.0,0.35714285714285715
BEND6,0.75162536,0.38986206,0.4522763831114074,1.0,0.23809523809523808
MRPL17,0.75138694,0.09445553,0.452419819662487,1.0,0.6428571428571429
XPC,0.7505354,0.12134311,0.4529323028232126,1.0,0.5952380952380952
PPP2R1B,0.7496158,0.5600248,0.4534861526293611,1.0,0.17857142857142858
METTL1,0.74893457,0.7230802,0.45389665800442214,1.0,0.14285714285714285
RNF214,0.7487983,0.47863135,0.45397878422081483,1.0,0.2261904761904762
FAM160A2,0.7486961,0.9004996,0.4540403843817983,1.0,0.10714285714285714
CTNNAL1,0.74866205,0.16629644,0.45406091881610633,1.0,0.5714285714285714
FAR1,0.74781054,0.24615261,0.4545744498293329,1.0,0.34523809523809523
NCAPD2,0.74777645,0.3517089,0.4545949978748559,1.0,0.20238095238095238
ZKSCAN2,0.7476743,1.7694846,0.4546566451515821,1.0,0.07142857142857142
TRIM65,0.7470952,0.78610134,0.4550060686783072,1.0,0.13095238095238096
ZNF827,0.7465162,0.27339688,0.45535564339713297,1.0,0.35714285714285715
ABHD11,0.74614155,0.8658976,0.4555819193450965,1.0,0.11904761904761904
ABHD17C,0.7460053,0.3763725,0.4556642171945453,1.0,0.19047619047619047
TMEM201,0.7453922,1.3402886,0.45603466102526047,1.0,0.08333333333333333
S100PBP,0.7450175,0.4102981,0.4562611267292531,1.0,0.2261904761904762
RTCA,0.744745,0.28522217,0.45642586877103264,1.0,0.2619047619047619
GIT2,0.7446769,0.26514372,0.45646705950594424,1.0,0.25
MYO1E,0.74375725,0.35789475,0.45702333891370095,1.0,0.2261904761904762
PPM1B,0.7435188,0.47388792,0.4571676216411902,1.0,0.17857142857142858
RNF41,0.7434507,0.41445878,0.4572088499761482,1.0,0.2261904761904762
SYNCRIP,0.74317825,0.18587548,0.45737378419592345,1.0,0.6190476190476191
RSPRY1,0.74314415,0.40898338,0.45739440332221226,1.0,0.3333333333333333
CHMP4A,0.74253106,0.22438191,0.45776563683396765,1.0,0.39285714285714285
FBLN7,0.7423948,0.4973909,0.457848156128263,1.0,0.16666666666666666
ADTRP,0.74208826,0.24569719,0.45803385505810656,1.0,0.36904761904761907
RBM17,0.74184984,0.15094915,0.458178316768587,1.0,0.5714285714285714
SC5D,0.74167955,0.20165633,0.45828151935032635,1.0,0.38095238095238093
SOS1,0.7415773,0.38490233,0.4583434471569967,1.0,0.25
PIR,0.741373,0.16661043,0.4584673168486393,1.0,0.8571428571428571
MDP1,0.7413049,0.47520712,0.4585086109168859,1.0,0.19047619047619047
RNF168,0.7411005,0.3893479,0.4586325056335149,1.0,0.32142857142857145
BSDC1,0.7408621,0.6131423,0.45877707318758176,1.0,0.19047619047619047
MED26,0.7406577,1.1840934,0.45890100856097016,1.0,0.08333333333333333
CCDC34,0.7396699,0.23261593,0.4595002939676468,1.0,0.30952380952380953
MLLT11,0.7395337,0.14084904,0.459582988404055,1.0,0.5119047619047619
HERC3,0.73939747,0.5951859,0.459665691172943,1.0,0.16666666666666666
ASB8,0.73892057,0.26119092,0.4599552164722799,1.0,0.2261904761904762
ZNF420,0.7387844,1.6330535,0.46003795672871106,1.0,0.07142857142857142
EXOSC5,0.7385459,0.28269947,0.4601827722178562,1.0,0.25
VAMP5,0.73806906,0.06609407,0.46047247970063776,1.0,0.9761904761904762
SSBP3,0.7371494,0.21428701,0.46103148924062043,1.0,0.34523809523809523
NCOR2,0.7371154,0.17297235,0.46105220057920526,1.0,0.4166666666666667
TGIF2,0.73643416,0.53995425,0.4614665365372723,1.0,0.19047619047619047
NORAD,0.73633194,0.1098607,0.4615287048657103,1.0,0.6071428571428571
TOMM5,0.7361957,0.101646975,0.461611603246769,1.0,0.9166666666666666
SUMF2,0.7360595,0.1166791,0.46169450994315275,1.0,0.5833333333333334
TMEM91,0.7360254,0.63556147,0.46171523791643565,1.0,0.15476190476190477
PLCB1,0.7353442,0.30494064,0.46212990649450236,1.0,0.2976190476190476
SLC25A6,0.735242,0.09591709,0.46219212470377646,1.0,1.0
MMP17,0.7346289,0.65388995,0.46256553211535645,1.0,0.14285714285714285
LDHB,0.7343905,0.06389725,0.46271079154227146,1.0,0.9761904761904762
PKD2,0.73404986,0.33793813,0.4629183491337241,1.0,0.21428571428571427
GOT1,0.73387957,0.25829044,0.46302214739305925,1.0,0.2619047619047619
IMP4,0.73364115,0.19222605,0.46316748675194874,1.0,0.42857142857142855
NR1D1,0.7334027,0.8307668,0.46331285153584434,1.0,0.10714285714285714
MAK16,0.73336864,0.25870287,0.4633336200088318,1.0,0.34523809523809523
ZNF677,0.7329599,1.4161497,0.4635828821470106,1.0,0.08333333333333333
OMA1,0.732483,0.6584679,0.4638737823687211,1.0,0.14285714285714285
DCAF6,0.732449,0.2762289,0.4638945648450886,1.0,0.32142857142857145
ACVR2A,0.732449,1.148735,0.4638945648450886,1.0,0.09523809523809523
IGF2BP3,0.7322106,0.13446365,0.464040056696684,1.0,0.6428571428571429
TNS3,0.7316656,0.36740318,0.4643727048814371,1.0,0.23809523809523808
RBM12B,0.73078,0.48645064,0.46491354111479943,1.0,0.2261904761904762
ACRBP,0.7307459,2.1450462,0.4649343495018182,1.0,0.05952380952380952
BAG2,0.7307119,0.18557897,0.4649551584067636,1.0,0.4642857142857143
CEP41,0.73047346,0.44820604,0.4651008352423861,1.0,0.19047619047619047
TTC32,0.7298263,0.24949709,0.4654963716907562,1.0,0.2976190476190476
GORASP1,0.7294516,0.70376486,0.4657254518893271,1.0,0.11904761904761904
POLR3A,0.72856605,0.32826388,0.4662671630662739,1.0,0.21428571428571427
HINFP,0.72836167,0.6642556,0.46639222299669036,1.0,0.11904761904761904
ZNF512B,0.72829354,0.47583243,0.46643391377736865,1.0,0.20238095238095238
AIG1,0.72795296,0.18195224,0.46664239870571866,1.0,0.4880952380952381
NPRL3,0.72768044,0.21428357,0.4668092238728929,1.0,0.2619047619047619
ZMYND19,0.7269992,0.5179511,0.4672264315123843,1.0,0.16666666666666666
AKTIP,0.7265564,0.410302,0.4674977273116837,1.0,0.16666666666666666
SSNA1,0.7260455,0.12315545,0.46781086939633454,1.0,0.6190476190476191
TXLNA,0.7259774,0.14103231,0.4678526304532541,1.0,0.40476190476190477
STAG3,0.72577304,1.5507153,0.46797792601574006,1.0,0.08333333333333333
NT5C3A,0.7254665,0.41846448,0.4681659042068167,1.0,0.23809523809523808
SH3GLB2,0.725194,0.5433129,0.46833303103171275,1.0,0.17857142857142858
DIDO1,0.7244446,0.28061002,0.4687928000866648,1.0,0.27380952380952384
THUMPD2,0.7242403,0.50942266,0.46891823498115837,1.0,0.15476190476190477
NTM,0.7242403,0.9127105,0.46891823498115837,1.0,0.13095238095238096
PREPL,0.72240096,0.1224638,0.4700479842487427,1.0,0.5
PHTF1,0.721856,0.2812425,0.47038301332527244,1.0,0.2619047619047619
NUP37,0.72175384,0.22704339,0.47044584595434935,1.0,0.32142857142857145
CCAR2,0.72171974,0.5887236,0.4704667911938675,1.0,0.15476190476190477
SDHAF3,0.7212089,0.6875246,0.47078103156733475,1.0,0.14285714285714285
IFI35,0.7210726,0.7022466,0.4708648485611938,1.0,0.13095238095238096
GALNT12,0.7204254,0.48037732,0.47126309172509984,1.0,0.17857142857142858
DPH7,0.720187,0.532037,0.4714098597099544,1.0,0.14285714285714285
TANGO6,0.7195058,1.1151453,0.47182933567520824,1.0,0.09523809523809523
NSMF,0.71936953,0.42585924,0.47191325554967434,1.0,0.19047619047619047
RAB11FIP5,0.7190971,0.35479316,0.4720811199740125,1.0,0.16666666666666666
HIRA,0.7188927,0.92013633,0.4722070398802848,1.0,0.09523809523809523
BCKDK,0.7186543,0.16911337,0.4723539698208771,1.0,0.35714285714285715
ACTA2,0.71817744,0.2607718,0.4726479052324485,1.0,0.2857142857142857
CHPF2,0.71793896,0.34915566,0.4727949106953424,1.0,0.19047619047619047
ITGB3BP,0.7176665,0.20606789,0.4729629477539352,1.0,0.2857142857142857
AC100810.1,0.7174962,0.26296315,0.4730679876046092,1.0,0.40476190476190477
SSR3,0.7171556,0.08262251,0.4732781058123595,1.0,0.9166666666666666
TES,0.7170534,0.18782395,0.4733411512849648,1.0,0.6190476190476191
TMEM150A,0.7165765,0.6245391,0.4736354245661464,1.0,0.19047619047619047
MRPL57,0.7164062,0.05837212,0.4737405465413903,1.0,0.8214285714285714
RTL8A,0.7163722,0.17326006,0.4737615724756642,1.0,0.42857142857142855
RAB7A,0.715691,0.1355971,0.47418219888528146,1.0,0.6309523809523809
HSD11B1L,0.7152141,0.3649108,0.47447675942634293,1.0,0.20238095238095238
SYF2,0.7151119,0.15894581,0.4745398926157889,1.0,0.7023809523809523
RBBP6,0.71473724,0.18992773,0.47477142044537546,1.0,0.4523809523809524
TNRC6A,0.71436256,0.21269599,0.4750030102845121,1.0,0.5
LONP2,0.71429443,0.47211313,0.47504512418893163,1.0,0.2857142857142857
WRAP73,0.7141923,0.31081882,0.4751082988879326,1.0,0.20238095238095238
UGP2,0.7133748,0.1407674,0.4756138624328874,1.0,0.4880952380952381
NDUFB11,0.71330667,0.13597623,0.47565600604249925,1.0,0.8690476190476191
POLR3D,0.71272767,0.17822689,0.47601430939807243,1.0,0.5476190476190477
SMG5,0.7126936,0.5439274,0.4760353906725385,1.0,0.11904761904761904
ARRDC3,0.71228486,0.61487883,0.4762884058796749,1.0,0.16666666666666666
HPS1,0.71204644,0.26479313,0.4764360321073491,1.0,0.2857142857142857
AGRN,0.71184206,0.3782872,0.4765625888236472,1.0,0.16666666666666666
RBM3,0.71184206,0.05536759,0.4765625888236472,1.0,0.9047619047619048
PRPF4,0.7114674,0.3089357,0.47679465728934156,1.0,0.25
LARP4B,0.7114674,0.360209,0.47679465728934156,1.0,0.21428571428571427
MRPS22,0.7114674,0.2862643,0.47679465728934156,1.0,0.3333333333333333
EPHB4,0.71095645,0.19498152,0.47711121399265544,1.0,0.32142857142857145
ZDHHC11B,0.71071804,1.4349642,0.47725897981450527,1.0,0.07142857142857142
EDEM3,0.71051365,0.22548616,0.47738565616456285,1.0,0.36904761904761907
ASPH,0.71034336,0.10644079,0.47749123384175274,1.0,0.9047619047619048
LRRC49,0.7102071,1.2023927,0.47757570518017833,1.0,0.08333333333333333
RUFY3,0.70973027,0.28643686,0.4778714192296527,1.0,0.2976190476190476
FRYL,0.7088106,0.23681287,0.4784420075417076,1.0,0.30952380952380953
DCAKD,0.70864034,0.40084437,0.478547712881062,1.0,0.16666666666666666
PPIL4,0.7080953,0.23068208,0.4788860556921496,1.0,0.35714285714285715
NEK1,0.7079591,0.5657527,0.4789706618015983,1.0,0.17857142857142858
ZNF304,0.70758444,2.1986914,0.4792033706809221,1.0,0.05952380952380952
NUCB2,0.7075163,0.12491232,0.47924568801587786,1.0,0.6190476190476191
SCO2,0.7072779,0.26702765,0.47939381474973763,1.0,0.2976190476190476
POC5,0.7071757,0.83096,0.47945730528328223,1.0,0.09523809523809523
FUBP3,0.7070735,0.3461569,0.47952080040491085,1.0,0.27380952380952384
FYCO1,0.7068351,0.7368986,0.47966897352939863,1.0,0.13095238095238096
MSMO1,0.70673287,0.10612993,0.47973248394224666,1.0,0.8333333333333334
FANCG,0.7066648,1.1964557,0.4797748267656363,1.0,0.08333333333333333
PHYH,0.7063923,0.51799226,0.47994421844232515,1.0,0.21428571428571427
MAGOHB,0.70625603,0.4092102,0.4800289265091695,1.0,0.21428571428571427
PLBD2,0.706222,0.3423504,0.48005010479954935,1.0,0.23809523809523808
TKFC,0.7058132,0.7741518,0.4803042840171273,1.0,0.14285714285714285
LPCAT2,0.7055067,0.5315838,0.4804949665598496,1.0,0.19047619047619047
ANKRD50,0.7047233,0.18453036,0.4809824537497064,1.0,0.4166666666666667
HES2,0.7046552,0.15163639,0.48102485666478234,1.0,0.5238095238095238
COMMD5,0.7044508,0.28854483,0.48115207762260803,1.0,0.27380952380952384
SDHD,0.7041102,0.29765394,0.4813641532550301,1.0,0.4166666666666667
CHM,0.70353115,0.24663399,0.48172479856473993,1.0,0.3333333333333333
DUS1L,0.70332676,0.1932326,0.4818521202318865,1.0,0.34523809523809523
ACOX3,0.7030202,0.8852984,0.4820431370481365,1.0,0.11904761904761904
MYC,0.7026115,0.16131139,0.48229789017800706,1.0,0.6071428571428571
SORBS1,0.7021687,0.7365543,0.4825739553056628,1.0,0.11904761904761904
CARD14,0.70186216,4.1059537,0.4827651276074779,1.0,0.047619047619047616
SLC37A1,0.7015556,0.9923479,0.4829563410454921,1.0,0.08333333333333333
THAP2,0.70022726,0.51754767,0.4837854077391487,1.0,0.14285714285714285
ZNF431,0.6994438,0.38169777,0.4842747062258662,1.0,0.17857142857142858
PALM,0.6992054,1.3068637,0.4844236763947497,1.0,0.07142857142857142
HIST3H2A,0.6987626,0.44304913,0.4847004011702116,1.0,0.20238095238095238
DUSP6,0.6983879,0.08726751,0.4849346197901564,1.0,0.6904761904761905
SFR1,0.6979111,0.5038305,0.4852328048632678,1.0,0.13095238095238096
YIF1B,0.6973661,0.2441893,0.48557370933644184,1.0,0.35714285714285715
ROMO1,0.69671893,0.088610515,0.4859787017025349,1.0,0.9761904761904762
NUTF2,0.6966508,0.13402826,0.4860213431043604,1.0,0.8214285714285714
POFUT2,0.69637835,0.32101774,0.4861919289475938,1.0,0.2261904761904762
MARCH4,0.696208,0.85323703,0.486298561539239,1.0,0.11904761904761904
LUC7L,0.69617397,0.19219105,0.48631988957489347,1.0,0.30952380952380953
LST1,0.6958674,1.2010493,0.4865118646527946,1.0,0.07142857142857142
NANP,0.6953906,0.5495963,0.4868105739548422,1.0,0.14285714285714285
SESN1,0.69528836,0.4356336,0.4868745959812084,1.0,0.20238095238095238
IP6K1,0.6943687,0.48329288,0.4874509988694321,1.0,0.15476190476190477
KDM6A,0.6941303,0.71389526,0.4876004967684656,1.0,0.14285714285714285
TPK1,0.69297224,0.29215804,0.488326981309685,1.0,0.21428571428571427
TBCA,0.69293815,0.09652457,0.4883483573340063,1.0,0.9761904761904762
CMTM6,0.6929041,0.15075974,0.48836973386285476,1.0,0.75
UBL7,0.6926657,0.39943707,0.4885193836904761,1.0,0.2261904761904762
ING2,0.6922569,0.38519284,0.48877598375400966,1.0,0.2261904761904762
MOSPD3,0.69215477,0.3167287,0.4888401451168213,1.0,0.21428571428571427
LSM14B,0.6918482,0.5915664,0.48903265643230176,1.0,0.15476190476190477
AC006059.1,0.6915076,1.1101413,0.4892466057843671,1.0,0.07142857142857142
RPL29,0.69065607,0.027728641,0.4897816996294082,1.0,1.0
ZBED5,0.6903155,0.36444515,0.48999582531932373,1.0,0.20238095238095238
UBE2E3,0.68980455,0.13259381,0.4903171082620531,1.0,0.5714285714285714
TM9SF4,0.68977046,0.2015112,0.49033853115206805,1.0,0.4642857142857143
TMEM168,0.6893277,0.22440237,0.4906170745198183,1.0,0.25
STK4,0.6882037,0.2076663,0.4913245279722822,1.0,0.34523809523809523
USF1,0.68813556,1.004098,0.49136742153906887,1.0,0.10714285714285714
EPN1,0.68789715,0.10937893,0.49151756485702314,1.0,0.44047619047619047
DUT,0.6874884,0.11889048,0.49177501069635654,1.0,0.6785714285714286
LRFN3,0.6864666,0.74841905,0.4924189417858291,1.0,0.09523809523809523
AP000695.2,0.68619406,0.23907503,0.49259073306947976,1.0,0.2976190476190476
TMEM129,0.68619406,0.8115172,0.49259073306947976,1.0,0.13095238095238096
GLO1,0.6860578,0.09509255,0.49267664075842643,1.0,0.7976190476190477
FKBP15,0.68561506,0.29237762,0.49295589620231417,1.0,0.19047619047619047
SQSTM1,0.6852063,0.18307959,0.493213745717091,1.0,0.8452380952380952
AKAP8L,0.685036,0.2903236,0.4933212043326479,1.0,0.2857142857142857
SRGAP1,0.68493384,0.16332965,0.4933856855200487,1.0,0.39285714285714285
TPT1-AS1,0.6846273,0.24000202,0.49357915615949965,1.0,0.2261904761904762
SPRY2,0.68449104,0.16856296,0.49366515614572404,1.0,0.4880952380952381
CSPP1,0.6843548,0.37717277,0.4937511641525051,1.0,0.23809523809523808
PHAX,0.683912,0.23885632,0.49403074555625404,1.0,0.2976190476190476
MIB2,0.68360543,0.48558885,0.494224351519309,1.0,0.15476190476190477
GALNT2,0.6834692,0.25413677,0.494310411639006,1.0,0.40476190476190477
HNRNPL,0.68343514,0.16272007,0.4943319279211795,1.0,0.42857142857142855
NBAS,0.68282205,0.36113948,0.49471930663670816,1.0,0.27380952380952384
CLCN6,0.6819705,0.39152485,0.4952576017042122,1.0,0.17857142857142858
TTLL3,0.6813574,0.7245745,0.495645367780855,1.0,0.14285714285714285
ENOX2,0.6809827,0.69347686,0.4958824157031769,1.0,0.15476190476190477
DMXL1,0.68088055,0.37593094,0.4959470756354293,1.0,0.2261904761904762
WWC3,0.68088055,0.4662167,0.4959470756354293,1.0,0.23809523809523808
IL13RA2,0.6805059,0.07551709,0.4961842005410194,1.0,0.7619047619047619
TSHZ3,0.6804037,1.0470227,0.49624888146476454,1.0,0.09523809523809523
PDIA6,0.6801312,0.028585693,0.49642138591316565,1.0,0.9523809523809523
BTBD2,0.68006307,0.36920378,0.4964645170212929,1.0,0.2261904761904762
PRKAR1A,0.67962027,0.17812341,0.4967449179253288,1.0,0.6309523809523809
MIR137HG,0.67897314,1.4050848,0.4971548864327111,1.0,0.07142857142857142
IFNAR1,0.6787006,0.12120097,0.4973275586616722,1.0,0.44047619047619047
CCDC188,0.6780194,0.57350993,0.497759378941678,1.0,0.11904761904761904
PPFIBP1,0.6780194,0.14087933,0.497759378941678,1.0,0.6428571428571429
LYPLA1,0.67788315,0.1099606,0.4978457669406313,1.0,0.8452380952380952
PPP6R2,0.67771286,0.35233644,0.49795376315963824,1.0,0.2857142857142857
C6orf136,0.6776788,0.6080485,0.49797536389934605,1.0,0.13095238095238096
AL049840.4,0.6771679,0.712543,0.4982994348198422,1.0,0.08333333333333333
SSB,0.6769295,0.12760109,0.4984507062956952,1.0,0.7023809523809523
PPP1R2,0.6767932,0.15696342,0.4985371581020578,1.0,0.44047619047619047
METTL2A,0.6766229,0.43209913,0.49864523407055816,1.0,0.19047619047619047
ATP6V0C,0.67645264,0.07236033,0.498753322493636,1.0,0.7142857142857143
ANKRD1,0.6763164,0.10233648,0.49883980219825175,1.0,0.6071428571428571
PTS,0.6759076,0.26017505,0.49909928912243784,1.0,0.38095238095238093
AC100861.1,0.6757714,0.88467073,0.49918580069770735,1.0,0.09523809523809523
RAD54B,0.67563516,1.7989218,0.49927232023846047,1.0,0.05952380952380952
CDK16,0.6752605,0.15518343,0.499510290040429,1.0,0.39285714285714285
SMDT1,0.6748858,0.10165326,0.4997483200565994,1.0,0.7738095238095238
C1orf112,0.6747155,1.7150438,0.499856535419098,1.0,0.05952380952380952
KLHL9,0.6747155,0.2742656,0.499856535419098,1.0,0.25
GNB1L,0.6736596,1.3281605,0.5005277481603861,1.0,0.07142857142857142
STIM1,0.673319,0.50186765,0.5007443703030809,1.0,0.16666666666666666
ISG20L2,0.6730465,0.3287556,0.5009177037916195,1.0,0.23809523809523808
MYDGF,0.67284214,0.092207186,0.5010477247717955,1.0,0.8809523809523809
PRKCD,0.67267185,0.76382035,0.5011560892470164,1.0,0.14285714285714285
PRR34-AS1,0.67161596,0.52729493,0.5018282260272976,1.0,0.16666666666666666
GNE,0.6714797,0.74135655,0.5019149880942733,1.0,0.11904761904761904
TRNAU1AP,0.67137754,0.39579788,0.5019800648537418,1.0,0.27380952380952384
ZSWIM8,0.67093474,0.8227165,0.5022621157314402,1.0,0.16666666666666666
TMEM62,0.67045784,0.9958827,0.5025659565531959,1.0,0.10714285714285714
ARFGEF3,0.6701513,0.51589525,0.5027613341028836,1.0,0.14285714285714285
MRPL19,0.66970855,0.10840348,0.5030436169834129,1.0,0.5833333333333334
FOSL2,0.6694701,0.43375063,0.5031956501369736,1.0,0.16666666666666666
ANKS6,0.6693339,0.43599042,0.5032825371215259,1.0,0.16666666666666666
PRCP,0.66923165,0.123919696,0.5033477075600058,1.0,0.6309523809523809
ABHD15,0.6689251,1.9284532,0.5035432456146327,1.0,0.05952380952380952
RALA,0.6689251,0.13888264,0.5035432456146327,1.0,0.8095238095238095
CFL1,0.6688911,0.058702294,0.5035649745406958,1.0,1.0
PSMB10,0.66865265,0.14654572,0.5037170908840022,1.0,0.27380952380952384
RNF11,0.6676649,0.135516,0.5043475454797506,1.0,0.5
FCHSD2,0.6672561,0.49130535,0.5046085449238324,1.0,0.19047619047619047
AKT1,0.6672221,0.32090113,0.5046302980913642,1.0,0.27380952380952384
SGPL1,0.66711986,0.6670226,0.5046955605601497,1.0,0.10714285714285714
MLH3,0.6665749,0.297354,0.5050437021896323,1.0,0.2261904761904762
ZNF524,0.6659959,0.34844312,0.5054137412669581,1.0,0.20238095238095238
TFIP11,0.66548496,0.5933018,0.5057403648660785,1.0,0.14285714285714285
BRWD3,0.6646675,0.24015884,0.5062631936370099,1.0,0.15476190476190477
TMEM30A,0.66391814,0.1311258,0.5067427029684091,1.0,0.8333333333333334
GANAB,0.663271,0.17515536,0.507157016696324,1.0,0.5714285714285714
CMPK1,0.6632369,0.10618127,0.5071788276102566,1.0,0.6071428571428571
HINT1,0.6626238,0.08416388,0.5075715083034744,1.0,0.9880952380952381
NUP50,0.6623173,0.3575198,0.5077679084904552,1.0,0.2619047619047619
AP006621.3,0.66228324,0.5205427,0.5077897331953571,1.0,0.17857142857142858
IQCE,0.6621129,0.41471127,0.507898864104513,1.0,0.16666666666666666
TUT7,0.6620107,0.3915341,0.5079643485572116,1.0,0.25
INO80C,0.66184044,0.069483824,0.5080734991558187,1.0,0.8571428571428571
RUFY2,0.6617042,0.34876055,0.5081608284933781,1.0,0.2857142857142857
DCTN4,0.6615679,0.2390704,0.508248165704327,1.0,0.32142857142857145
METTL22,0.6608867,0.46823502,0.5086849698280003,1.0,0.17857142857142858
ARHGAP5,0.6594221,0.21868445,0.5096247646136194,1.0,0.38095238095238093
C15orf41,0.65911555,0.39970502,0.5098215808101099,1.0,0.13095238095238096
YAP1,0.65911555,0.52298325,0.5098215808101099,1.0,0.13095238095238096
NR1H3,0.65891117,1.9628725,0.5099528137034357,1.0,0.05952380952380952
FLVCR1-DT,0.65884304,0.7264995,0.5099965619286787,1.0,0.13095238095238096
UBAP1,0.658264,0.5850621,0.510368501109666,1.0,0.14285714285714285
TFDP2,0.6581278,0.23840018,0.5104560368206237,1.0,0.23809523809523808
C12orf57,0.6580937,0.089433596,0.5104779219748583,1.0,0.8690476190476191
ZBTB2,0.6579915,1.380258,0.5105435803809202,1.0,0.07142857142857142
YPEL1,0.6579234,1.2296346,0.5105873551042827,1.0,0.07142857142857142
MFSD11,0.65741247,0.48751652,0.510915728059945,1.0,0.17857142857142858
BET1L,0.65720814,0.2906897,0.5110471081326444,1.0,0.2261904761904762
CDC25B,0.65717405,0.40870714,0.5110690065271926,1.0,0.23809523809523808
ARL6IP5,0.65696967,0.09613654,0.5112004071877592,1.0,0.8333333333333334
MPZL2,0.65690154,0.1361129,0.5112442113288499,1.0,0.5
DEAF1,0.6568675,0.3146454,0.5112661141344994,1.0,0.27380952380952384
RCBTB1,0.65683347,0.55833936,0.511288017430199,1.0,0.13095238095238096
HSD17B14,0.6564247,0.6442395,0.511550895197245,1.0,0.13095238095238096
PPIH,0.6560841,0.32117614,0.5117700138890193,1.0,0.21428571428571427
RAB32,0.65567535,0.11370698,0.5120330209605795,1.0,0.6785714285714286
GEMIN7,0.65567535,0.60295075,0.5120330209605795,1.0,0.15476190476190477
SMU1,0.65509635,0.18604766,0.5124057349784941,1.0,0.38095238095238093
DDX19A,0.65444916,0.38372064,0.5128224650406266,1.0,0.25
CALHM2,0.6538361,0.37980765,0.5132174247871029,1.0,0.21428571428571427
DNAAF4,0.65342736,0.58610743,0.5134808192665439,1.0,0.14285714285714285
ZFP1,0.65335923,0.8882606,0.5135247251873015,1.0,0.09523809523809523
ERP44,0.6522011,0.114816815,0.5142714247400952,1.0,0.38095238095238093
PNPLA2,0.652133,0.45605165,0.5143153658188808,1.0,0.23809523809523808
AC244153.1,0.65209895,0.5341962,0.514337337090323,1.0,0.11904761904761904
IFT140,0.65186054,0.7835328,0.5144911496539692,1.0,0.09523809523809523
ANKFY1,0.651588,0.46247622,0.5146669647153419,1.0,0.16666666666666666
RNF103,0.65121335,0.64139354,0.5149087613976016,1.0,0.15476190476190477
HYKK,0.65107715,0.6060345,0.5149967020938618,1.0,0.13095238095238096
USP32,0.6509068,0.5773148,0.515106638934472,1.0,0.17857142857142858
NR2F6,0.6507025,0.15809445,0.5152385792305294,1.0,0.39285714285714285
SETD3,0.65019155,0.23340032,0.515568506731011,1.0,0.35714285714285715
KIF2A,0.65002126,0.10253719,0.5156785069264866,1.0,0.47619047619047616
CYFIP2,0.6497147,1.3689247,0.5158765379654673,1.0,0.07142857142857142
TAX1BP3,0.64848846,0.14259115,0.5166690564708993,1.0,0.5357142857142857
NDUFB7,0.6481138,0.04587192,0.5169113406828438,1.0,0.8690476190476191
DIAPH2-AS1,0.6480457,0.36828485,0.5169553986800794,1.0,0.21428571428571427
GLI4,0.6477732,0.40842235,0.5171316501182168,1.0,0.15476190476190477
SS18,0.6469898,0.44396636,0.5176385462856166,1.0,0.17857142857142858
SURF6,0.6466833,0.25809643,0.5178369669248939,1.0,0.2857142857142857
THSD7A,0.6459339,1.5434315,0.5183221607441215,1.0,0.07142857142857142
PLEKHG4,0.64589983,0.33214527,0.5183442205912142,1.0,0.17857142857142858
SREBF1,0.6448099,0.23691085,0.5190503918671119,1.0,0.3333333333333333
MROH8,0.6445715,2.8243928,0.5192049330320117,1.0,0.047619047619047616
PGM3,0.64426494,0.2372422,0.5194036637160044,1.0,0.2857142857142857
ZNF430,0.6436859,0.42822862,0.5197791509857557,1.0,0.16666666666666666
AGPAT5,0.64317495,0.19430798,0.520110579529006,1.0,0.47619047619047616
ADAMTS1,0.6431068,0.3108827,0.5201547782326671,1.0,0.34523809523809523
AP006623.1,0.6430728,1.3740723,0.5201768783106472,1.0,0.07142857142857142
TMEM86B,0.6428684,2.7037375,0.5203094889436737,1.0,0.047619047619047616
FUT8,0.64283437,0.25959644,0.5203315924098956,1.0,0.27380952380952384
QTRT2,0.64283437,0.41228348,0.5203315924098956,1.0,0.17857142857142858
CETN2,0.64259595,0.10044255,0.5204863302238869,1.0,0.5833333333333334
TBC1D9,0.6422894,0.4498579,0.5206853136797198,1.0,0.20238095238095238
PDLIM2,0.6422553,0.13483442,0.5207074253714581,1.0,0.6666666666666666
IARS2,0.6417444,0.10631958,0.5210391587852912,1.0,0.6666666666666666
RNF170,0.6414378,0.1950399,0.521238251053997,1.0,0.2619047619047619
CHD7,0.6411994,0.15644187,0.5213931276648351,1.0,0.42857142857142855
PSME3,0.6410291,0.19632025,0.5215037683132491,1.0,0.35714285714285715
GOT2,0.6407226,0.10521991,0.5217029519191375,1.0,0.6190476190476191
PEX10,0.6406885,0.71284366,0.5217250858462981,1.0,0.15476190476190477
AL731577.1,0.6403138,2.0913181,0.5219685909212843,1.0,0.05952380952380952
NHSL2,0.64024574,0.29524755,0.5220128708490126,1.0,0.34523809523809523
PXK,0.6400754,0.32662383,0.5221235791175334,1.0,0.16666666666666666
LFNG,0.63980293,0.7372965,0.5223007374494193,1.0,0.11904761904761904
PPP3CA,0.6396667,0.1242192,0.5223893281989541,1.0,0.5833333333333334
BNC1,0.63942826,0.8725923,0.5225443805889514,1.0,0.10714285714285714
GABBR2,0.6387811,0.14977555,0.5229653562292842,1.0,0.5238095238095238
PLS3,0.6386448,0.12826267,0.5230540048633605,1.0,0.7738095238095238
CFDP1,0.63857675,0.11273887,0.5230983320731353,1.0,0.8333333333333334
TSTA3,0.6385086,0.15839423,0.5231426612112386,1.0,0.5
CD47,0.6378955,0.118236005,0.5235417102088471,1.0,0.6904761904761905
KIF27,0.6369758,1.266906,0.5241405763571247,1.0,0.08333333333333333
EVI5L,0.6369758,0.8532797,0.5241405763571247,1.0,0.10714285714285714
YARS,0.6365671,0.119242445,0.5244068517469447,1.0,0.44047619047619047
MORC4,0.6363968,0.46038833,0.5245178202777543,1.0,0.17857142857142858
RPARP-AS1,0.6362265,1.2192478,0.5246288008361784,1.0,0.07142857142857142
FAM98C,0.6362265,0.47225237,0.5246288008361784,1.0,0.16666666666666666
HYMAI,0.63619244,0.45055068,0.5246509983910085,1.0,0.11904761904761904
ABL2,0.6360562,0.1998339,0.5247397934203014,1.0,0.4166666666666667
ZNF678,0.63585186,0.7603934,0.5248730003924733,1.0,0.09523809523809523
CYHR1,0.63578373,0.2554669,0.5249174065635684,1.0,0.34523809523809523
UBP1,0.63537496,0.27551457,0.5251838839754406,1.0,0.25
PELI2,0.6346256,0.6284077,0.5256726056390058,1.0,0.10714285714285714
SUB1,0.6346256,0.053448536,0.5256726056390058,1.0,0.9166666666666666
NFU1,0.6333313,0.26607773,0.526517308694719,1.0,0.27380952380952384
ULK3,0.6333313,0.9385099,0.526517308694719,1.0,0.09523809523809523
SIGIRR,0.63302475,0.11311422,0.5267174714370617,1.0,0.6071428571428571
SKI,0.6314239,0.1603086,0.5277633966283322,1.0,0.25
GCLM,0.63135576,0.16232711,0.5278079275584464,1.0,0.6071428571428571
ERMP1,0.6313217,0.2635174,0.5278301937417429,1.0,0.30952380952380953
RMDN1,0.6310492,0.14316505,0.5280083404438156,1.0,0.4166666666666667
LIAS,0.630368,0.7744424,0.5284538412123541,1.0,0.15476190476190477
QDPR,0.62944835,0.2446129,0.5290555707526077,1.0,0.3333333333333333
SORBS3,0.62832433,0.11937791,0.529791491106956,1.0,0.4880952380952381
C16orf58,0.62832433,0.53248346,0.529791491106956,1.0,0.14285714285714285
OTUB1,0.6282562,0.15916611,0.5298361090563647,1.0,0.44047619047619047
HAUS1,0.62794966,0.19300346,0.5300369134582712,1.0,0.3333333333333333
VSIG10,0.62692785,0.44850382,0.5307065405977631,1.0,0.15476190476190477
L3HYPDH,0.62672347,0.38907123,0.5308405175324988,1.0,0.20238095238095238
SNAP29,0.62645096,0.2653766,0.5310191801398181,1.0,0.32142857142857145
TSC1,0.6264169,0.5354832,0.5310415151104597,1.0,0.14285714285714285
MRPL42,0.6260763,0.10310948,0.5312648910247183,1.0,0.6071428571428571
AEN,0.62604225,0.33068314,0.531287231236582,1.0,0.19047619047619047
SDHAF4,0.62563354,0.4083449,0.5315553509320907,1.0,0.2261904761904762
ARL13B,0.6255654,0.60278744,0.5316000442154184,1.0,0.16666666666666666
CCDC130,0.6254973,0.30175725,0.5316447394033837,1.0,0.19047619047619047
PRDX4,0.62498635,0.08678362,0.5319800140107003,1.0,0.75
TGFBR3,0.6244073,0.70725954,0.5323601213384515,1.0,0.09523809523809523
GXYLT1,0.6243392,0.4298466,0.5324048488859208,1.0,0.21428571428571427
NUDT15,0.6232833,0.24857783,0.5330983690578329,1.0,0.23809523809523808
SNCA,0.6231471,0.07802575,0.5331878887985455,1.0,0.8452380952380952
SRSF4,0.62263614,0.13276666,0.5335236555104551,1.0,0.6666666666666666
RBM23,0.622568,0.14474863,0.533568432478096,1.0,0.39285714285714285
CTSD,0.62246585,0.09952839,0.5336356014902562,1.0,0.5476190476190477
BIRC5,0.62222743,0.30712095,0.5337923457996641,1.0,0.23809523809523808
TIMMDC1,0.6220571,0.11514122,0.5339043202591681,1.0,0.4642857142857143
CDC5L,0.6220571,0.22002928,0.5339043202591681,1.0,0.38095238095238093
TRAPPC11,0.6212737,0.29328942,0.534419555539592,1.0,0.20238095238095238
VPS26B,0.6208309,0.30395526,0.5347108864464967,1.0,0.23809523809523808
TMEM208,0.62079686,0.17357226,0.5347332998343701,1.0,0.3333333333333333
COMMD1,0.62079686,0.2304014,0.5347332998343701,1.0,0.40476190476190477
NDUFS3,0.6206606,0.09413558,0.5348229581250641,1.0,0.5357142857142857
BTAF1,0.6205925,0.6355168,0.5348677901137078,1.0,0.13095238095238096
PLAGL1,0.61974096,0.25818297,0.5354283498513939,1.0,0.32142857142857145
MRPS25,0.61970687,0.13722597,0.5354507783972859,1.0,0.4523809523809524
RPS5,0.61967283,-0.0240456,0.535473207416602,1.0,0.9880952380952381
CAMK2G,0.6196047,0.34349605,0.5355180668754411,1.0,0.20238095238095238
TRAF3IP2,0.6189575,0.99597335,0.5359443261547537,1.0,0.10714285714285714
PCNP,0.6185488,0.1018686,0.5362136305398427,1.0,0.6428571428571429
AL157893.2,0.61824226,0.89239275,0.5364156535171578,1.0,0.08333333333333333
SGTA,0.6179357,0.43977505,0.5366177147858737,1.0,0.19047619047619047
NARS2,0.6179017,0.5846117,0.5366401684011104,1.0,0.15476190476190477
HMOX1,0.61779946,0.7939686,0.5367075320821901,1.0,0.11904761904761904
LMNB1,0.61779946,0.43544802,0.5367075320821901,1.0,0.17857142857142858
COG4,0.61722046,0.20133498,0.5370893399246162,1.0,0.16666666666666666
SNRPG,0.61674356,0.0954936,0.5374038723942445,1.0,0.9047619047619048
BRD3OS,0.61674356,0.43513763,0.5374038723942445,1.0,0.15476190476190477
TOM1L1,0.6163689,1.2761383,0.5376510699544732,1.0,0.07142857142857142
RIOK3,0.61630076,0.112012364,0.5376960211000554,1.0,0.5
RAB3D,0.6161986,0.40644142,0.5377634513569929,1.0,0.15476190476190477
MBD2,0.6159261,0.21024172,0.5379432861319834,1.0,0.42857142857142855
TNFAIP1,0.61568767,0.21937342,0.5381006663212696,1.0,0.3333333333333333
EVL,0.61548334,0.25444403,0.5382355820159636,1.0,0.34523809523809523
SNAPIN,0.61544925,0.2643047,0.5382580696151625,1.0,0.30952380952380953
ANXA7,0.61527896,0.0941513,0.5383705146819711,1.0,0.47619047619047616
UBL3,0.6151427,0.2528401,0.5384604792194213,1.0,0.2261904761904762
CCNB1,0.61456364,0.1762021,0.538842912611524,1.0,0.2261904761904762
ZC3HC1,0.6145296,0.6516905,0.5388654129330774,1.0,0.11904761904761904
TMEM267,0.6144956,0.27749595,0.5388879137256022,1.0,0.17857142857142858
COX7A2,0.61442745,0.058013026,0.5389329167234995,1.0,0.9761904761904762
VPS26C,0.61422306,0.34002402,0.539067937018807,1.0,0.17857142857142858
UBE2H,0.61415493,0.10748337,0.5391129475506813,1.0,0.6666666666666666
AC013652.1,0.61398464,1.3472692,0.5392254821189466,1.0,0.07142857142857142
SKP1,0.6132693,0.093229674,0.5396982557860477,1.0,0.9642857142857143
PSMB8,0.61313313,0.12927738,0.5397883314361791,1.0,0.6428571428571429
SLBP,0.61248595,0.17113815,0.540216293517855,1.0,0.4523809523809524
TMEM243,0.6124519,0.32818392,0.5402388225388599,1.0,0.21428571428571427
MCM8,0.61122566,0.6091244,0.5410501801729639,1.0,0.10714285714285714
FLCN,0.6111235,0.59478587,0.5411178207788993,1.0,0.11904761904761904
ARL8A,0.61102134,0.32678688,0.5411854656088882,1.0,0.2619047619047619
TNFRSF12A,0.6107148,0.109608985,0.541388425438751,1.0,0.7380952380952381
HACD3,0.61037415,0.10318756,0.5416139809288397,1.0,0.5714285714285714
ATXN7L3,0.60993135,0.32988143,0.5419072731757668,1.0,0.15476190476190477
EP400,0.60969293,0.23594476,0.5420652325861024,1.0,0.2619047619047619
PEX2,0.60935235,0.23141725,0.5422909287204063,1.0,0.32142857142857145
KIF9,0.60931826,0.25261024,0.5423135009107766,1.0,0.39285714285714285
UQCRC1,0.6092161,0.12322889,0.5423812202926332,1.0,0.6309523809523809
CYB5RL,0.60907984,1.0046183,0.5424715193595683,1.0,0.09523809523809523
ETV5,0.60873926,0.26763904,0.5426972998093348,1.0,0.27380952380952384
RPL39L,0.6085008,0.5403714,0.5428553739823707,1.0,0.13095238095238096
SLC16A5,0.60846674,1.1216036,0.5428779578795144,1.0,0.07142857142857142
FXYD5,0.6083305,0.061195098,0.5429682981484905,1.0,0.9285714285714286
MSH5,0.60805804,1.1403662,0.5431490011489335,1.0,0.07142857142857142
THAP9-AS1,0.60802394,0.5172393,0.5431715911295254,1.0,0.15476190476190477
CGNL1,0.6079899,0.6119221,0.5431941815779593,1.0,0.10714285714285714
CLNS1A,0.6078877,0.047219332,0.5432619557301477,1.0,0.6190476190476191
FBXO22,0.6077174,0.11304551,0.5433749220057589,1.0,0.5476190476190477
EBAG9,0.60741085,0.10875738,0.5435782907651432,1.0,0.4642857142857143
UVSSA,0.6072746,0.39906162,0.5436686890372961,1.0,0.10714285714285714
BANF1,0.60707027,0.13611303,0.5438043004695401,1.0,0.9285714285714286
RPLP2,0.60707027,0.028084986,0.5438043004695401,1.0,1.0
IMPDH1,0.6068659,0.12940598,0.5439399287274231,1.0,0.30952380952380953
SIL1,0.6056397,0.11085979,0.5447540514126618,1.0,0.5595238095238095
VMP1,0.60557157,0.09945712,0.5447992981918031,1.0,0.7619047619047619
SH3PXD2B,0.6052309,0.23742647,0.5450255600837824,1.0,0.23809523809523808
XRN2,0.60506064,0.058799803,0.5451387085239088,1.0,0.8214285714285714
FZR1,0.6044816,0.49691164,0.5455235004245711,1.0,0.13095238095238096
CCDC115,0.6043794,0.3877815,0.5455914188634492,1.0,0.20238095238095238
HSPA12B,0.60417503,0.23208082,0.545727268324544,1.0,0.25
AC009133.1,0.6039366,0.9812829,0.5458857805636963,1.0,0.08333333333333333
R3HDM1,0.6039366,0.23891833,0.5458857805636963,1.0,0.2976190476190476
TBXAS1,0.60318726,0.36679432,0.5463841104660667,1.0,0.19047619047619047
LRRC14,0.6028807,0.42566213,0.546588037643676,1.0,0.16666666666666666
DKK3,0.6028467,0.24240221,0.5466106985458457,1.0,0.36904761904761907
TSEN54,0.6024379,0.5753245,0.5468826656616292,1.0,0.10714285714285714
CDH13,0.6024039,0.12821935,0.5469053326115824,1.0,0.30952380952380953
CFAP20,0.6019951,0.34737423,0.547177372283784,1.0,0.19047619047619047
EAPP,0.60189295,0.13317876,0.5472453926631202,1.0,0.39285714285714285
C6orf120,0.60168856,0.40496328,0.5473814459721653,1.0,0.16666666666666666
SMIM13,0.6016545,0.36469153,0.5474041231503775,1.0,0.21428571428571427
ZNF384,0.6010755,0.67662805,0.5477897062696548,1.0,0.10714285714285714
TOMM7,0.60083705,0.03804384,0.5479485148072221,1.0,0.9880952380952381
NR3C1,0.60059863,0.25797135,0.5481073460966985,1.0,0.2857142857142857
COX18,0.60015583,0.52532893,0.5484023788339605,1.0,0.14285714285714285
NFRKB,0.6000877,0.46539882,0.5484477754465932,1.0,0.11904761904761904
CCDC47,0.60005367,0.21048237,0.5484704744488496,1.0,0.42857142857142855
APLN,0.6000196,0.10573604,0.5484931739150432,1.0,0.8690476190476191
GON7,0.59957683,0.48246515,0.5487883091861996,1.0,0.15476190476190477
EIF3J-DT,0.5994065,0.32001653,0.5489018436206148,1.0,0.20238095238095238
CCDC153,0.5992703,0.70327395,0.5489926795133542,1.0,0.13095238095238096
MSRB1,0.599134,0.5463439,0.5490835228228848,1.0,0.16666666666666666
AL138995.1,0.5990659,2.30091,0.5491289472586093,1.0,0.047619047619047616
RPL37A,0.59852093,0.02641178,0.5494924094695788,1.0,1.0
NVL,0.59814626,0.64285666,0.5497423585256845,1.0,0.13095238095238096
AC022915.2,0.59811217,2.5888493,0.5497650839454361,1.0,0.047619047619047616
EHD1,0.5977716,0.26602617,0.5499923636037578,1.0,0.2857142857142857
DDX60L,0.59753317,0.22046389,0.550151486902497,1.0,0.2976190476190476
GUCD1,0.59692,0.32516506,0.550560765189716,1.0,0.19047619047619047
AC067852.2,0.596341,0.92698896,0.5509474433543355,1.0,0.09523809523809523
MYL12B,0.5961366,0.06304799,0.5510839498893275,1.0,0.9880952380952381
AC025159.1,0.59593225,0.7045058,0.5512204730559601,1.0,0.10714285714285714
MRPL54,0.59593225,0.08361567,0.5512204730559601,1.0,0.5714285714285714
TRAPPC6A,0.5958301,0.27596062,0.5512887408749929,1.0,0.3333333333333333
ASH2L,0.5956257,0.4691664,0.5514252889821931,1.0,0.20238095238095238
PRKAR1B,0.595251,0.5921946,0.5516756703482588,1.0,0.16666666666666666
NFXL1,0.5948083,0.31569326,0.5519716475986411,1.0,0.17857142857142858
BIRC6,0.59446764,0.09420098,0.5521993754610026,1.0,0.5119047619047619
FBXO34,0.5943314,0.5505828,0.5522904795192312,1.0,0.14285714285714285
TLR3,0.5939567,1.2046232,0.552541053715681,1.0,0.05952380952380952
ZNF180,0.59365016,1.3758984,0.5527461104491778,1.0,0.05952380952380952
TMEM14B,0.5933096,0.12083686,0.5529739950343211,1.0,0.6666666666666666
RPL15,0.59296894,0.03600479,0.5532019256767476,1.0,1.0
SLC25A30,0.59296894,0.77850133,0.5532019256767476,1.0,0.08333333333333333
CAB39,0.5929008,0.22580338,0.5532475173305988,1.0,0.2857142857142857
ARL1,0.59283274,0.14672786,0.5532931108259186,1.0,0.47619047619047616
OGFOD3,0.59245807,0.19742869,0.5535439079602952,1.0,0.34523809523809523
SEL1L3,0.59218556,0.1835841,0.553726340848459,1.0,0.40476190476190477
SLC25A25,0.5920493,0.9315121,0.5538175683332507,1.0,0.08333333333333333
IL6ST,0.59201527,0.07535308,0.5538403763543364,1.0,0.7738095238095238
ULK4,0.59177685,0.7654878,0.5540000453787554,1.0,0.10714285714285714
DHRS3,0.5914703,0.4597028,0.5542053672292409,1.0,0.16666666666666666
ADAMTS18,0.5914022,1.3856881,0.5542509993636697,1.0,0.05952380952380952
RANGRF,0.59133404,0.103535116,0.554296633336543,1.0,0.3333333333333333
RMC1,0.59129995,0.9522139,0.5543194510123535,1.0,0.10714285714285714
LMF2,0.5911978,0.30963647,0.5543879067970731,1.0,0.19047619047619047
C11orf71,0.59112966,0.6693152,0.5544335462844541,1.0,0.11904761904761904
THUMPD3-AS1,0.59112966,0.14773946,0.5544335462844541,1.0,0.39285714285714285
SLC39A1,0.5910956,0.16463727,0.5544563667173632,1.0,0.2857142857142857
SCN9A,0.590755,2.2913718,0.5546845963137041,1.0,0.047619047619047616
TGFBR1,0.59068686,0.7862691,0.5547302477449303,1.0,0.10714285714285714
DCAF17,0.59027815,0.34692556,0.5550041949044076,1.0,0.14285714285714285
BBS7,0.59003973,0.34756747,0.5551640279423333,1.0,0.2619047619047619
GSTCD,0.5899375,0.48857656,0.5552325346998983,1.0,0.11904761904761904
RANBP10,0.5894607,0.8738721,0.5555522874998273,1.0,0.09523809523809523
ELMOD2,0.5894607,0.1387817,0.5555522874998273,1.0,0.19047619047619047
LRRCC1,0.5892563,0.3334575,0.5556893519345142,1.0,0.15476190476190477
ADAM19,0.58894974,0.6216155,0.5558949795357448,1.0,0.14285714285714285
C1orf174,0.5882685,0.3667232,0.5563520626690621,1.0,0.16666666666666666
SMIM29,0.58772355,0.13928322,0.5567178610925982,1.0,0.42857142857142855
MKS1,0.5876895,0.80365384,0.5567407273856309,1.0,0.09523809523809523
ITGA10,0.58748513,0.12323025,0.5568779347554784,1.0,0.75
MEF2A,0.5870764,0.27136865,0.5571523989146381,1.0,0.38095238095238093
CDKN3,0.5869742,0.21222684,0.5572210252474121,1.0,0.20238095238095238
FOXF1,0.5853393,0.41332266,0.5583196060627242,1.0,0.19047619047619047
SMYD5,0.5852712,0.85590416,0.5583654031029878,1.0,0.08333333333333333
MT-ND4L,0.58520305,0.09648681,0.5584112019692116,1.0,0.9166666666666666
NR3C2,0.58496463,1.6717474,0.5585715123784145,1.0,0.05952380952380952
ITPRIPL2,0.58452183,0.10048121,0.5588692910285109,1.0,0.35714285714285715
ABRACL,0.5844196,0.105034634,0.5589380201264639,1.0,0.6428571428571429
TMEM209,0.5844196,0.766337,0.5589380201264639,1.0,0.10714285714285714
PPP1R9B,0.5842834,0.5346762,0.5590296653083944,1.0,0.13095238095238096
PUS10,0.58387464,0.66279596,0.5593046446240661,1.0,0.11904761904761904
SDC1,0.58353406,0.83506656,0.559533844190081,1.0,0.08333333333333333
PRDX1,0.58343184,0.0245585,0.5596026129448337,1.0,0.9761904761904762
PALB2,0.5833978,0.58090574,0.5596255367741976,1.0,0.10714285714285714
RAB3B,0.5833297,0.1456923,0.5596713857994899,1.0,0.5119047619047619
CD99L2,0.5832275,0.4991883,0.5597401627535759,1.0,0.15476190476190477
RPL30,0.5829891,0.027459413,0.5599006582526755,1.0,1.0
UBOX5,0.58292097,0.5109507,0.5599465182076744,1.0,0.10714285714285714
H2AFJ,0.5825463,0.08662533,0.5601987805090314,1.0,0.6666666666666666
SACM1L,0.58196723,0.6026203,0.5605887487319441,1.0,0.19047619047619047
TMEM186,0.5814904,0.67961735,0.5609099977262413,1.0,0.09523809523809523
ACTR1A,0.5814563,0.11561842,0.5609329474926192,1.0,0.40476190476190477
DMAC2,0.5810135,0.28909725,0.5612313358108935,1.0,0.20238095238095238
RUVBL1,0.58070695,0.10232977,0.5614379573165409,1.0,0.6547619047619048
AP000704.1,0.5804004,2.161144,0.5616446156072818,1.0,0.047619047619047616
GCNT1,0.5802642,0.4925908,0.561736475540694,1.0,0.15476190476190477
HAT1,0.57995766,0.25898978,0.5619431869427267,1.0,0.30952380952380953
ARHGAP24,0.5798214,0.116066694,0.5620350704751838,1.0,0.38095238095238093
ATP6V0E1,0.5786633,0.13149115,0.5628163734623532,1.0,0.8452380952380952
TPM1,0.5782886,0.012729174,0.5630692601279395,1.0,0.8928571428571429
DMPK,0.57733494,0.73960185,0.5637132188578285,1.0,0.08333333333333333
DCAF8,0.5770284,0.20152333,0.563920280932839,1.0,0.34523809523809523
SDF2,0.576824,0.17792028,0.5640583426669746,1.0,0.32142857142857145
CCDC110,0.57651746,2.0284245,0.5642654657847539,1.0,0.047619047619047616
CPNE1,0.57566595,0.07900585,0.564840999818966,1.0,0.7261904761904762
CCNI,0.5753594,0.032170627,0.5650482611666868,1.0,0.9523809523809523
SARS2,0.5753253,0.74178445,0.5650712924623005,1.0,0.10714285714285714
NEK4,0.575121,0.6782622,0.5652094897132874,1.0,0.10714285714285714
MKRN2,0.5742694,0.32355452,0.5657854863973122,1.0,0.15476190476190477
PRMT2,0.57392883,0.12237517,0.5660159639722577,1.0,0.7023809523809523
PSMA2,0.5738267,0.05062292,0.5660851160321786,1.0,0.7976190476190477
GART,0.5737926,0.16237438,0.5661081676199271,1.0,0.4880952380952381
TMEM38B,0.5729751,0.5715719,0.5666615408418836,1.0,0.16666666666666666
STOML1,0.57266855,0.92958003,0.5668691226523094,1.0,0.08333333333333333
RFC1,0.5726004,0.106375284,0.566915256893223,1.0,0.5238095238095238
KAT6A,0.5722939,0.20876724,0.567122883245085,1.0,0.40476190476190477
FCGR2A,0.57208955,2.4652991,0.5672613210518137,1.0,0.047619047619047616
MASTL,0.5715445,1.0424937,0.567630567659952,1.0,0.07142857142857142
MICU2,0.57144237,0.25574628,0.5676998142073155,1.0,0.27380952380952384
ZBTB18,0.5708974,0.4227087,0.5680691974057417,1.0,0.16666666666666666
ZBTB1,0.5707271,0.20800018,0.568184653230931,1.0,0.20238095238095238
CNTNAP3,0.5704546,0.5038204,0.5683694058933076,1.0,0.10714285714285714
COMMD10,0.5697734,0.2505461,0.5688314131816674,1.0,0.30952380952380953
STK32B,0.5697734,0.5408162,0.5688314131816674,1.0,0.13095238095238096
TADA2B,0.5696371,0.6084901,0.5689238361670645,1.0,0.08333333333333333
UNC119,0.5696371,0.44737574,0.5689238361670645,1.0,0.17857142857142858
JADE1,0.5696031,0.25371578,0.5689469430342723,1.0,0.2619047619047619
COX15,0.5696031,0.2590709,0.5689469430342723,1.0,0.2261904761904762
AP4M1,0.5694328,0.36210644,0.5690624840945578,1.0,0.17857142857142858
ISCA1,0.5690581,0.23941052,0.5693167138670625,1.0,0.3333333333333333
IGFBP5,0.56899,0.5064346,0.5693629432869951,1.0,0.2261904761904762
ADSL,0.5687175,0.17748266,0.5695478788845152,1.0,0.39285714285714285
FAM161A,0.56847906,0.60740453,0.5697097210440469,1.0,0.13095238095238096
RLIM,0.568445,0.19011119,0.5697328431435322,1.0,0.32142857142857145
C1orf122,0.5683088,0.10658341,0.569825336018198,1.0,0.5714285714285714
KIAA0586,0.56820655,0.14238475,0.5698947103742502,1.0,0.27380952380952384
GMPPA,0.5681384,0.5638395,0.5699409621827995,1.0,0.14285714285714285
AGGF1,0.5679341,0.19881682,0.5700797283485196,1.0,0.2976190476190476
LIPG,0.5679,0.17332153,0.5701028576088759,1.0,0.39285714285714285
SLC12A2,0.56786597,0.19710243,0.5701259873166322,1.0,0.2976190476190476
DDX39A,0.5676616,0.34455386,0.5702647749575511,1.0,0.21428571428571427
TRAM2-AS1,0.567321,0.7617482,0.5704961234722906,1.0,0.08333333333333333
STT3A,0.56718475,0.15623483,0.5705886753977459,1.0,0.36904761904761907
HLTF,0.566776,0.11582744,0.5708663740831684,1.0,0.42857142857142855
FBXL4,0.5666738,0.56493,0.5709358088087382,1.0,0.13095238095238096
PRMT3,0.5666398,0.2559924,0.570958954610775,1.0,0.16666666666666666
PIN4,0.56657165,0.13156335,0.5710052475550095,1.0,0.44047619047619047
BDNF-AS,0.5664354,0.6615565,0.5710978388036118,1.0,0.08333333333333333
IRF2BPL,0.56572014,0.23452301,0.5715840600685875,1.0,0.2619047619047619
NABP2,0.56568605,0.32146984,0.5716072183720671,1.0,0.30952380952380953
PNO1,0.565652,0.14268503,0.5716303771217619,1.0,0.36904761904761907
CSF2RB,0.5653114,0.53918546,0.5718619891565362,1.0,0.10714285714285714
SOX17,0.56507295,0.30910856,0.572024144119818,1.0,0.14285714285714285
CDKN1A,0.56486857,0.03385406,0.572163151478148,1.0,0.8333333333333334
UTP3,0.563438,0.24205251,0.5731366521075941,1.0,0.2261904761904762
BMI1,0.5630974,0.15453954,0.5733685537243279,1.0,0.38095238095238093
C9orf116,0.56289303,0.85943806,0.5735077160470412,1.0,0.09523809523809523
PLEKHJ1,0.56245023,0.3102235,0.5738092893296245,1.0,0.25
ARL3,0.56193936,0.0693876,0.5741573518386862,1.0,0.5714285714285714
TUBD1,0.56193936,0.8394657,0.5741573518386862,1.0,0.09523809523809523
FAM149B1,0.56139433,0.7351857,0.5745287286744198,1.0,0.09523809523809523
GOLGA6L9,0.56119,2.2544494,0.5746680242894329,1.0,0.047619047619047616
S100A13,0.5611219,0.012763613,0.574714459711634,1.0,0.9047619047619048
RALGDS,0.56088346,0.25111434,0.5748769976666444,1.0,0.23809523809523808
LINC02742,0.5605428,0.17042318,0.5751092324518319,1.0,0.20238095238095238
IL11RA,0.56044066,0.83697003,0.5751789115353247,1.0,0.09523809523809523
CBX5,0.56033844,0.10819771,0.5752485946092862,1.0,0.6190476190476191
DUS2,0.5600319,0.54662734,0.5754576677689898,1.0,0.11904761904761904
VPS28,0.55975944,0.032509644,0.575643540713151,1.0,0.8452380952380952
AC010136.1,0.5596572,1.3572049,0.5757132503774753,1.0,0.05952380952380952
SLC25A15,0.5594869,0.7035521,0.5758294420103005,1.0,0.11904761904761904
NDUFV3,0.55935067,0.13485304,0.5759224032882834,1.0,0.5952380952380952
RPL11,0.55931664,0.018993525,0.5759456447148085,1.0,1.0
PDE5A,0.55866945,0.48299232,0.576387315924846,1.0,0.10714285714285714
POLRMT,0.55849916,0.505127,0.5765035717411824,1.0,0.14285714285714285
AL033543.1,0.5581245,1.0850092,0.5767593734588601,1.0,0.07142857142857142
MSL2,0.557852,0.6754335,0.5769454446746538,1.0,0.10714285714285714
TNKS1BP1,0.5575795,0.29386294,0.5771315441769547,1.0,0.19047619047619047
HTR1D,0.55737513,0.5523986,0.577271137360974,1.0,0.13095238095238096
SLC36A4,0.55723894,0.23290637,0.5773642083182279,1.0,0.23809523809523808
ATP2B1-AS1,0.55679613,1.2667493,0.5776667377245585,1.0,0.05952380952380952
PFN1,0.55659175,0.09741525,0.5778063918435916,1.0,1.0
LZTS2,0.5562171,0.448142,0.5780624656526734,1.0,0.14285714285714285
PIAS2,0.55618304,0.26663038,0.5780857477367329,1.0,0.25
NLRP1,0.55594456,0.3041567,0.5782487346739026,1.0,0.2619047619047619
SCLY,0.55556995,0.25497627,0.5785049006537014,1.0,0.15476190476190477
PHLPP1,0.5554677,0.5591437,0.5785747733590755,1.0,0.13095238095238096
SLC25A33,0.5541394,0.3887521,0.5794834792556638,1.0,0.16666666666666666
SUMO3,0.553969,0.059711326,0.5796000284286448,1.0,0.7142857142857143
AATK,0.5539009,0.8215464,0.5796466511769094,1.0,0.08333333333333333
ASB13,0.5536966,0.9628984,0.5797865299765719,1.0,0.07142857142857142
CNDP2,0.5535603,0.27948588,0.5798797913039043,1.0,0.27380952380952384
TTC38,0.5531516,0.6689295,0.5801596174849692,1.0,0.09523809523809523
LINC00551,0.55301535,0.87403584,0.5802529069410093,1.0,0.08333333333333333
ARHGAP39,0.55233413,1.2230148,0.5807194596347507,1.0,0.07142857142857142
WLS,0.55192536,0.14527434,0.5809994755385142,1.0,0.4166666666666667
COPS8,0.5518913,0.0855418,0.5810228130492998,1.0,0.5357142857142857
COX4I1,0.55151665,0.010843816,0.5812795546181764,1.0,0.9880952380952381
SOX12,0.55131227,0.14760374,0.5814196178387995,1.0,0.32142857142857145
GPR176,0.5506992,0.8482652,0.5818399021749775,1.0,0.09523809523809523
ASAP2,0.5503926,0.14412315,0.5820500975721519,1.0,0.5119047619047619
DDX27,0.5503245,0.13934098,0.5820968124774996,1.0,0.42857142857142855
CYP2R1,0.55001795,0.73412395,0.5823070512222215,1.0,0.08333333333333333
SPPL3,0.54977953,0.17636916,0.5824705947558428,1.0,0.2857142857142857
MED10,0.5486555,0.12602971,0.583241874363382,1.0,0.34523809523809523
STAU1,0.54838306,0.06631963,0.5834289229167096,1.0,0.7976190476190477
SDHA,0.5480424,0.0626017,0.5836627729152781,1.0,0.44047619047619047
ZBTB11-AS1,0.5480424,1.5033345,0.5836627729152781,1.0,0.05952380952380952
FNDC3B,0.5479743,0.13270667,0.583709548154395,1.0,0.5595238095238095
FOXL1,0.54776996,1.5221034,0.5838498843478181,1.0,0.047619047619047616
POLR2M,0.54776996,0.31170192,0.5838498843478181,1.0,0.17857142857142858
ACTR8,0.5475996,0.27807564,0.5839668431772413,1.0,0.16666666666666666
NFATC2,0.5471568,0.15590346,0.5842709871771834,1.0,0.32142857142857145
SCNM1,0.5467481,0.277478,0.5845518008966135,1.0,0.23809523809523808
GET1,0.54671407,0.1308971,0.5845752048733387,1.0,0.34523809523809523
KANSL3,0.5460669,0.7119934,0.5850199632161439,1.0,0.10714285714285714
RALGAPA1,0.54603285,0.372534,0.585043375905749,1.0,0.23809523809523808
AC006141.1,0.5459647,0.5104498,0.5850902025912718,1.0,0.10714285714285714
LYSMD1,0.54541975,1.7676522,0.5854648787610708,1.0,0.05952380952380952
TMUB1,0.54541975,0.32675597,0.5854648787610708,1.0,0.20238095238095238
EIF2AK4,0.5449088,0.09375729,0.5858162388326071,1.0,0.6071428571428571
C4orf48,0.54323983,0.05583872,0.5869646965148252,1.0,0.9880952380952381
MAVS,0.5430695,0.08779752,0.587081944685441,1.0,0.40476190476190477
OBI1,0.54303545,0.37109914,0.5871053956209815,1.0,0.14285714285714285
MAN2A1,0.54283106,0.15774272,0.5872461103425337,1.0,0.34523809523809523
ANKRD9,0.5426608,0.25333002,0.5873633845359315,1.0,0.27380952380952384
PRMT6,0.5424905,0.62872237,0.5874806695680765,1.0,0.11904761904761904
CENPS,0.54242235,0.381565,0.5875275866152462,1.0,0.16666666666666666
QSOX1,0.54214984,0.08069711,0.5877152721390067,1.0,0.6309523809523809
ENC1,0.5418774,0.25695166,0.5879029853915193,1.0,0.32142857142857145
AL355488.1,0.5418433,1.6951447,0.5879264514972711,1.0,0.047619047619047616
ZRANB1,0.54136646,0.23348005,0.5882550224433603,1.0,0.27380952380952384
SIN3B,0.54119617,0.29918736,0.5883723897714824,1.0,0.2857142857142857
DRG2,0.5408896,0.30127585,0.5885836782220386,1.0,0.2261904761904762
MIS18BP1,0.5402084,0.2453108,0.5890533335310801,1.0,0.2619047619047619
PECAM1,0.53997,0.09048015,0.5892177537366459,1.0,0.7619047619047619
P2RX4,0.53990185,0.23222885,0.5892647348267861,1.0,0.19047619047619047
RGN,0.5396634,4.6737056,0.5894291822489581,1.0,0.03571428571428571
FAM168A,0.5395953,0.49799126,0.5894761711137073,1.0,0.14285714285714285
AC060780.1,0.5391525,0.7065953,0.5897816408297759,1.0,0.10714285714285714
OGFRL1,0.53884596,0.25575563,0.5899931625914827,1.0,0.16666666666666666
BBS2,0.5385053,0.19305612,0.5902282277526965,1.0,0.21428571428571427
TIMM50,0.53813064,0.23070648,0.590486849232597,1.0,0.32142857142857145
TBC1D30,0.5378922,1.2404819,0.5906514536916336,1.0,0.07142857142857142
RAI14,0.5378241,0.066285886,0.5906984874150021,1.0,0.8809523809523809
RSBN1L,0.5372451,0.13840349,0.5910983436237758,1.0,0.35714285714285715
PLIN2,0.5368704,0.38934064,0.5913571404117155,1.0,0.19047619047619047
STX16,0.5368363,0.109087445,0.5913806699744245,1.0,0.6785714285714286
SLC17A5,0.5367682,0.2023206,0.5914277303905642,1.0,0.23809523809523808
PRKACB,0.53663194,0.14276443,0.5915218563851854,1.0,0.3333333333333333
ZNF90,0.53663194,0.9334233,0.5915218563851854,1.0,0.08333333333333333
AMMECR1L,0.5365639,0.4882165,0.5915689219633564,1.0,0.11904761904761904
IFT122,0.53622323,0.5965593,0.5918042756565909,1.0,0.10714285714285714
OSBP2,0.5361211,0.7574088,0.5918748901484385,1.0,0.09523809523809523
DNAJC3-DT,0.53605294,1.5687267,0.5919219686255628,1.0,0.05952380952380952
MRPL3,0.53578043,0.19594757,0.5921102997244918,1.0,0.4880952380952381
GLMN,0.53561014,0.44708893,0.5922280206253853,1.0,0.15476190476190477
ZBTB24,0.5354739,0.5392503,0.592322205078056,1.0,0.10714285714285714
CYB5B,0.5353717,0.113533445,0.5923928479270484,1.0,0.6190476190476191
NAGPA,0.5350311,0.42064965,0.5926283519990652,1.0,0.14285714285714285
MGAT2,0.53496295,0.19929963,0.5926754579646756,1.0,0.30952380952380953
ELFN1-AS1,0.5346224,0.40135792,0.5929110135401823,1.0,0.14285714285714285
ATP8B1,0.53428173,0.29767257,0.5931466120138018,1.0,0.20238095238095238
BDH2,0.5339752,0.32359365,0.5933586873018082,1.0,0.23809523809523808
FUT10,0.533873,0.5441761,0.593429386780161,1.0,0.13095238095238096
GLRX5,0.53377086,0.08420098,0.5935000901154763,1.0,0.6428571428571429
SLC35C1,0.53305554,0.57719356,0.5939951214132808,1.0,0.11904761904761904
MNAT1,0.5329534,0.12020567,0.5940658555852842,1.0,0.4880952380952381
CHIC2,0.5328512,0.1151608,0.5941365936094953,1.0,0.5119047619047619
EIF4H,0.53264683,0.089773126,0.5942780812124254,1.0,0.5595238095238095
SRD5A3,0.5323743,0.2924652,0.5944667553083528,1.0,0.20238095238095238
PDLIM3,0.53210187,0.06477641,0.5946554567764364,1.0,0.7619047619047619
S100A10,0.53203374,-0.01297007,0.5947026364191799,1.0,0.9880952380952381
ALG3,0.5316931,0.27962935,0.5949385602793861,1.0,0.27380952380952384
THEMIS2,0.53121626,0.41034994,0.5952689254652568,1.0,0.13095238095238096
AC040970.1,0.53121626,1.0699384,0.5952689254652568,1.0,0.07142857142857142
CARD8-AS1,0.5311822,0.24151161,0.5952925261818407,1.0,0.2261904761904762
VAC14,0.53080755,0.49091485,0.5955521622421251,1.0,0.11904761904761904
MSL1,0.53077346,0.19898018,0.5955757680814455,1.0,0.32142857142857145
LCMT1,0.53053504,0.23181392,0.595741020905059,1.0,0.2857142857142857
PMS2,0.5304329,0.09835166,0.5958118499435814,1.0,0.19047619047619047
TSG101,0.53036475,0.21789436,0.5958590714354794,1.0,0.30952380952380953
AC016588.2,0.5298198,0.72880906,0.5962369047778568,1.0,0.08333333333333333
ZNF614,0.52971756,1.1466165,0.5963077606791294,1.0,0.07142857142857142
TATDN3,0.5295813,0.2888095,0.5964022411802574,1.0,0.14285714285714285
ARL17A,0.52903634,0.48487213,0.5967802313445567,1.0,0.09523809523809523
NPLOC4,0.5283211,0.14613348,0.5972765088309,1.0,0.30952380952380953
SEM1,0.527742,0.0668816,0.5976783946678274,1.0,0.9285714285714286
SSBP1,0.52763987,0.043125708,0.5977493284509677,1.0,0.8095238095238095
ATP8B2,0.5268564,0.23484965,0.5982932811427155,1.0,0.17857142857142858
GIPC1,0.52675426,0.2367055,0.5983642480543019,1.0,0.39285714285714285
SNAPC2,0.5267202,0.2272469,0.5983879045403964,1.0,0.21428571428571427
AL392172.1,0.52651584,0.74355686,0.5985298523690152,1.0,0.09523809523809523
ZNF134,0.52651584,0.576002,0.5985298523690152,1.0,0.09523809523809523
SCFD2,0.5263796,0.85730815,0.5986244927409752,1.0,0.10714285714285714
FGFR4,0.5261752,1.6811167,0.5987664660250609,1.0,0.047619047619047616
PIGG,0.5260049,0.2949526,0.5988847887580373,1.0,0.16666666666666666
NISCH,0.52518743,0.33889452,0.5994528853844419,1.0,0.2261904761904762
C9orf40,0.52505124,0.74482834,0.5995475918802049,1.0,0.10714285714285714
SYNC,0.52467656,0.3594988,0.599808069673782,1.0,0.25
ZNHIT2,0.52416563,0.582012,0.6001633491885621,1.0,0.10714285714285714
NUDT14,0.5240975,0.13759913,0.6002107269817321,1.0,0.35714285714285715
VPS35,0.52399534,0.08784017,0.6002817968430787,1.0,0.6428571428571429
SYPL1,0.52362067,0.108609445,0.600542418888167,1.0,0.6428571428571429
YME1L1,0.5228713,0.07631722,0.6010638163578601,1.0,0.6309523809523809
PFAS,0.5228372,0.8064193,0.6010875210993748,1.0,0.09523809523809523
STX1A,0.5227691,0.44839236,0.6011349318488254,1.0,0.14285714285714285
BCL10,0.52229226,0.17273693,0.601466854362014,1.0,0.47619047619047616
ALG11,0.52229226,0.67091376,0.601466854362014,1.0,0.10714285714285714
BORCS6,0.5219176,0.93752867,0.6017277086263539,1.0,0.08333333333333333
AACS,0.5217132,0.32395634,0.6018700142741968,1.0,0.19047619047619047
YIPF3,0.5214748,0.13045971,0.602036056707361,1.0,0.4880952380952381
BCL2L12,0.5213726,0.29456633,0.6021072240707455,1.0,0.17857142857142858
SPCS3,0.5213386,0.08150771,0.6021309473678067,1.0,0.7142857142857143
CDC37L1,0.52127045,0.2955941,0.6021783952257085,1.0,0.21428571428571427
ARHGAP26,0.52055514,0.23003487,0.6026766994291765,1.0,0.3333333333333333
PPP3CB,0.52018046,0.35733494,0.60293778999018,1.0,0.15476190476190477
APBA3,0.51973766,1.0724132,0.6032464171713259,1.0,0.09523809523809523
TPM4,0.519363,0.07223711,0.6035076187320825,1.0,1.0
PTBP2,0.51854557,0.49083328,0.6040776894525608,1.0,0.10714285714285714
PSMG2,0.51847744,0.13140227,0.6041252062598559,1.0,0.5119047619047619
SH3RF3-AS1,0.5184093,2.0206983,0.6041727247454637,1.0,0.047619047619047616
IFI16,0.51827306,0.13151096,0.6042677667509726,1.0,0.6666666666666666
SNX24,0.5182049,0.48937303,0.6043152902705513,1.0,0.14285714285714285
PCYT2,0.5179665,0.1831329,0.6044816357996506,1.0,0.30952380952380953
PDGFB,0.5178984,0.06762694,0.6045291668674633,1.0,0.6904761904761905
CTIF,0.51786435,0.51090765,0.6045529330302327,1.0,0.11904761904761904
SLC38A9,0.51765996,0.64426494,0.6046955388096624,1.0,0.10714285714285714
ELL2,0.51759183,0.4643934,0.6047430774224407,1.0,0.14285714285714285
BRAF,0.5174897,0.24910751,0.6048143884844603,1.0,0.25
G2E3,0.5171831,0.36502475,0.6050283442939695,1.0,0.23809523809523808
GSDMC,0.5169106,0.780996,0.6052185557153864,1.0,0.08333333333333333
SYNPO,0.5167062,0.1894769,0.6053612318653021,1.0,0.2857142857142857
CLDND1,0.51616126,0.15922377,0.605741775247538,1.0,0.30952380952380953
RNPS1,0.51616126,0.08256735,0.605741775247538,1.0,0.6309523809523809
GNAI1,0.5159569,0.37600303,0.605884506621835,1.0,0.25
MINDY4,0.5158207,0.8961093,0.6059796692332993,1.0,0.07142857142857142
ZFAS1,0.5156844,0.014846569,0.6060748385327976,1.0,0.9880952380952381
LINC01534,0.5156163,1.537758,0.6061224256901543,1.0,0.047619047619047616
FNDC4,0.5156163,0.17398642,0.6061224256901543,1.0,0.2857142857142857
STK39,0.51551414,0.35707015,0.6061938095602428,1.0,0.20238095238095238
SPPL2A,0.5152076,0.14604846,0.6064079837305857,1.0,0.39285714285714285
NR1D2,0.5152076,0.12924266,0.6064079837305857,1.0,0.20238095238095238
DHCR24,0.51486695,0.13332915,0.6066459947058643,1.0,0.5238095238095238
QKI,0.5147648,0.14030908,0.6067174061393419,1.0,0.5952380952380952
NEK6,0.51445824,0.18719049,0.6069316629757504,1.0,0.3333333333333333
TXNDC9,0.5141857,0.124182515,0.6071221418664339,1.0,0.42857142857142855
CCZ1,0.5141857,0.20497978,0.6071221418664339,1.0,0.20238095238095238
SPHK1,0.5140495,0.33416116,0.6072173913211032,1.0,0.14285714285714285
FLNA,0.5132661,0.10205899,0.607765205107486,1.0,0.8333333333333334
C1orf198,0.512653,1.3436463,0.6081940826335854,1.0,0.05952380952380952
PAAF1,0.5126189,0.25694698,0.608217913116978,1.0,0.21428571428571427
ARFGAP2,0.51258487,0.3578543,0.6082417440164627,1.0,0.17857142857142858
ALDOA,0.51255083,0.32972246,0.608265575332019,1.0,0.11904761904761904
RABGGTA,0.5124827,0.32287446,0.6083132392112651,1.0,0.15476190476190477
PRCD,0.51231235,1.1946609,0.6084324061892076,1.0,0.05952380952380952
CD274,0.512108,0.56702375,0.608575420287496,1.0,0.13095238095238096
MTOR,0.5119718,0.16874094,0.6086707713356838,1.0,0.2619047619047619
VPS39,0.5118696,0.5199343,0.6087422889867935,1.0,0.14285714285714285
PTRH2,0.51146084,0.17411792,0.6090283969936192,1.0,0.2976190476190476
UBAP2L,0.5113927,0.16015485,0.6090760874779528,1.0,0.5
AC026401.3,0.5113246,0.99746746,0.6091237796237158,1.0,0.07142857142857142
CALU,0.51125646,0.08420529,0.6091714734307452,1.0,0.9880952380952381
FBL,0.5108818,0.075649686,0.609433819057235,1.0,0.5952380952380952
CCDC186,0.5108818,0.28933933,0.609433819057235,1.0,0.21428571428571427
RARG,0.51084775,0.555068,0.6094576711503572,1.0,0.10714285714285714
PRKCQ-AS1,0.51064336,3.2541487,0.609600792424012,1.0,0.03571428571428571
CCNY,0.5103368,0.07498339,0.6098155023393796,1.0,0.5
SIX1,0.5103028,0.42954487,0.6098393610705329,1.0,0.13095238095238096
DENR,0.5100984,0.10401922,0.6099825221654995,1.0,0.5952380952380952
LRBA,0.5097237,0.33307818,0.6102450229329895,1.0,0.2261904761904762
GLI3,0.509315,0.39969915,0.6105314445866312,1.0,0.13095238095238096
SOCS3,0.5092809,0.6007391,0.6105553157499636,1.0,0.09523809523809523
TUBB3,0.5092469,0.121402875,0.6105791873273844,1.0,0.38095238095238093
HIVEP3,0.5092128,0.42312518,0.6106030593188729,1.0,0.13095238095238096
CUL2,0.5091447,0.20302357,0.610650804543971,1.0,0.38095238095238093
CD200,0.50894034,0.30245385,0.6107940501547575,1.0,0.25
TRIM11,0.5088381,0.30352753,0.6108656785478491,1.0,0.10714285714285714
MTG2,0.5088041,0.21662223,0.6108895555065501,1.0,0.25
LRIG2-DT,0.5085316,1.3694756,0.6110805860712674,1.0,0.047619047619047616
MARCH3,0.5081569,0.09419881,0.6113432963206392,1.0,0.5357142857142857
FBXO17,0.5080888,0.19815235,0.611391067195665,1.0,0.2857142857142857
ADNP2,0.5077482,0.42654645,0.611629946369677,1.0,0.14285714285714285
UFL1,0.50771415,0.10963694,0.6116538365598192,1.0,0.47619047619047616
RIC8B,0.5073735,0.7117921,0.6118927611807278,1.0,0.11904761904761904
ALYREF,0.50723726,0.12011123,0.611988342592495,1.0,0.4523809523809524
NLE1,0.5071691,0.6516818,0.6120361357755921,1.0,0.10714285714285714
MPPE1,0.5071351,0.3519528,0.6120600329863721,1.0,0.15476190476190477
RPA3,0.5067264,0.056515347,0.6123468317077265,1.0,0.4166666666666667
Z95331.1,0.5061133,0.57245547,0.6127771411660932,1.0,0.08333333333333333
ZNF680,0.50601107,0.5380059,0.6128488723959156,1.0,0.09523809523809523
TNFRSF10C,0.5057386,0.19833748,0.6130401738069042,1.0,0.14285714285714285
HEG1,0.5050914,0.21376204,0.6134946203032239,1.0,0.27380952380952384
ITFG2,0.5046827,0.3407284,0.613781715701275,1.0,0.13095238095238096
NUDT17,0.50447834,1.044049,0.6139252856131248,1.0,0.05952380952380952
AL162171.3,0.5043762,1.7671881,0.6139970761203004,1.0,0.047619047619047616
S100A6,0.50410366,0.022253726,0.6141885355605732,1.0,1.0
PEX11B,0.50386524,0.2977654,0.6143560841463289,1.0,0.19047619047619047
SHARPIN,0.503729,0.23632966,0.6144518352336148,1.0,0.39285714285714285
CCDC43,0.50369495,0.14949057,0.6144757740323066,1.0,0.35714285714285715
EFCAB7,0.50349057,0.91524726,0.6146194154485731,1.0,0.07142857142857142
PPP2R5A,0.503184,0.34969023,0.6148349052858793,1.0,0.21428571428571427
KLHDC4,0.5031499,0.44070658,0.6148588506533903,1.0,0.14285714285714285
CD46,0.50260496,0.11450544,0.6152420323304428,1.0,0.7738095238095238
SRGAP2C,0.5024347,0.2204991,0.6153617981357644,1.0,0.2857142857142857
ACTR2,0.5022644,0.034944013,0.6154815741895587,1.0,0.8333333333333334
HGH1,0.50219625,0.5945813,0.6155294874800671,1.0,0.11904761904761904
RSL24D1,0.50209403,0.081857234,0.6156013604892286,1.0,0.8452380952380952
GLOD4,0.5018556,0.19319768,0.6157690785168906,1.0,0.34523809523809523
ZNF226,0.5017875,0.24000141,0.6158170016399472,1.0,0.25
ACAD8,0.50175345,0.385668,0.615840963815802,1.0,0.13095238095238096
ZNF585A,0.50175345,0.28730476,0.615840963815802,1.0,0.20238095238095238
NSUN6,0.50151503,0.33182555,0.616008710512268,1.0,0.13095238095238096
PSMB9,0.5014128,0.067128055,0.6160806080946896,1.0,0.4166666666666667
RNF20,0.50131065,0.18399611,0.6161525093609466,1.0,0.2261904761904762
SLK,0.50097007,0.08319785,0.6163922068467332,1.0,0.6190476190476191
MED19,0.5007657,0.16588819,0.6165360449736683,1.0,0.35714285714285715
CNBP,0.49970978,0.052018587,0.6172794430451134,1.0,0.7023809523809523
RPS4X,0.49919885,-0.0011938027,0.6176392926818444,1.0,1.0
METTL5,0.49916482,0.13773945,0.6176632859220816,1.0,0.5357142857142857
TBC1D17,0.4988923,0.37723514,0.6178552465280096,1.0,0.14285714285714285
NIFK-AS1,0.4985517,0.6579143,0.6180952339835764,1.0,0.09523809523809523
MAML3,0.49831328,0.4712182,0.618263249453661,1.0,0.14285714285714285
ITPKC,0.49797267,1.0201024,0.6185033061823261,1.0,0.07142857142857142
LINC00853,0.49797267,1.6951365,0.6185033061823261,1.0,0.047619047619047616
MT-ATP8,0.49780238,0.075404204,0.6186233498181992,1.0,0.6785714285714286
AC005726.1,0.49773425,0.8687918,0.6186713701224054,1.0,0.05952380952380952
ARL2BP,0.49763206,0.115307756,0.6187434036316084,1.0,0.5952380952380952
ZNF629,0.49752986,0.336444,0.6188154408037816,1.0,0.09523809523809523
SELENON,0.4974958,0.11355176,0.6188394540084013,1.0,0.4523809523809524
E2F4,0.4973255,0.24144131,0.6189595261347735,1.0,0.20238095238095238
MECR,0.49718925,0.20726097,0.6190555911585407,1.0,0.2619047619047619
TFE3,0.4970871,0.3278868,0.6191276441970424,1.0,0.13095238095238096
SIRPA,0.49623555,0.3753187,0.6197282284620904,1.0,0.15476190476190477
ANKLE2,0.49613336,0.0764766,0.619800315638088,1.0,0.36904761904761907
C1R,0.49545214,1.5530005,0.6202809901808455,1.0,0.047619047619047616
KCNJ2,0.4953159,1.6255132,0.6203771445661084,1.0,0.047619047619047616
BAG3,0.4953159,0.2115891,0.6203771445661084,1.0,0.25
APOLD1,0.4949753,0.24011928,0.6206175589161103,1.0,0.14285714285714285
BBS9,0.49429408,0.60479206,0.6210985092024204,1.0,0.10714285714285714
OSBPL10,0.49415782,0.44495907,0.6211947187020288,1.0,0.17857142857142858
AC104123.1,0.49361286,0.9526555,0.621579621463297,1.0,0.07142857142857142
TADA1,0.49320412,0.5427438,0.6218683664974063,1.0,0.08333333333333333
TF,0.49303383,3.4440854,0.6219886941114743,1.0,0.03571428571428571
ADAT2,0.49269322,0.38036466,0.6222293796486222,1.0,0.17857142857142858
IQCG,0.49248883,0.43119726,0.6223738103615755,1.0,0.13095238095238096
C1orf131,0.4923526,0.28126568,0.622470105580168,1.0,0.2976190476190476
MSRB3,0.49177355,0.124561094,0.6228794323090583,1.0,0.5119047619047619
HOXB4,0.49170545,0.29213905,0.6229275960609004,1.0,0.16666666666666666
MAP1A,0.49163732,0.95300937,0.6229757614260634,1.0,0.05952380952380952
FAM8A1,0.49163732,0.1673127,0.6229757614260634,1.0,0.16666666666666666
BIVM,0.49119452,0.43912435,0.6232888756126084,1.0,0.19047619047619047
PRDX3,0.49116045,0.15065491,0.6233129641409454,1.0,0.75
HNRNPK,0.49102423,0.044815592,0.6234093222839914,1.0,0.9166666666666666
DCP1A,0.49088797,0.22536527,0.6235056868735376,1.0,0.21428571428571427
ANAPC7,0.4907517,0.18510143,0.623602057908226,1.0,0.2619047619047619
TRIM59,0.49068362,0.38161582,0.6236502458420743,1.0,0.16666666666666666
AGL,0.4905133,0.18946786,0.62377072272347,1.0,0.25
VPS37B,0.49044517,0.16850732,0.6238189162942924,1.0,0.21428571428571427
RELCH,0.48983207,0.4826645,0.6242527308694952,1.0,0.13095238095238096
RTTN,0.489798,0.96988755,0.6242768355009223,1.0,0.08333333333333333
CCDC136,0.48952553,0.6899519,0.6244696870276585,1.0,0.09523809523809523
CDS2,0.48949146,0.3769837,0.6244937952775966,1.0,0.2619047619047619
NBPF20,0.48932117,1.961143,0.6246143425561199,1.0,0.047619047619047616
ZDHHC1,0.4891168,0.3071345,0.6247590125509701,1.0,0.14285714285714285
SLC39A9,0.48908272,0.23416315,0.6247831256229102,1.0,0.20238095238095238
RFX7,0.48898056,0.38795125,0.6248554672488166,1.0,0.15476190476190477
RIMKLB,0.48891243,0.23228817,0.6249036970076127,1.0,0.16666666666666666
MFN2,0.48881024,0.46966574,0.6249760446576698,1.0,0.16666666666666666
P3H1,0.4877884,0.2018876,0.6256997198181444,1.0,0.32142857142857145
JOSD2,0.48748186,0.10722432,0.6259168927478826,1.0,0.47619047619047616
EMC3,0.48697096,0.1711273,0.6262789197479122,1.0,0.4166666666666667
CNN3,0.4868347,0.04633095,0.6263754754984086,1.0,0.7857142857142857
ETHE1,0.48646003,0.17482044,0.6266410368318927,1.0,0.44047619047619047
SARNP,0.48642597,0.07607616,0.6266651811720431,1.0,0.6428571428571429
NAT14,0.4863919,0.24577932,0.6266893259122248,1.0,0.2976190476190476
FBXO44,0.48625568,1.0876137,0.6267859088728354,1.0,0.05952380952380952
HADH,0.48611942,0.12621069,0.6268824982322336,1.0,0.2976190476190476
WDFY2,0.48591506,0.21423137,0.6270273942660629,1.0,0.21428571428571427
KLHL7,0.4857788,0.21238172,0.6271239996164397,1.0,0.25
OTUD6B-AS1,0.48567662,0.10933261,0.627196457825356,1.0,0.5476190476190477
CHORDC1,0.48557445,0.2582229,0.6272689196303161,1.0,0.25
CRAT,0.48540413,0.23220949,0.6273896972948872,1.0,0.21428571428571427
SLC22A5,0.48537007,0.91542643,0.6274138540260544,1.0,0.07142857142857142
ZNF521,0.48530194,0.14525521,0.6274621686864703,1.0,0.40476190476190477
PLOD3,0.4852679,0.091950014,0.6274863266156763,1.0,0.6190476190476191
MGAT1,0.48523384,0.30703065,0.6275104849441855,1.0,0.2261904761904762
AC110611.2,0.48502946,1.4425191,0.6276554432994119,1.0,0.047619047619047616
CCDC18,0.48502946,0.90800077,0.6276554432994119,1.0,0.07142857142857142
ARL2,0.4845867,0.010883673,0.6279695690249968,1.0,0.7857142857142857
LIN52,0.48455262,0.5095553,0.627993735335072,1.0,0.09523809523809523
MMAB,0.48441637,0.1261269,0.62809040456369,1.0,0.5357142857142857
LYPLA2,0.48407575,0.21230052,0.628332105545941,1.0,0.21428571428571427
GBF1,0.48390546,0.24505568,0.6284529709841324,1.0,0.2261904761904762
ZNF526,0.4838714,0.90894943,0.6284771452671924,1.0,0.08333333333333333
FURIN,0.4835989,0.2539411,0.6286705538731242,1.0,0.23809523809523808
AL022323.3,0.48325828,1.2808832,0.6289123504719208,1.0,0.047619047619047616
SIDT2,0.48319018,0.3798373,0.6289607145688114,1.0,0.14285714285714285
CKS1B,0.4831561,0.19843358,0.6289848972142584,1.0,0.2976190476190476
POSTN,0.48312205,0.8082147,0.6290090802576778,1.0,0.13095238095238096
RBMS2,0.483088,0.06556781,0.6290332636990482,1.0,0.36904761904761907
PARD6G-AS1,0.48284957,2.869304,0.6292025589294599,1.0,0.03571428571428571
TULP3,0.48240677,0.37221763,0.6295170160630177,1.0,0.2261904761904762
GAL,0.48230457,0.35183215,0.6295895926355368,1.0,0.14285714285714285
PPP1R13B,0.48223647,0.51495594,0.629637979004424,1.0,0.09523809523809523
SPG11,0.4822024,0.24891151,0.6296621727849652,1.0,0.2261904761904762
AP5B1,0.48196396,0.3858856,0.6298315403739007,1.0,0.09523809523809523
ATRAID,0.481419,0.084932916,0.6302187393678494,1.0,0.7142857142857143
PTPDC1,0.48101026,0.5697023,0.6305092052929617,1.0,0.09523809523809523
AC008267.5,0.4809762,0.39789885,0.6305334133652329,1.0,0.10714285714285714
LNP1,0.4807037,1.2390194,0.6307270922189514,1.0,0.05952380952380952
SNU13,0.48056746,0.060022082,0.6308239411605975,1.0,0.8928571428571429
COG6,0.48053342,0.1686989,0.6308481543868987,1.0,0.21428571428571427
TIMM10B,0.48032904,0.21343553,0.6309934420665151,1.0,0.2619047619047619
UBL4A,0.48022684,0.19453403,0.6310660912550854,1.0,0.2261904761904762
SEC24A,0.4799203,0.24062523,0.6312840602088423,1.0,0.17857142857142858
FRAT1,0.4799203,1.4317569,0.6312840602088423,1.0,0.047619047619047616
PTGFR,0.47988623,0.162478,0.6313082809613879,1.0,0.20238095238095238
AP000866.6,0.4798522,0.9013238,0.6313325021098358,1.0,0.05952380952380952
TTC8,0.47978407,0.51978135,0.6313809455943504,1.0,0.11904761904761904
NDUFAF5,0.47971594,0.26520863,0.6314293906622133,1.0,0.20238095238095238
ASMTL,0.4794094,0.22499365,0.6316474130568885,1.0,0.23809523809523808
TARS,0.479205,0.08293744,0.6317927791229343,1.0,0.5952380952380952
AL162231.2,0.47900066,0.56123513,0.6319381594258674,1.0,0.08333333333333333
AC013451.2,0.47893253,1.0654722,0.6319866226897894,1.0,0.05952380952380952
EXOC3-AS1,0.47855785,0.7307125,0.6322531989003639,1.0,0.05952380952380952
ACVR1,0.47828537,0.34188995,0.6324471025340666,1.0,0.16666666666666666
SMG9,0.4780129,0.46267205,0.6326410314403428,1.0,0.14285714285714285
BASP1-AS1,0.47780854,2.916327,0.6327864946984948,1.0,0.03571428571428571
SIVA1,0.4777404,0.06954376,0.6328349856080854,1.0,0.5714285714285714
AFF3,0.4777404,0.5826384,0.6328349856080854,1.0,0.07142857142857142
FAM92A,0.47767228,0.16692375,0.6328834780958231,1.0,0.34523809523809523
PEX14,0.4776382,0.7689553,0.6329077249314428,1.0,0.08333333333333333
ATP6V0A2,0.47750196,0.3088229,0.6330047162184214,1.0,0.15476190476190477
FHOD3,0.4773998,0.7714974,0.6330774638247714,1.0,0.08333333333333333
PXMP2,0.4764461,0.19330628,0.63375661254017,1.0,0.2857142857142857
SLCO4A1,0.47613955,0.6615702,0.6339749759173507,1.0,0.08333333333333333
AP003392.5,0.47610548,2.559335,0.6339992404826809,1.0,0.03571428571428571
WDR26,0.47607142,0.15118949,0.6340235054415042,1.0,0.35714285714285715
RPL23,0.47607142,0.03536495,0.6340235054415042,1.0,1.0
ATP1B1,0.47586703,0.2012539,0.6341691034565848,1.0,0.32142857142857145
PARPBP,0.47583297,0.3722236,0.6341933711692516,1.0,0.09523809523809523
KIF13A,0.47576487,0.14929712,0.6342419077745209,1.0,0.39285714285714285
LYRM1,0.47576487,0.33098578,0.6342419077745209,1.0,0.27380952380952384
KYAT3,0.47515175,0.27611876,0.6346788079906246,1.0,0.2261904761904762
ALAS1,0.4749474,0.15272687,0.6348244696898646,1.0,0.2976190476190476
AC104984.3,0.4743343,0.8693642,0.6352615396032504,1.0,0.07142857142857142
LAMTOR1,0.4742321,0.098581605,0.6353343969515791,1.0,0.6785714285714286
SPTY2D1OS,0.4739937,0.8353505,0.6355044111602852,1.0,0.08333333333333333
AC025569.1,0.47382337,0.95750624,0.6356258616454609,1.0,0.05952380952380952
EIF2D,0.47368714,0.22346206,0.6357230290903064,1.0,0.2857142857142857
WDR3,0.47334653,0.2262006,0.6359659751354716,1.0,0.27380952380952384
ACSL4,0.47276747,0.08710856,0.636379073301606,1.0,0.7142857142857143
PAFAH2,0.47263125,0.53749174,0.6364762893109511,1.0,0.08333333333333333
ADCY4,0.47133693,0.81911784,0.6374001534320046,1.0,0.07142857142857142
KRT15,0.47106442,0.41594544,0.6375947230217585,1.0,0.11904761904761904
GON4L,0.47096226,0.19403443,0.6376676930577694,1.0,0.25
AC104938.1,0.47086006,2.5820932,0.6377406666055052,1.0,0.03571428571428571
ZNF487,0.4707238,1.3723207,0.6378379701308112,1.0,0.05952380952380952
CNOT6L,0.4704854,0.08556792,0.6380082663157107,1.0,0.30952380952380953
DHX38,0.4703832,0.14464419,0.6380812562436543,1.0,0.25
REX1BD,0.46994042,0.040776674,0.6383975864648768,1.0,0.6547619047619048
IRGQ,0.46956575,0.39851516,0.6386653019184148,1.0,0.15476190476190477
TJP2,0.46932733,0.16402325,0.6388356908250723,1.0,0.34523809523809523
MAPK8,0.46878234,0.11331329,0.6392252227720345,1.0,0.15476190476190477
AC245452.1,0.46844172,0.3752662,0.6394687307864861,1.0,0.08333333333333333
PRPF38B,0.46827143,0.06061976,0.6395904993662087,1.0,0.5476190476190477
PGBD2,0.4678627,1.0034409,0.6398827835744854,1.0,0.05952380952380952
ZKSCAN2-DT,0.46779457,0.87402105,0.6399315030448611,1.0,0.07142857142857142
EHMT2,0.4677605,0.30480227,0.6399558633622761,1.0,0.19047619047619047
TYMSOS,0.4675902,0.37706953,0.6400776707707364,1.0,0.11904761904761904
KMT2E,0.46748802,0.07459849,0.6401507598721266,1.0,0.6309523809523809
CD63,0.46748802,0.08056139,0.6401507598721266,1.0,1.0
ANKRD55,0.4672496,1.0061375,0.6403213146857543,1.0,0.07142857142857142
MYLK-AS1,0.46718147,0.8637186,0.6403700481229512,1.0,0.05952380952380952
C11orf96,0.46697712,0.4089443,0.640516257739747,1.0,0.14285714285714285
SRGAP2B,0.46697712,0.20868538,0.640516257739747,1.0,0.30952380952380953
ZBTB4,0.466909,0.089529924,0.6405649973798243,1.0,0.25
AC008966.1,0.46684086,0.9823462,0.6406137385701798,1.0,0.05952380952380952
GCSH,0.46684086,0.05296002,0.6406137385701798,1.0,0.6785714285714286
ENTPD1-AS1,0.46653432,0.47118402,0.6408330931067265,1.0,0.11904761904761904
GADD45G,0.46588716,2.745163,0.6412962779152538,1.0,0.03571428571428571
ATP1B3,0.46568277,0.042211533,0.6414425758272767,1.0,0.7261904761904762
MMP16,0.46568277,0.21051641,0.6414425758272767,1.0,0.15476190476190477
MPG,0.46520594,0.044509258,0.6417839917619081,1.0,0.7023809523809523
SNX1,0.46500155,0.1278328,0.6419303360680445,1.0,0.2857142857142857
ACYP1,0.46493345,0.10634923,0.6419791205942951,1.0,0.25
PEBP1,0.46476313,0.026273888,0.6421010886695216,1.0,0.8928571428571429
NCOR1,0.46462688,0.07202572,0.6421986700809701,1.0,0.5119047619047619
AC009060.1,0.46462688,1.0371801,0.6421986700809701,1.0,0.05952380952380952
CALM3,0.46438846,0.11525101,0.6423694524144365,1.0,0.75
RNF122,0.4636391,1.4216194,0.6429063199672821,1.0,0.047619047619047616
TGS1,0.46336663,0.24608104,0.6431015907973445,1.0,0.27380952380952384
IGFBP3,0.46336663,1.7109675,0.6431015907973445,1.0,0.047619047619047616
PRR11,0.4629579,0.45572558,0.6433945432704806,1.0,0.19047619047619047
LAMA3,0.46261728,0.67868185,0.6436387126826612,1.0,0.11904761904761904
AL133351.1,0.46258324,2.5958765,0.6436631317405024,1.0,0.03571428571428571
TMEM87A,0.46254918,0.14600939,0.6436875511830951,1.0,0.2976190476190476
POMK,0.46186796,1.5140437,0.6441760207984665,1.0,0.047619047619047616
CDC20,0.4618339,0.28950885,0.6442004483156951,1.0,0.13095238095238096
SH3D19,0.46176577,0.07220507,0.6442493045029142,1.0,0.4642857142857143
ZNF425,0.46169764,2.2966893,0.6442981622270002,1.0,0.03571428571428571
LPAR6,0.4616295,0.6159681,0.6443470214877747,1.0,0.10714285714285714
SON,0.46132296,0.074260056,0.6445669071729965,1.0,0.8333333333333334
ATIC,0.46053958,0.11313479,0.6451289785041616,1.0,0.2857142857142857
CDKN2AIP,0.4604374,0.5633775,0.645202307114975,1.0,0.14285714285714285
TCTN3,0.46040332,0.19260038,0.6452267507519682,1.0,0.30952380952380953
SPSB2,0.460233,0.6458824,0.6453489746863448,1.0,0.09523809523809523
ZFPM1,0.460233,0.8920495,0.6453489746863448,1.0,0.05952380952380952
ADAMTS10,0.46013084,2.0542803,0.6454223136456944,1.0,0.03571428571428571
DHRSX,0.45996052,0.2301186,0.6455445529072124,1.0,0.25
IFRD1,0.45996052,0.34252062,0.6455445529072124,1.0,0.17857142857142858
SLC39A7,0.4598243,0.16799705,0.6456423512111586,1.0,0.39285714285714285
EMC4,0.4596199,0.12513177,0.6457890601549428,1.0,0.4523809523809524
CTC1,0.45900682,0.59153014,0.6462292696538103,1.0,0.09523809523809523
LCAT,0.45897275,1.2121257,0.6462537293711483,1.0,0.05952380952380952
ELOVL4,0.4586662,1.141933,0.6464738840317885,1.0,0.05952380952380952
ITGB8,0.45812124,0.43475533,0.6468653465211858,1.0,0.14285714285714285
DERL2,0.45801905,0.20359904,0.6469387566226946,1.0,0.2619047619047619
AC096667.1,0.45791686,2.0725713,0.6470121701600118,1.0,0.03571428571428571
CAST,0.45733783,0.06064854,0.6474282450741615,1.0,0.9642857142857143
LIPA,0.45720157,0.10911593,0.6475261610729648,1.0,0.30952380952380953
COPB2,0.45624787,0.13605878,0.6482117437695742,1.0,0.5
ZSCAN31,0.45607758,1.1805432,0.648334200663865,1.0,0.047619047619047616
GMPR,0.4558732,0.26075128,0.6484811614924653,1.0,0.21428571428571427
HAPLN3,0.45529416,0.6272589,0.6488976248472926,1.0,0.08333333333333333
ABCC4,0.4548173,0.26519877,0.6492406771246411,1.0,0.2619047619047619
KAT8,0.45457888,0.2493742,0.6494122311708844,1.0,0.15476190476190477
KIF3A,0.4545448,0.19475418,0.6494367404098942,1.0,0.2976190476190476
PLEKHF1,0.45444265,0.68249786,0.6495102704036038,1.0,0.07142857142857142
OSMR,0.45444265,0.19694924,0.6495102704036038,1.0,0.21428571428571427
CA13,0.45413607,0.76339835,0.649730880869576,1.0,0.08333333333333333
DGCR6,0.45382953,1.052842,0.6499515220500163,1.0,0.05952380952380952
SIRT2,0.45382953,0.3618901,0.6499515220500163,1.0,0.20238095238095238
TXN2,0.45321643,0.06609573,0.6503928964884491,1.0,0.5714285714285714
GLUD1,0.4529099,0.18066706,0.6506136297134959,1.0,0.4880952380952381
CCDC159,0.45270553,0.36942062,0.6507608022248648,1.0,0.11904761904761904
KIN,0.45267147,0.28109497,0.6507853323007378,1.0,0.21428571428571427
ATG101,0.45260334,0.14607851,0.6508343935871184,1.0,0.2619047619047619
NRDE2,0.4521946,0.20181489,0.6511287930656702,1.0,0.19047619047619047
ADCY3,0.45216054,0.38778895,0.6511533288124536,1.0,0.15476190476190477
LINC00630,0.45212647,0.9902708,0.6511778649371167,1.0,0.07142857142857142
COQ9,0.45205837,0.11692609,0.6512269383199907,1.0,0.2976190476190476
FAM49B,0.45195618,0.11391818,0.6513005512278325,1.0,0.44047619047619047
AUH,0.451854,0.5775362,0.6513741675353675,1.0,0.08333333333333333
AL158206.1,0.45164964,0.6468884,0.6515214103470699,1.0,0.05952380952380952
TRAF6,0.4515815,0.5195863,0.6515704943048639,1.0,0.08333333333333333
AL157938.3,0.45154744,0.8141999,0.6515950368500139,1.0,0.05952380952380952
KNTC1,0.45151338,0.7767801,0.6516195797726355,1.0,0.05952380952380952
CCT3,0.45110464,0.0252451,0.6519141242786405,1.0,0.8690476190476191
TNFRSF21,0.4510706,0.32070607,0.6519386721063318,1.0,0.16666666666666666
ABCB10,0.45103654,0.2502228,0.6519632203111774,1.0,0.13095238095238096
CRADD,0.45083216,0.3730208,0.6521105174592203,1.0,0.15476190476190477
PDCD6,0.45069593,0.0847664,0.6522087230981276,1.0,0.6666666666666666
GATA6,0.4503894,0.3794672,0.6524297078323791,1.0,0.17857142857142858
CHUK,0.45011687,0.40129182,0.652626164323407,1.0,0.13095238095238096
IDS,0.44991252,0.06358848,0.6527735225060964,1.0,0.5595238095238095
MICB,0.44953784,0.21105665,0.6530437143625623,1.0,0.21428571428571427
ZNF507,0.44929942,0.17024122,0.6532156783330987,1.0,0.20238095238095238
PPIL3,0.4481754,0.16026467,0.6540266136347809,1.0,0.2857142857142857
MALL,0.44803914,0.13194068,0.6541249366055603,1.0,0.39285714285714285
EZH1,0.44797105,0.3827198,0.654174100341824,1.0,0.16666666666666666
ITGA11,0.44790292,2.2243717,0.6542232655784275,1.0,0.03571428571428571
ITPR1,0.44776666,0.21466993,0.6543216005519235,1.0,0.21428571428571427
PTDSS2,0.44769853,0.33774996,0.6543707702884514,1.0,0.15476190476190477
CCL14,0.44769853,0.6159552,0.6543707702884514,1.0,0.11904761904761904
AC005838.2,0.4467789,0.20079428,0.6550347084314722,1.0,0.13095238095238096
ANXA6,0.4466767,0.030681266,0.6551084961873543,1.0,0.5357142857142857
MFSD6,0.44643828,0.7696456,0.6552806807143019,1.0,0.08333333333333333
GMCL1,0.44640422,0.2104379,0.6553052800002801,1.0,0.2857142857142857
HBP1,0.44640422,0.27556303,0.6553052800002801,1.0,0.23809523809523808
PTCD1,0.4463361,0.97829926,0.6553544796943185,1.0,0.07142857142857142
KATNA1,0.44599548,0.18838824,0.6556005006002104,1.0,0.20238095238095238
ATP5MD,0.44585925,0.018835798,0.6556989194291465,1.0,0.9523809523809523
TFEB,0.4458252,1.2806264,0.6557235250706108,1.0,0.05952380952380952
HDDC3,0.44568893,0.18823764,0.6558219513727024,1.0,0.27380952380952384
RTCA-AS1,0.44565487,0.92662674,0.6558465588821696,1.0,0.07142857142857142
DCAF4,0.44558677,0.4166839,0.6558957750216768,1.0,0.08333333333333333
NPC2,0.44548458,0.10987529,0.6559696020320271,1.0,0.9285714285714286
C1orf43,0.44531426,0.10579477,0.6560926545173233,1.0,0.5595238095238095
FBXW8,0.44490555,0.46968314,0.656388018553502,1.0,0.11904761904761904
PKN3,0.4447693,0.2848126,0.656486485171089,1.0,0.17857142857142858
ANXA11,0.44463307,0.04952175,0.6565849577556632,1.0,0.6428571428571429
KLHDC10,0.44419026,0.2798613,0.6569050348473092,1.0,0.21428571428571427
HIPK1,0.44401994,0.14246692,0.6570281581883874,1.0,0.3333333333333333
ZNF567,0.4437134,0.74817914,0.6572498036636412,1.0,0.08333333333333333
ZFAND2B,0.44367933,0.37629634,0.6572744328001048,1.0,0.16666666666666666
COX6C,0.44340685,0.008453493,0.657471479289192,1.0,0.9761904761904762
ATP5MC2,0.44313437,0.066465035,0.6576685495875152,1.0,1.0
YTHDF3,0.44313437,0.09987724,0.6576685495875152,1.0,0.32142857142857145
DNALI1,0.4431003,0.21724807,0.6576931850483068,1.0,0.2261904761904762
ACOT7,0.4427597,0.080375746,0.6579395601021294,1.0,0.6666666666666666
SNHG8,0.44272563,0.08341813,0.6579641996515966,1.0,0.7619047619047619
SLFN12,0.4425894,0.25055286,0.6580627615648347,1.0,0.2261904761904762
HBQ1,0.44252127,2.209914,0.6581120447503537,1.0,0.03571428571428571
MATN1-AS1,0.44252127,2.4111977,0.6581120447503537,1.0,0.03571428571428571
PCBD1,0.44245315,0.02413789,0.6581613294215602,1.0,0.7380952380952381
LINC02298,0.44221473,1.0444461,0.6583338374679206,1.0,0.05952380952380952
CHMP2A,0.44190818,0.051204037,0.6585556602539038,1.0,0.7738095238095238
CHCHD10,0.44173786,0.0778243,0.6586789081213578,1.0,0.8571428571428571
MPV17L2,0.44163567,0.70657456,0.6587528612927291,1.0,0.10714285714285714
DDX55,0.44139725,0.4002514,0.658925431670355,1.0,0.15476190476190477
MTRNR2L1,0.4413632,0.13331352,0.6589500860642792,1.0,0.25
PDE4DIP,0.44122696,0.28760237,0.659048707346142,1.0,0.20238095238095238
AC105114.2,0.44095445,2.018886,0.6592459676946723,1.0,0.03571428571428571
AK6,0.44095445,0.16736752,0.6592459676946723,1.0,0.2619047619047619
SLC3A2,0.44078416,0.07230951,0.659369267450055,1.0,0.4642857142857143
IRF2,0.44023916,0.19612691,0.6597638888547264,1.0,0.2976190476190476
NDUFA6,0.43983045,0.08485844,0.6600599170530548,1.0,0.6785714285714286
PLCXD3,0.4397964,0.42801127,0.6600845884725453,1.0,0.07142857142857142
TAF13,0.43962607,0.25214177,0.6602079511132194,1.0,0.16666666666666666
SLC9A8,0.4395239,0.5754518,0.66028197313137,1.0,0.08333333333333333
SH3GL1,0.4395239,0.15876183,0.66028197313137,1.0,0.34523809523809523
AC096677.1,0.43948984,2.243979,0.6603066478762395,1.0,0.03571428571428571
ZRSR2,0.43880862,0.37626112,0.6608002203108259,1.0,0.15476190476190477
CD68,0.43867236,0.2083655,0.6608989525112874,1.0,0.20238095238095238
TMCC1-AS1,0.43867236,0.7235762,0.6608989525112874,1.0,0.08333333333333333
ATXN10,0.438468,0.105910555,0.6610470618760087,1.0,0.44047619047619047
BBS10,0.43782085,0.43185946,0.6615161624014115,1.0,0.09523809523809523
ATF6B,0.43761647,0.12679353,0.6616643270347968,1.0,0.25
SLC9A3R1,0.4375143,0.2832026,0.6617384143211371,1.0,0.2261904761904762
CDK11B,0.43713963,0.2606089,0.6620100960378918,1.0,0.16666666666666666
EMC6,0.4369693,0.078153126,0.6621336024401595,1.0,0.5476190476190477
RFX2,0.43679902,0.43365303,0.6622571180338916,1.0,0.10714285714285714
CHFR,0.4367309,0.48801503,0.6623065268443453,1.0,0.14285714285714285
MHENCR,0.4367309,0.42158842,0.6623065268443453,1.0,0.16666666666666666
TAF5L,0.4361859,0.43054548,0.6627018502318434,1.0,0.11904761904761904
ZNF154,0.43581125,2.3970375,0.6629736895845495,1.0,0.03571428571428571
NOL4L,0.43536845,0.15747483,0.6632950115033436,1.0,0.35714285714285715
NRAV,0.43509597,0.2375637,0.6634927788636781,1.0,0.09523809523809523
ZNF844,0.43455097,1.7155082,0.6638883839176903,1.0,0.03571428571428571
INKA1,0.43448284,0.65969926,0.6639378411395642,1.0,0.09523809523809523
VCP,0.43448284,0.069771625,0.6639378411395642,1.0,0.7380952380952381
TMEM87B,0.43438068,0.17080027,0.664012029717038,1.0,0.27380952380952384
AC006262.2,0.4341082,0.8716046,0.6642098820212174,1.0,0.08333333333333333
YWHAG,0.43393788,0.033025965,0.6643335515975543,1.0,0.7857142857142857
LINC01004,0.43373352,0.8195429,0.6644819671533806,1.0,0.05952380952380952
ARFGAP3,0.43329072,0.12025963,0.6648035793174232,1.0,0.40476190476190477
FAM131A,0.43308637,0.1761082,0.6649520365173341,1.0,0.15476190476190477
PALLD,0.43240514,0.07970842,0.6654469887240327,1.0,0.36904761904761907
GTF3C5,0.43240514,0.18780339,0.6654469887240327,1.0,0.15476190476190477
TLCD5,0.43237108,0.33598664,0.665471740163599,1.0,0.16666666666666666
RNF169,0.4321667,0.2801138,0.665620256455048,1.0,0.19047619047619047
GRAMD4,0.43192828,0.8160002,0.665793542040557,1.0,0.08333333333333333
MRPS30-DT,0.4318942,1.1595222,0.6658182985812435,1.0,0.047619047619047616
TTC9C,0.43168986,0.22967236,0.6659668454725476,1.0,0.21428571428571427
SMAP2,0.43097457,0.0992511,0.6664868627672461,1.0,0.40476190476190477
ZNF805,0.43066803,0.72453314,0.6667097764152505,1.0,0.07142857142857142
IER3,0.43056583,0.09548502,0.666784087505704,1.0,0.6071428571428571
GPR137B,0.43029335,0.5493683,0.6669822663961147,1.0,0.08333333333333333
CAV2,0.43029335,0.09011705,0.6669822663961147,1.0,0.8333333333333334
TMEM187,0.4302593,0.3265616,0.667007040391572,1.0,0.11904761904761904
MICAL1,0.42981648,0.46931976,0.6673291353631514,1.0,0.13095238095238096
ARPC3,0.42971432,0.063476406,0.6674034736801673,1.0,0.9761904761904762
AC005070.3,0.42971432,1.0749989,0.6674034736801673,1.0,0.047619047619047616
HINT3,0.42906713,0.24947174,0.6678743587979318,1.0,0.16666666666666666
TNFRSF14,0.4290331,0.36870745,0.6678991458490624,1.0,0.07142857142857142
KANSL1,0.4289309,0.11153958,0.6679735091757031,1.0,0.36904761904761907
MAP3K2,0.42886278,0.12550464,0.6680230865376029,1.0,0.25
RNF166,0.4285903,0.22698766,0.6682214104675819,1.0,0.13095238095238096
SMKR1,0.42831782,0.6775778,0.6684197575603543,1.0,0.08333333333333333
PITPNB,0.4281475,0.11417295,0.6685437362503506,1.0,0.5119047619047619
ATG5,0.42811343,0.18455169,0.6685685330732838,1.0,0.2261904761904762
ASAP1-IT2,0.42807937,0.106595375,0.6685933302578067,1.0,0.16666666666666666
HELQ,0.4280453,0.70488924,0.6686181278038962,1.0,0.08333333333333333
ZNF846,0.427875,1.0939509,0.6687421209570154,1.0,0.05952380952380952
RMDN2,0.4275344,1.2124015,0.6689901343672149,1.0,0.047619047619047616
PEAK1,0.42681912,0.13227937,0.6695110800679769,1.0,0.5476190476190477
ARL6IP6,0.42678505,0.33915827,0.6695358909754918,1.0,0.23809523809523808
KLF10,0.42644444,0.18541174,0.6697840198837487,1.0,0.19047619047619047
TSNARE1,0.42627415,1.7559484,0.669908097855741,1.0,0.03571428571428571
CDCA3,0.4262401,0.6034819,0.6699329145311916,1.0,0.07142857142857142
ADIRF-AS1,0.4261379,0.0872986,0.6700073667192241,1.0,0.10714285714285714
OSGEPL1,0.42610383,0.58180857,0.6700321848357166,1.0,0.09523809523809523
AL118558.3,0.42589948,2.2614276,0.6701811010980785,1.0,0.03571428571428571
KDM3A,0.42583135,0.66489524,0.6702307427329315,1.0,0.09523809523809523
TIGD6,0.42579728,0.69944453,0.6702555640903893,1.0,0.05952380952380952
AC009228.1,0.4256951,1.402761,0.6703300303226043,1.0,0.047619047619047616
PAFAH1B3,0.42532045,0.19553645,0.6706031008829545,1.0,0.2261904761904762
UCK2,0.4251842,0.29961583,0.6707024100599639,1.0,0.2261904761904762
GTPBP10,0.425082,0.42972055,0.6707768957182343,1.0,0.10714285714285714
SPIN2B,0.42453703,0.5887625,0.671174207189889,1.0,0.10714285714285714
IVNS1ABP,0.42443484,0.13412121,0.6712487133285546,1.0,0.34523809523809523
PTGFRN,0.42433265,0.41423,0.6713232226986289,1.0,0.11904761904761904
HSD3B7,0.42426455,0.76438797,0.671372897406924,1.0,0.07142857142857142
URGCP,0.42371956,0.3538167,0.6717703467429308,1.0,0.09523809523809523
AP5S1,0.42371956,0.5395851,0.6717703467429308,1.0,0.11904761904761904
EFHD2,0.42365143,0.05469238,0.6718200343658012,1.0,0.6190476190476191
SH3BP5,0.42324272,0.039897848,0.6721181902105487,1.0,0.7857142857142857
FLT3LG,0.42303833,0.83086693,0.672267287479244,1.0,0.07142857142857142
EID1,0.42300427,0.08856461,0.6722921382774302,1.0,0.9047619047619048
THAP5,0.42279992,0.16997042,0.6724412505848155,1.0,0.17857142857142858
ABCF3,0.42276585,0.17830344,0.6724661038888702,1.0,0.14285714285714285
PPP1R35,0.42269772,0.11529823,0.6725158115706151,1.0,0.2857142857142857
CTHRC1,0.42269772,0.70377284,0.6725158115706151,1.0,0.07142857142857142
PRKX,0.4216759,0.100322984,0.6732615984534284,1.0,0.2976190476190476
AC127502.2,0.42153966,0.1562787,0.6733610610031542,1.0,0.15476190476190477
BPNT1,0.42119905,0.2883471,0.6736097423664731,1.0,0.14285714285714285
PTCD2,0.4210628,0.3776753,0.673709224903416,1.0,0.13095238095238096
PHF12,0.4209606,0.26244882,0.6737838405515668,1.0,0.15476190476190477
DDX54,0.42038158,0.1592534,0.6742067231659774,1.0,0.32142857142857145
HSP90AA1,0.4202113,-0.009060567,0.6743311200031659,1.0,0.9523809523809523
ATXN7L3B,0.42017722,0.16767581,0.6743560004390201,1.0,0.38095238095238093
TMEM203,0.41997284,0.24976084,0.6745052905310648,1.0,0.2976190476190476
STK25,0.41990474,0.16745164,0.6745550567428593,1.0,0.35714285714285715
LINC01094,0.4198366,1.2578835,0.6746048243782268,1.0,0.047619047619047616
NCBP2AS2,0.41980255,0.10144395,0.6746297087296907,1.0,0.32142857142857145
LHFPL4,0.41922352,1.8752152,0.6750527971259144,1.0,0.03571428571428571
MRPS35,0.41901913,0.12009588,0.6752021469720496,1.0,0.36904761904761907
ACADM,0.41891694,0.15294762,0.6752768266916451,1.0,0.30952380952380953
ABHD2,0.41884884,0.1507546,0.675326614947431,1.0,0.2976190476190476
ST3GAL6,0.4187126,0.26500943,0.6754261957206781,1.0,0.16666666666666666
DHTKD1,0.41864446,0.22604732,0.6754759882377583,1.0,0.20238095238095238
TMX2,0.4183379,0.12422087,0.6757000721349915,1.0,0.2619047619047619
CSNK1G2,0.41830385,0.11236957,0.6757249721201037,1.0,0.3333333333333333
STX18,0.41786107,0.20576051,0.6760487042023493,1.0,0.19047619047619047
TOR1B,0.41772482,0.43704838,0.6761483261280308,1.0,0.10714285714285714
ATP23,0.41752046,0.6915855,0.6762977696471459,1.0,0.11904761904761904
IMPA1,0.41741827,0.041187342,0.6763724961890745,1.0,0.40476190476190477
PRC1,0.41735014,0.14284474,0.6764223156545046,1.0,0.19047619047619047
TOMM40,0.41728202,0.117231324,0.676472136536361,1.0,0.3333333333333333
ROCK2,0.41724795,0.13021849,0.6764970475083892,1.0,0.44047619047619047
NXN,0.4171458,0.2729925,0.6765717825485882,1.0,0.2261904761904762
ID1,0.41707766,0.06660794,0.6766216076785774,1.0,0.5119047619047619
TMEM120A,0.41673705,0.18955974,0.6768707545596365,1.0,0.30952380952380953
CCNL2,0.416703,0.21959926,0.6768956711933587,1.0,0.2857142857142857
GPATCH3,0.41666892,1.1128517,0.6769205881807339,1.0,0.05952380952380952
NRP1,0.41649863,0.07850979,0.6770451784215663,1.0,0.7857142857142857
CD320,0.4159877,0.07755872,0.6774190021585429,1.0,0.7261904761904762
ZNF644,0.4158174,0.20492306,0.6775436277324018,1.0,0.2619047619047619
CPQ,0.41561303,0.29437926,0.6776931900708056,1.0,0.11904761904761904
ALG10B,0.41534054,0.50289303,0.677892626282838,1.0,0.08333333333333333
NBPF26,0.4149318,1.2488358,0.6781918229206281,1.0,0.047619047619047616
UMAD1,0.4145912,0.6460797,0.6784411922188804,1.0,0.08333333333333333
MAP4K3,0.4143187,0.4337974,0.6786407130148431,1.0,0.13095238095238096
AVPI1,0.41411436,1.3827254,0.6787903683955574,1.0,0.047619047619047616
DVL2,0.41390997,0.4832296,0.6789400364422975,1.0,0.09523809523809523
ELP1,0.41380778,0.44002125,0.6790148752138088,1.0,0.14285714285714285
HDHD3,0.41377375,0.592376,0.6790398221742477,1.0,0.08333333333333333
KLF9,0.41373968,0.24898918,0.6790647694862807,1.0,0.25
EIF4EBP3,0.41367155,0.59111524,0.6791146651650337,1.0,0.08333333333333333
TET2,0.41322875,0.17185608,0.6794390213417715,1.0,0.17857142857142858
CKAP2,0.41316062,0.17706601,0.6794889275615132,1.0,0.32142857142857145
QRICH1,0.4131266,0.33765385,0.6795138811981396,1.0,0.17857142857142858
TBCB,0.41299033,0.056411605,0.6796136992557877,1.0,0.5714285714285714
GTF3C2,0.4127519,0.31156868,0.6797883943708728,1.0,0.14285714285714285
FOXP1-IT1,0.4124113,0.8680004,0.6800379886432504,1.0,0.05952380952380952
RYK,0.41176414,0.07042235,0.6805123143405154,1.0,0.42857142857142855
PARP3,0.41166195,0.32294205,0.6805872194317357,1.0,0.15476190476190477
GCH1,0.41166195,0.47801417,0.6805872194317357,1.0,0.09523809523809523
PTPRJ,0.41142353,0.24577288,0.6807620102304616,1.0,0.10714285714285714
FAM219A,0.41121915,0.5704629,0.680911844562915,1.0,0.09523809523809523
SIPA1L2,0.41111696,0.24204567,0.680986766451658,1.0,0.21428571428571427
KLHDC3,0.41108292,0.29916233,0.6810117411140437,1.0,0.17857142857142858
NUP50-DT,0.41098073,0.48215327,0.681086667199279,1.0,0.09523809523809523
SEC22B,0.41084448,0.14339736,0.6811865735408744,1.0,0.4166666666666667
NDUFA10,0.41077635,0.068566434,0.6812365288089309,1.0,0.6904761904761905
EPB41L4A-AS1,0.41053793,0.091774814,0.681411383254449,1.0,0.36904761904761907
ATP6V1C1,0.41026545,0.1388969,0.6816112378646021,1.0,0.2976190476190476
CARD10,0.41019732,0.35082075,0.6816612050087967,1.0,0.15476190476190477
PTENP1-AS,0.41002703,2.10138,0.6817861289775728,1.0,0.03571428571428571
ODC1-DT,0.4099589,2.0216153,0.6818361010078928,1.0,0.03571428571428571
GCC2,0.40989077,0.13316508,0.6818860744338144,1.0,0.38095238095238093
KIF23,0.40958422,0.030792668,0.6821109721158598,1.0,0.10714285714285714
ALAD,0.4094139,0.6421244,0.6822359274759058,1.0,0.09523809523809523
LINC02104,0.40927768,1.3269123,0.6823358980373468,1.0,0.047619047619047616
PTOV1,0.40886894,0.12528515,0.6826358431636066,1.0,0.39285714285714285
C14orf93,0.40886894,0.5697759,0.6826358431636066,1.0,0.07142857142857142
SOGA1,0.4082899,0.31409582,0.6830608512294645,1.0,0.16666666666666666
VASH1-AS1,0.40805146,1.8935499,0.6832358837657256,1.0,0.03571428571428571
BACE2,0.40791523,0.07702007,0.6833359100044656,1.0,0.5952380952380952
MRM3,0.40781304,0.79574716,0.6834109333318451,1.0,0.11904761904761904
RAB29,0.4074043,0.09241321,0.6837110578989274,1.0,0.4523809523809524
PHF11,0.40709776,0.2124503,0.6839361841263887,1.0,0.27380952380952384
MVP,0.40668905,0.14628185,0.6842363961323193,1.0,0.36904761904761907
NNT-AS1,0.40621218,0.23493397,0.6845867065471917,1.0,0.20238095238095238
FAM234A,0.40604186,0.06671676,0.684711833859535,1.0,0.42857142857142855
RGS7BP,0.40604186,0.9978399,0.684711833859535,1.0,0.05952380952380952
EIF3A,0.40590563,0.046231568,0.6848119419397063,1.0,0.8452380952380952
TMX1,0.4057353,0.040810134,0.6849370848252452,1.0,0.4642857142857143
CKS2,0.40570125,0.06490406,0.6849621144401539,1.0,0.47619047619047616
ATP5MC3,0.40570125,0.060763065,0.6849621144401539,1.0,0.9404761904761905
STON1,0.40508816,0.8629796,0.6854127066299596,1.0,0.05952380952380952
PURB,0.404986,0.2080498,0.6854878162134481,1.0,0.27380952380952384
PPAT,0.40491787,0.14183722,0.685537890995984,1.0,0.23809523809523808
BTBD1,0.40464538,0.19490075,0.685738203936934,1.0,0.2261904761904762
ZNF225,0.40457726,1.5006701,0.6857882856239015,1.0,0.047619047619047616
LRP5L,0.40447506,1.7160478,0.6858634107423605,1.0,0.03571428571428571
SCN1B,0.404441,0.12534527,0.6858884531385516,1.0,0.25
HIPK2,0.404441,0.13724041,0.6858884531385516,1.0,0.5595238095238095
SOCS4,0.40420258,0.08250075,0.686063759569931,1.0,0.30952380952380953
MRPL1,0.4041004,0.21604618,0.6861388960702786,1.0,0.3333333333333333
SND1-IT1,0.4041004,0.34809333,0.6861388960702786,1.0,0.09523809523809523
AC015871.7,0.40403226,0.96566904,0.6861889887942286,1.0,0.047619047619047616
WDHD1,0.40396416,0.6932314,0.6862390828969263,1.0,0.07142857142857142
PDGFC,0.40389603,1.3367294,0.6862891783781773,1.0,0.047619047619047616
AC006001.2,0.40389603,1.9012913,0.6862891783781773,1.0,0.03571428571428571
RABL2B,0.40369165,0.43839762,0.6864394730913037,1.0,0.13095238095238096
RAB27A,0.4035895,0.08166126,0.6865146250981855,1.0,0.27380952380952384
AC016065.1,0.40328294,0.2768527,0.6867400997122239,1.0,0.07142857142857142
GPRASP2,0.40314668,1.3120859,0.6868403196007962,1.0,0.047619047619047616
NHSL1,0.40307856,0.18125542,0.6868904316095059,1.0,0.21428571428571427
C9orf85,0.40307856,0.25190082,0.6868904316095059,1.0,0.21428571428571427
EMC9,0.4028742,0.30256382,0.6870407758909922,1.0,0.2261904761904762
ZXDC,0.40280607,0.64650315,0.6870908934026242,1.0,0.07142857142857142
ALPK1,0.40256765,0.47855398,0.6872663155220993,1.0,0.09523809523809523
ARID1B,0.4025336,0.11416692,0.6872913771996378,1.0,0.42857142857142855
RTN2,0.4024314,0.46649173,0.6873665642938518,1.0,0.09523809523809523
LRRC57,0.4022611,0.20472255,0.6874918829880747,1.0,0.19047619047619047
HMG20A,0.40219298,0.10569189,0.6875420128698818,1.0,0.34523809523809523
MARK3,0.40202266,0.09599762,0.687667343582988,1.0,0.38095238095238093
DPYSL2,0.40140957,0.057779714,0.6881186051811281,1.0,0.8690476190476191
GSTT2B,0.40130737,0.2860451,0.6881938262498848,1.0,0.20238095238095238
CCNA2,0.40110302,0.4688372,0.688344277640669,1.0,0.10714285714285714
NAAA,0.40079647,0.24342689,0.6885699778501362,1.0,0.30952380952380953
SORD,0.40079647,0.3768525,0.6885699778501362,1.0,0.19047619047619047
EPSTI1,0.40072834,0.6699209,0.6886201372189582,1.0,0.05952380952380952
ENGASE,0.40069428,0.6537259,0.688645217416866,1.0,0.07142857142857142
WDR31,0.40055805,0.9035737,0.6887455416312397,1.0,0.047619047619047616
EPRS,0.40004712,0.13594185,0.68912180618601,1.0,0.7023809523809523
ZNF394,0.39974058,0.35979494,0.6893476018422643,1.0,0.13095238095238096
PEX13,0.3995703,0.3446254,0.6894730558311588,1.0,0.13095238095238096
RHNO1,0.3994681,0.24055514,0.6895483323225953,1.0,0.16666666666666666
AC009951.6,0.39929777,1.8549206,0.6896737999697022,1.0,0.03571428571428571
PANX1,0.3991956,0.6568898,0.6897490846537176,1.0,0.08333333333333333
PRKCI,0.3990253,0.16422877,0.6898745659512073,1.0,0.2976190476190476
CXorf38,0.39895716,0.2852061,0.6899247608580779,1.0,0.20238095238095238
AK9,0.39865062,0.68817323,0.6901506548182165,1.0,0.05952380952380952
NRIP3,0.39844626,0.4763126,0.6903012661301444,1.0,0.13095238095238096
SLC7A11-AS1,0.39837813,1.1484854,0.6903514726265214,1.0,0.047619047619047616
SVBP,0.39810565,0.18771322,0.6905523122354748,1.0,0.27380952380952384
EFCAB14,0.39803752,0.06607383,0.690602525542594,1.0,0.4166666666666667
KCTD5,0.39670914,0.16000575,0.6915819569314539,1.0,0.10714285714285714
CAPZA2,0.39653882,0.080569886,0.6917075624264823,1.0,0.7857142857142857
JMJD1C,0.3963004,0.07493714,0.6918834243698712,1.0,0.4642857142857143
AC006333.2,0.396062,1.0387183,0.6920593029310429,1.0,0.047619047619047616
TMEM63B,0.3953467,0.33682224,0.6925870382369526,1.0,0.13095238095238096
PYCARD,0.39531264,0.344351,0.6926121722143688,1.0,0.2261904761904762
EFCAB11,0.39497203,0.40790138,0.6928635305978703,1.0,0.10714285714285714
TUBA1B,0.39497203,0.044623487,0.6928635305978703,1.0,0.9047619047619048
ARL14EP,0.3948358,0.30209497,0.6929640834216706,1.0,0.25
ZNF607,0.39469954,1.4628222,0.693064641654765,1.0,0.03571428571428571
MRPS28,0.39463142,0.18823138,0.693114922799305,1.0,0.36904761904761907
NEURL4,0.39463142,0.64582145,0.693114922799305,1.0,0.05952380952380952
TUBGCP5,0.39459735,0.43383116,0.6931400638784869,1.0,0.11904761904761904
THOC2,0.39452922,0.046132933,0.6931903470505519,1.0,0.4880952380952381
ORMDL1,0.39435893,0.054414313,0.6933160608928205,1.0,0.5476190476190477
UBB,0.39422268,0.04857805,0.6934166380460332,1.0,0.9047619047619048
BNIP2,0.3941886,0.09866469,0.6934417831784918,1.0,0.47619047619047616
CLK3,0.39391613,0.17049134,0.6936429563901565,1.0,0.19047619047619047
CAPRIN1,0.39326897,0.089173324,0.6941208292918177,1.0,0.7023809523809523
MANSC1,0.39200872,0.23490645,0.6950517728136998,1.0,0.23809523809523808
AMDHD2,0.39170218,0.6499621,0.6952782881419379,1.0,0.07142857142857142
FBXL5,0.39146373,0.106968656,0.6954544855369218,1.0,0.4642857142857143
AC011379.2,0.3912253,0.89283305,0.6956306993781773,1.0,0.047619047619047616
LINC01311,0.39095283,1.7674526,0.6958321067527364,1.0,0.03571428571428571
INPP5E,0.3907825,0.45436868,0.6959579972588226,1.0,0.08333333333333333
CTSF,0.39006725,0.4422319,0.6964868288424904,1.0,0.09523809523809523
CENPO,0.38999912,0.7744702,0.696537201455167,1.0,0.05952380952380952
AC034236.2,0.38986287,1.5681194,0.6966379506952081,1.0,0.03571428571428571
ZNF493,0.3898288,0.5253123,0.6966631388414672,1.0,0.08333333333333333
FBXO28,0.3898288,0.14387947,0.6966631388414672,1.0,0.16666666666666666
GADD45A,0.38979474,0.0563195,0.6966883273221763,1.0,0.34523809523809523
STAG2,0.38976067,0.087179855,0.6967135161373106,1.0,0.44047619047619047
WDR73,0.38901135,0.14216025,0.6972677546296632,1.0,0.2261904761904762
AC011603.1,0.3889773,1.5187879,0.6972929511297343,1.0,0.03571428571428571
DOCK10,0.3889773,0.29814968,0.6972929511297343,1.0,0.19047619047619047
CIP2A,0.38890916,0.5638071,0.6973433451313419,1.0,0.09523809523809523
TBX18,0.38884103,0.27903566,0.6973937404680715,1.0,0.11904761904761904
SELENOT,0.38884103,0.059811972,0.6973937404680715,1.0,0.6547619047619048
RPS18,0.3887729,0.007909007,0.6974441371397242,1.0,1.0
ITGB1BP1,0.3887729,0.081146754,0.6974441371397242,1.0,0.4642857142857143
HIVEP1,0.38873884,0.2860525,0.6974693359760848,1.0,0.13095238095238096
LIN37,0.38798952,0.53397834,0.6980237947471243,1.0,0.08333333333333333
PRRG2,0.38798952,2.2213852,0.6980237947471243,1.0,0.03571428571428571
WDFY4,0.38785326,1.6513131,0.6981246227622443,1.0,0.03571428571428571
VAMP8,0.38778514,0.15837896,0.6981750387679683,1.0,0.38095238095238093
SLC66A3,0.38775107,0.24169706,0.6982002472702844,1.0,0.19047619047619047
CGAS,0.38775107,0.47892267,0.6982002472702844,1.0,0.05952380952380952
CD276,0.38751265,0.18053417,0.69837671610732,1.0,0.23809523809523808
SPATA7,0.38741046,0.35658234,0.6984523506008378,1.0,0.11904761904761904
FTH1,0.38717204,0.023767894,0.6986288427286216,1.0,1.0
MAST2,0.38713798,0.5560363,0.6986540572199871,1.0,0.10714285714285714
BMX,0.38672924,0.22664726,0.6989566570433849,1.0,0.3333333333333333
CNOT2,0.38662708,0.06345715,0.6990323144751949,1.0,0.39285714285714285
MANCR,0.38645676,0.2978911,0.699158416836859,1.0,0.20238095238095238
ZFP36L1,0.3863546,0.115439825,0.6992340822379507,1.0,0.9285714285714286
RREB1,0.38632053,0.2708616,0.6992593047021809,1.0,0.21428571428571427
FOXN2,0.38618428,0.18365172,0.6993601978777688,1.0,0.19047619047619047
ERH,0.38608208,0.048132747,0.699435871243363,1.0,0.8690476190476191
YIF1A,0.38587773,0.018543057,0.699587226930247,1.0,0.6428571428571429
TMEM167B,0.38577554,-0.02888731,0.6996629092501918,1.0,0.20238095238095238
FLOT2,0.3857074,0.08109482,0.6997133657876622,1.0,0.35714285714285715
SFT2D1,0.3857074,0.1051328,0.6997133657876622,1.0,0.4166666666666667
MAP3K1,0.38488996,0.8141428,0.7003189475906072,1.0,0.07142857142857142
PURA,0.38482183,0.11565092,0.7003694213475784,1.0,0.5
NKAP,0.38461748,0.09010553,0.7005208505567779,1.0,0.4166666666666667
FAM193B,0.38461748,0.5405944,0.7005208505567779,1.0,0.07142857142857142
CARM1,0.3845834,0.049242865,0.7005460899157159,1.0,0.39285714285714285
CROT,0.38410655,0.23357128,0.7008994756446514,1.0,0.11904761904761904
MORC3,0.38386813,0.17063424,0.7010761927883277,1.0,0.17857142857142858
MTERF4,0.38349345,0.18640201,0.701353923833202,1.0,0.21428571428571427
PAN3,0.38332313,0.47432044,0.701480178412097,1.0,0.11904761904761904
LHX6,0.38332313,0.7591693,0.701480178412097,1.0,0.05952380952380952
MIF,0.38305065,0.011506066,0.701682202881253,1.0,1.0
SLC25A12,0.38288036,0.17948091,0.7018084788839289,1.0,0.13095238095238096
SMARCD2,0.3827441,0.18199852,0.7019095056149094,1.0,0.25
CHMP2B,0.38267598,0.15226223,0.7019600209561292,1.0,0.40476190476190477
ZNF713,0.3826419,1.4627748,0.7019852791205838,1.0,0.047619047619047616
AZIN1-AS1,0.38182446,0.40842012,0.7025915737689259,1.0,0.07142857142857142
LINC01303,0.38182446,1.4208317,0.7025915737689259,1.0,0.047619047619047616
MIR155HG,0.3810751,1.3295097,0.7031475101412096,1.0,0.047619047619047616
SLC35C2,0.38097292,0.20622241,0.7032233319541528,1.0,0.25
THAP12,0.38090482,0.21751577,0.703273881469338,1.0,0.2619047619047619
PRKD2,0.38076857,0.18637139,0.703374984434542,1.0,0.11904761904761904
UBE2D3-AS1,0.38070044,0.7739789,0.7034255378841595,1.0,0.07142857142857142
MARCH8,0.38046202,0.2762466,0.7036024852812295,1.0,0.09523809523809523
SULT1A1,0.38032576,0.25684053,0.7037036052871641,1.0,0.08333333333333333
SNX33,0.3802917,0.820184,0.7037288861074433,1.0,0.05952380952380952
USP11,0.3801214,0.36627346,0.7038552951203589,1.0,0.17857142857142858
SLC15A3,0.38005328,1.6445935,0.7039058610170994,1.0,0.03571428571428571
AF117829.1,0.38001922,0.48637384,0.7039311444564207,1.0,0.09523809523809523
STX6,0.37974674,0.17391057,0.7041334237505072,1.0,0.25
PKNOX1,0.37971267,0.29801005,0.7041587101343312,1.0,0.15476190476190477
JUNB,0.37964454,0.22232126,0.7042092838830779,1.0,0.17857142857142858
FAM104B,0.37950832,0.22819507,0.7043104353042651,1.0,0.20238095238095238
SYBU,0.3794402,0.27246785,0.7043610129763036,1.0,0.10714285714285714
DNM2,0.37937206,0.23005266,0.7044115919557044,1.0,0.2261904761904762
EXOSC10,0.379338,0.16700341,0.7044368819356027,1.0,0.21428571428571427
RGP1,0.3791677,0.57183,0.70456333673607,1.0,0.15476190476190477
PGGT1B,0.37909958,0.30497703,0.7046139209429098,1.0,0.19047619047619047
ANKRD11,0.37879303,0.04454549,0.7048415660369584,1.0,0.8095238095238095
AC015871.1,0.37875897,0.36966464,0.704866861568448,1.0,0.09523809523809523
ZNF211,0.3786227,1.0330362,0.7049680469575351,1.0,0.047619047619047616
CYP2S1,0.37852055,0.29967356,0.7050439394249318,1.0,0.13095238095238096
STX12,0.37848648,0.11696295,0.7050692375664216,1.0,0.42857142857142855
ENO1,0.37848648,0.061743397,0.7050692375664216,1.0,1.0
PHB2,0.37841836,0.09489404,0.7051198348277867,1.0,0.7976190476190477
RNF185,0.37814587,0.4576321,0.705322236914699,1.0,0.09523809523809523
FNIP1,0.37807775,0.27554333,0.7053728406957838,1.0,0.16666666666666666
ERLEC1,0.3778734,0.06216001,0.7055246598582747,1.0,0.7023809523809523
FLT1,0.37770307,0.08814761,0.7056511847835603,1.0,0.35714285714285715
MIATNB,0.3774306,0.91161376,0.7058536415917371,1.0,0.07142857142857142
ATP5MC1,0.37729433,0.06760011,0.7059548778051958,1.0,0.9047619047619048
USP49,0.37695372,0.45876494,0.7062079911032453,1.0,0.09523809523809523
GLYCTK,0.3768175,0.40535668,0.7063092455239944,1.0,0.10714285714285714
LY6E,0.3766131,0.045380265,0.706461136901718,1.0,0.6547619047619048
DTWD2,0.37630656,1.2438012,0.7066889958873783,1.0,0.03571428571428571
CCNE1,0.37623844,0.9179075,0.7067396347879511,1.0,0.07142857142857142
TRIM14,0.3761022,0.23166269,0.7068409164825942,1.0,0.15476190476190477
METTL9,0.37600002,0.07840853,0.7069168811595923,1.0,0.6071428571428571
RNF139,0.3759319,0.20195468,0.706967525899125,1.0,0.19047619047619047
MRPL43,0.3758638,0.066998325,0.7070181719356494,1.0,0.5
SPATA5L1,0.37579566,0.6505456,0.7070688192689638,1.0,0.08333333333333333
SLC25A1,0.37525067,0.06776529,0.7074740445956919,1.0,0.6309523809523809
GINS3,0.37508038,0.95295197,0.7076006945116713,1.0,0.047619047619047616
ARPC4,0.37501225,0.061226707,0.7076513567435583,1.0,0.5833333333333334
HSPA4L,0.37456945,0.19112256,0.7079806927895214,1.0,0.25
ZNF783,0.37443322,0.34026253,0.7080820379501798,1.0,0.08333333333333333
PCLAF,0.37419477,0.12595126,0.7082594044211308,1.0,0.30952380952380953
BX842570.1,0.3740926,0.94929534,0.7083354234678724,1.0,0.047619047619047616
EVA1C,0.37405854,0.637241,0.7083607637959216,1.0,0.11904761904761904
PLEKHA6,0.37405854,0.7816145,0.7083607637959216,1.0,0.047619047619047616
MESP1,0.37402448,0.19824822,0.7083861044468296,1.0,0.11904761904761904
GPD2,0.37399042,0.11247339,0.7084114454205712,1.0,0.09523809523809523
DAPK3,0.3735476,0.16418628,0.7087409074455606,1.0,0.14285714285714285
PM20D2,0.37337732,1.5846312,0.7088676381236294,1.0,0.03571428571428571
AC073896.2,0.37337732,0.5540232,0.7088676381236294,1.0,0.08333333333333333
SLC41A2,0.37317294,0.82756907,0.7090197255746803,1.0,0.047619047619047616
TMEM9,0.37252578,0.12661876,0.7095014123330396,1.0,0.30952380952380953
TRMT61B,0.37211707,0.26279637,0.709805695399743,1.0,0.14285714285714285
PROCR,0.372083,0.09759915,0.7098310544117754,1.0,0.9761904761904762
TMED9,0.37204894,0.036633316,0.7098564137451981,1.0,0.8333333333333334
AC008014.1,0.3717424,1.3407513,0.7100846622043937,1.0,0.05952380952380952
METTL3,0.37160614,0.2889292,0.7101861143146964,1.0,0.14285714285714285
FUBP1,0.3714699,0.020651935,0.7102875715615675,1.0,0.4166666666666667
RPUSD4,0.37126553,0.16447636,0.7104397670593892,1.0,0.10714285714285714
PSMB3,0.37078866,0.039952405,0.7107949347876259,1.0,0.7023809523809523
DOLK,0.37061837,0.32331604,0.7109217956287307,1.0,0.10714285714285714
CCDC96,0.3701415,0.65682214,0.7112770485735347,1.0,0.047619047619047616
TUT4,0.36983496,0.18266307,0.7115054585852056,1.0,0.39285714285714285
DAAM1,0.3696306,0.1642096,0.7116577463146495,1.0,0.47619047619047616
CBY1,0.3695284,0.1707672,0.7117338944938114,1.0,0.2976190476190476
AC015819.2,0.36949435,0.9428534,0.7117592778592057,1.0,0.07142857142857142
NOB1,0.36946028,0.14927177,0.7117846615440608,1.0,0.39285714285714285
NPAT,0.36942625,0.34856716,0.7118100455483515,1.0,0.15476190476190477
AL161421.1,0.36935812,1.1840703,0.711860814515138,1.0,0.047619047619047616
BACH1-AS1,0.36929,5.7279134,0.7119115847593619,1.0,0.023809523809523808
C12orf65,0.36922187,0.19360915,0.7119623562808195,1.0,0.2619047619047619
CHEK1,0.36888126,0.20595433,0.7122162330394906,1.0,0.15476190476190477
SIPA1L1,0.36888126,0.22890699,0.7122162330394906,1.0,0.19047619047619047
C11orf24,0.36888126,0.31123692,0.7122162330394906,1.0,0.20238095238095238
ARAF,0.36840442,0.26423955,0.7125717140884558,1.0,0.14285714285714285
RAB11FIP1,0.36830223,0.08005362,0.7126478967268215,1.0,0.5952380952380952
SRRD,0.36782536,0.22705264,0.7130034536046239,1.0,0.21428571428571427
DARS2,0.3677232,0.3513397,0.7130796524809859,1.0,0.11904761904761904
PANK2,0.3675188,0.062418304,0.7132320588227298,1.0,0.2857142857142857
SPTAN1,0.36741662,0.05210877,0.7133082662867352,1.0,0.6071428571428571
ERF,0.36721227,0.37268868,0.7134606897975717,1.0,0.10714285714285714
FOXRED2,0.36663324,0.58615315,0.7138926185144183,1.0,0.07142857142857142
PIEZO1,0.36663324,0.09732451,0.7138926185144183,1.0,0.30952380952380953
AC005606.1,0.36642885,5.389836,0.7140450858455185,1.0,0.023809523809523808
RPL26,0.36629263,0.001784245,0.7141467370766226,1.0,1.0
CPPED1,0.36619043,0.04321862,0.7142229788292339,1.0,0.34523809523809523
NBPF14,0.3658839,0.72828096,0.7144517212017432,1.0,0.07142857142857142
WEE1,0.36557734,0.29200044,0.7146804892317857,1.0,0.17857142857142858
ADORA2A,0.36540702,0.8532131,0.7148075936615435,1.0,0.047619047619047616
SUPT7L,0.36533892,0.18158866,0.7148584376484396,1.0,0.15476190476190477
IDE,0.36523673,0.21654837,0.7149347060013514,1.0,0.2857142857142857
HECA,0.36503235,0.30045068,0.715087251245889,1.0,0.09523809523809523
NFYA,0.36503235,0.3413689,0.715087251245889,1.0,0.08333333333333333
SBF1,0.36469173,0.50629497,0.7153415186070575,1.0,0.08333333333333333
AC008764.6,0.3645555,1.4474794,0.7154432343971804,1.0,0.03571428571428571
RBM4B,0.3645555,0.21954244,0.7154432343971804,1.0,0.10714285714285714
VPS41,0.36414677,0.18370679,0.7157484120742283,1.0,0.2619047619047619
STMN3,0.3641127,1.7541565,0.715773845598388,1.0,0.03571428571428571
RANBP17,0.3641127,1.0014547,0.715773845598388,1.0,0.07142857142857142
DHX36,0.36397648,0.093359135,0.715875582849072,1.0,0.5714285714285714
PIK3C3,0.3638743,0.1838508,0.7159518890981162,1.0,0.20238095238095238
LINC01553,0.3637721,4.9037557,0.716028198184419,1.0,0.023809523809523808
HTR1B,0.36373803,1.2538853,0.7160536351769025,1.0,0.03571428571428571
AC009063.3,0.36370397,5.025339,0.7160790724845343,1.0,0.023809523809523808
NUP35,0.36363587,0.6981808,0.7161299480451414,1.0,0.07142857142857142
AL844892.2,0.36363587,4.9027805,0.7161299480451414,1.0,0.023809523809523808
STK17B,0.3636018,0.09039648,0.7161553862980654,1.0,0.17857142857142858
ZNF398,0.36356774,1.0363399,0.7161808248660355,1.0,0.07142857142857142
LIX1L,0.36343148,0.06221124,0.7162825822878645,1.0,0.40476190476190477
ZDHHC5,0.36329526,0.2525413,0.7163843447483822,1.0,0.23809523809523808
HIF3A,0.363159,0.59958434,0.7164861122459489,1.0,0.05952380952380952
ATAD5,0.36288652,0.39259964,0.7166896623456704,1.0,0.07142857142857142
YIPF6,0.36285245,0.13934824,0.716715107523691,1.0,0.32142857142857145
SETDB1,0.3628184,0.29179615,0.716740553016194,1.0,0.13095238095238096
USP6NL,0.36213717,0.30926105,0.7172495288680771,1.0,0.11904761904761904
ECHS1,0.36196688,0.06986149,0.7173767924605562,1.0,0.5833333333333334
DLAT,0.36189875,0.029948,0.7174277000944365,1.0,0.23809523809523808
SPAG5,0.36138782,1.1284785,0.7178095473393015,1.0,0.047619047619047616
ATP11C,0.36128566,0.06941125,0.7178859252522858,1.0,0.35714285714285715
MBD4,0.3612516,0.17221676,0.7179113851832524,1.0,0.27380952380952384
LSM2,0.3612516,0.031279366,0.7179113851832524,1.0,0.6904761904761905
TVP23C,0.36121753,0.5009264,0.7179368454274955,1.0,0.08333333333333333
CXADR,0.3610472,0.98896176,0.7180641513469592,1.0,0.047619047619047616
AMZ2,0.36097908,0.21514645,0.7181150759067811,1.0,0.3333333333333333
MISP3,0.36091098,1.2846014,0.7181660017188869,1.0,0.03571428571428571
ADPRHL2,0.36084285,0.21392386,0.7182169287830711,1.0,0.17857142857142858
APLF,0.36043411,0.7937328,0.7185225174503098,1.0,0.047619047619047616
AC025171.2,0.36043411,0.60150784,0.7185225174503098,1.0,0.07142857142857142
TAF10,0.3599913,0.062265635,0.7188536226456388,1.0,0.7380952380952381
MCM9,0.35988915,0.6616306,0.7189300390347381,1.0,0.05952380952380952
NXPE3,0.35978696,0.24910697,0.719006458234072,1.0,0.23809523809523808
SCARB1,0.35968477,0.08035545,0.7190828802429464,1.0,0.5595238095238095
CHMP3,0.3585267,0.06095392,0.7199491924833241,1.0,0.6309523809523809
RNASEL,0.35832232,0.32749426,0.7201021084890482,1.0,0.07142857142857142
MRPL16,0.35828826,0.015092079,0.7201275955788763,1.0,0.42857142857142855
PDSS2,0.3582542,0.32874322,0.7201530829797423,1.0,0.11904761904761904
ZNF3,0.35822016,0.23174645,0.7201785706916208,1.0,0.2261904761904762
TMEM8B,0.3579817,0.37185282,0.7203569933809507,1.0,0.10714285714285714
LINC02321,0.35791358,4.510175,0.7204079740898296,1.0,0.023809523809523808
AC004156.1,0.3578455,4.3171353,0.7204589560417267,1.0,0.023809523809523808
ATP5PB,0.3574708,0.073903576,0.7207393789868923,1.0,0.8214285714285714
CXCL8,0.35726643,0.61144304,0.7208923527905576,1.0,0.08333333333333333
SLC31A1,0.35726643,0.1630534,0.7208923527905576,1.0,0.2261904761904762
TPRKB,0.357028,0.17941885,0.7210708363448084,1.0,0.2976190476190476
KLHL25,0.35665333,1.705865,0.7213513411963766,1.0,0.03571428571428571
ITGAX,0.3564149,0.2796208,0.7215298638032948,1.0,0.08333333333333333
TFPT,0.35638085,0.31283605,0.7215553682715372,1.0,0.20238095238095238
WDR77,0.35614243,0.16708454,0.7217339082163974,1.0,0.15476190476190477
WRNIP1,0.35614243,0.13058397,0.7217339082163974,1.0,0.2619047619047619
EIF2B2,0.3559721,0.09962365,0.7218614460313275,1.0,0.2857142857142857
DPM2,0.35549527,0.11690675,0.7222185930374763,1.0,0.30952380952380953
KDM4C,0.3554612,0.49672323,0.722244105855665,1.0,0.09523809523809523
AC068790.7,0.35532495,1.6553738,0.7223461602171151,1.0,0.03571428571428571
COQ3,0.35525683,0.5360962,0.7223971892506951,1.0,0.08333333333333333
FOXJ2,0.35518873,0.22133444,0.7224482195192359,1.0,0.14285714285714285
FAM98B,0.35515466,0.16739571,0.7224737351165519,1.0,0.25
AKAP13,0.35491621,0.16389757,0.7226523529388682,1.0,0.39285714285714285
CACUL1,0.35474592,0.13752365,0.7227799463526279,1.0,0.3333333333333333
ARHGEF18,0.35464373,0.31445828,0.722856506101316,1.0,0.10714285714285714
RRP15,0.3545756,0.081409805,0.7229075474751901,1.0,0.38095238095238093
BCKDHB,0.35443938,0.26926994,0.7230096339214036,1.0,0.13095238095238096
RSBN1,0.3543372,0.14127927,0.7230862019914053,1.0,0.17857142857142858
HCP5,0.35409877,0.855557,0.7232648716016519,1.0,0.047619047619047616
SEPTIN2,0.35403064,0.030480629,0.7233159228328524,1.0,0.8214285714285714
EAF1,0.35389438,0.36260235,0.723418028988747,1.0,0.11904761904761904
VCL,0.3537241,0.056873072,0.723545668606778,1.0,0.7857142857142857
ZNF419,0.35338348,0.7743361,0.7238009709077424,1.0,0.05952380952380952
CMSS1,0.3531791,0.06795191,0.7239541670411502,1.0,0.6309523809523809
ZNF48,0.353111,0.60638255,0.7240052348765134,1.0,0.05952380952380952
PSME1,0.353111,-0.015065183,0.7240052348765134,1.0,0.7619047619047619
CUL9,0.35304287,0.4186299,0.7240563039403113,1.0,0.08333333333333333
GAS5,0.3530088,0.065826684,0.7240818389328083,1.0,1.0
PRIM1,0.3530088,0.56073767,0.7240818389328083,1.0,0.07142857142857142
AL022323.4,0.35260007,0.22230835,0.7243882827837618,1.0,0.13095238095238096
SNRPB2,0.35253194,0.04885128,0.7244393610542055,1.0,0.7857142857142857
AC007663.3,0.3523276,4.0311728,0.7245926032247307,1.0,0.023809523809523808
LINC00528,0.35198697,3.8611226,0.7248480313604628,1.0,0.023809523809523808
AL358075.2,0.3517145,3.53849,0.7250523959204672,1.0,0.023809523809523808
EXOSC2,0.3515101,0.30354324,0.7252056821950732,1.0,0.14285714285714285
BUD31,0.35130575,0.04091244,0.7253589794816762,1.0,0.6190476190476191
VAV2,0.35130575,0.61863685,0.7253589794816762,1.0,0.08333333333333333
CSDE1,0.3506586,0.059267014,0.7258444934740734,1.0,0.9047619047619048
CEP83,0.3503861,0.42155793,0.7260489533943517,1.0,0.15476190476190477
STAC,0.35031798,1.6631119,0.7261000714252512,1.0,0.03571428571428571
ZNF552,0.3499433,0.61027396,0.7263812423956133,1.0,0.047619047619047616
NUP62,0.3497049,0.3428259,0.726560188574581,1.0,0.20238095238095238
MTMR11,0.34956864,0.08018308,0.7266624502337957,1.0,0.34523809523809523
MIR4435-2HG,0.34953457,0.15771905,0.7266880164096805,1.0,0.2857142857142857
DDX28,0.3494324,0.8379036,0.7267647167635127,1.0,0.05952380952380952
IQGAP2,0.34939834,3.9689994,0.7267902841567628,1.0,0.023809523809523808
CYCS,0.34933022,0.09199067,0.7268414198560653,1.0,0.8095238095238095
FBXW11,0.34895554,0.08140607,0.7271226879486679,1.0,0.4523809523809524
D2HGDH,0.34885335,0.15995815,0.7271994038126167,1.0,0.11904761904761904
NT5C2,0.3487512,0.44643295,0.7272761224113005,1.0,0.10714285714285714
SLC25A5,0.34861493,0.09154431,0.7273784181290279,1.0,0.9761904761904762
XXYLT1-AS2,0.34817213,1.0549607,0.7277109127593083,1.0,0.047619047619047616
CHCHD2,0.34817213,-0.059957977,0.7277109127593083,1.0,0.9047619047619048
SLC43A1,0.348104,0.24938756,0.7277620703308567,1.0,0.08333333333333333
ADAL,0.34783152,0.18199795,0.7279667127463998,1.0,0.14285714285714285
METTL14,0.34779745,0.15979412,0.7279922944124643,1.0,0.25
MEF2D,0.3475931,0.4269071,0.7281457907720117,1.0,0.10714285714285714
MTRES1,0.34735468,0.22543661,0.728324883639459,1.0,0.15476190476190477
LINC00964,0.34698,1.1574337,0.7286063452533379,1.0,0.03571428571428571
UBE3C,0.34694594,0.07256312,0.728631934487852,1.0,0.35714285714285715
SAR1A,0.34691188,0.082717314,0.7286575240247648,1.0,0.44047619047619047
NRTN,0.34660533,3.9273894,0.7288878434606081,1.0,0.023809523809523808
DHX34,0.3465372,0.3189653,0.7289390288816444,1.0,0.07142857142857142
TCAP,0.34646907,3.594117,0.7289902155110213,1.0,0.023809523809523808
AC104590.1,0.34640095,3.7162669,0.72904140334853,1.0,0.023809523809523808
KHSRP,0.34606034,0.19997795,0.7292973606507315,1.0,0.34523809523809523
SART3,0.34606034,0.04764801,0.7292973606507315,1.0,0.19047619047619047
PC,0.34599224,0.37698,0.7293485557326399,1.0,0.09523809523809523
CDK2,0.34565163,0.513154,0.7296045492380203,1.0,0.07142857142857142
MTMR14,0.34551537,0.3616909,0.7297069550809925,1.0,0.15476190476190477
BMT2,0.34544724,0.63398963,0.7297581598103888,1.0,0.08333333333333333
TBKBP1,0.34544724,0.8555578,0.7297581598103888,1.0,0.05952380952380952
AL133245.1,0.34534508,0.9908779,0.7298349691637823,1.0,0.03571428571428571
LINC01728,0.34517476,1.4091858,0.7299629907758256,1.0,0.03571428571428571
C11orf91,0.3451407,0.005114998,0.7299885960014569,1.0,0.17857142857142858
PAQR7,0.3448682,0.6293187,0.7301934486407824,1.0,0.08333333333333333
WDR60,0.34469792,0.0104963835,0.7303214913173341,1.0,0.38095238095238093
SMAD9,0.34456167,0.37500846,0.7304239308708447,1.0,0.11904761904761904
RHOH,0.34415293,3.9916537,0.7307312783792155,1.0,0.023809523809523808
TIMM17A,0.34411886,0.07789381,0.7307568926238541,1.0,0.5357142857142857
HMGCR,0.3440848,0.08249094,0.7307825071687204,1.0,0.5119047619047619
RNF25,0.34394857,0.33624032,0.7308849683499385,1.0,0.07142857142857142
EMX2OS,0.34353983,3.4211369,0.7311923806961645,1.0,0.023809523809523808
WDR35,0.34343764,0.2929764,0.7312692405295891,1.0,0.15476190476190477
ALKBH1,0.34326735,1.1033962,0.7313973462456841,1.0,0.047619047619047616
AC092807.3,0.34299487,1.3182193,0.7316023309678381,1.0,0.047619047619047616
CLIC4,0.34292674,0.017794384,0.7316535801425272,1.0,0.75
ZNF333,0.34289268,0.5722125,0.7316792051788501,1.0,0.08333333333333333
PIGB,0.34265426,0.55141824,0.7318585888115903,1.0,0.08333333333333333
PDS5B,0.34255207,0.06976435,0.7319354719983646,1.0,0.38095238095238093
DMXL2,0.34255207,0.124068536,0.7319354719983646,1.0,0.14285714285714285
CCDC191,0.34200707,0.22858469,0.732345561095143,1.0,0.08333333333333333
ADIRF,0.3419049,0.023766153,0.732422461314174,1.0,0.9523809523809523
AC144652.1,0.34159836,1.2662909,0.7326531780886565,1.0,0.03571428571428571
MZT1,0.34153023,0.043168012,0.7327044517648094,1.0,0.39285714285714285
HIST1H2AH,0.34149617,1.341775,0.7327300890502497,1.0,0.03571428571428571
TRIM16,0.3414621,0.12823254,0.7327557266338973,1.0,0.15476190476190477
FBXL12,0.34132585,0.52496415,0.7328582799500376,1.0,0.10714285714285714
KIF19,0.34129182,3.878341,0.7328839190243286,1.0,0.023809523809523808
DENND6A,0.34115556,0.5128007,0.7329864783017279,1.0,0.14285714285714285
PSMA5,0.34105337,0.059822854,0.7330634008882886,1.0,0.6071428571428571
STX2,0.34098524,0.16289632,0.7331146841020353,1.0,0.39285714285714285
TMEM92-AS1,0.3409512,3.7768986,0.7331403261556417,1.0,0.023809523809523808
TMEM238,0.3409512,1.418658,0.7331403261556417,1.0,0.03571428571428571
NME7,0.34091714,0.15789077,0.733165968507035,1.0,0.25
YWHAE,0.34078088,-0.022181982,0.733268540889952,1.0,0.9880952380952381
C1QL4,0.34074682,1.4762499,0.7332941847298857,1.0,0.03571428571428571
CXorf40B,0.34064463,0.8286871,0.7333711180353569,1.0,0.05952380952380952
FRMD6,0.34020185,0.029092232,0.7337045266285114,1.0,0.44047619047619047
AL442003.1,0.34003153,1.0827239,0.733832774080333,1.0,0.03571428571428571
DNAJB14,0.3398953,0.09245573,0.7339353773893297,1.0,0.4642857142857143
SLC36A1,0.33986124,0.7388227,0.7339610289590733,1.0,0.047619047619047616
KLHL21,0.33986124,0.35303017,0.7339610289590733,1.0,0.07142857142857142
PDE7A,0.33982718,0.30893147,0.7339866808257621,1.0,0.14285714285714285
PPP1R3E,0.33958876,0.8675457,0.7341662522048362,1.0,0.05952380952380952
GMDS-DT,0.33938438,0.51067466,0.7343201821027461,1.0,0.09523809523809523
TNFAIP3,0.33924815,1.7604959,0.7344228079665676,1.0,0.03571428571428571
AL157392.3,0.3388394,0.16305637,0.7347307140125214,1.0,0.09523809523809523
HAS3,0.33856693,3.8351598,0.734936008405036,1.0,0.023809523809523808
AL732314.4,0.33843067,3.8809206,0.7350386627047968,1.0,0.023809523809523808
SYT5,0.33836254,3.4853647,0.735089991629815,1.0,0.023809523809523808
SLC11A2,0.33832848,0.19742276,0.7351156565360162,1.0,0.16666666666666666
LZIC,0.33822632,0.15415117,0.7351926530290723,1.0,0.30952380952380953
STK40,0.33822632,0.355531,0.7351926530290723,1.0,0.08333333333333333
PTPN7,0.33822632,0.55186504,0.7351926530290723,1.0,0.07142857142857142
PANO1,0.33802193,0.8422142,0.7353466539978466,1.0,0.047619047619047616
RPS10-NUDT3,0.3379538,3.364015,0.7353979900185642,1.0,0.023809523809523808
ANAPC13,0.3378857,0.08967319,0.73544932722116,1.0,0.35714285714285715
HCRT,0.3375451,3.0254774,0.7357060309549237,1.0,0.023809523809523808
NLRP3,0.33740884,2.7236798,0.7358087207141886,1.0,0.023809523809523808
CFAP46,0.3372045,0.9065115,0.7359627642039784,1.0,0.047619047619047616
DDA1,0.33706823,0.048041817,0.7360654657619699,1.0,0.35714285714285715
POLR1C,0.3370001,0.23310742,0.7361168183097713,1.0,0.14285714285714285
GABBR1,0.33689794,0.2691512,0.7361938493418865,1.0,0.17857142857142858
HNRNPH3,0.33645514,0.069249146,0.7365276811156352,1.0,0.5357142857142857
PEPD,0.336387,0.22190185,0.7365790442661302,1.0,0.2261904761904762
RSF1,0.33631888,0.0114675285,0.7366304085936455,1.0,0.5714285714285714
GNAQ,0.33628482,0.10436159,0.7366560911987197,1.0,0.5238095238095238
TAS2R4,0.33618265,1.5726238,0.7367331407788915,1.0,0.03571428571428571
ZNF428,0.33618265,0.14724794,0.7367331407788915,1.0,0.5714285714285714
THAP8,0.3361486,1.2958009,0.7367588245605105,1.0,0.03571428571428571
NIT1,0.33608046,0.36353487,0.7368101930059321,1.0,0.13095238095238096
LENG1,0.33556953,0.21686323,0.7371954938191871,1.0,0.17857142857142858
PSMC3IP,0.33550143,0.70391643,0.7372468722544534,1.0,0.05952380952380952
TAF8,0.33536518,0.3002316,0.7373496326475875,1.0,0.17857142857142858
TLR4,0.33522892,0.11013453,0.7374523977361125,1.0,0.21428571428571427
AC008035.1,0.3346499,1.1256002,0.737889201705944,1.0,0.03571428571428571
C6orf223,0.3345477,1.3195891,0.7379662935503357,1.0,0.047619047619047616
CCNF,0.33430928,0.6516665,0.7381461847682851,1.0,0.08333333333333333
ZSCAN25,0.33379838,0.65263695,0.7385317142237859,1.0,0.047619047619047616
AC002558.3,0.3337643,0.42785567,0.7385574185264276,1.0,0.10714285714285714
UXT,0.33373025,0.06593576,0.7385831231212869,1.0,0.7261904761904762
SLC45A1,0.33366212,0.74331135,0.7386345331875521,1.0,0.03571428571428571
ZNF584,0.33366212,0.55700505,0.7386345331875521,1.0,0.07142857142857142
FAM124A,0.33362806,1.531806,0.7386602386589052,1.0,0.03571428571428571
DGKE,0.3333215,0.38994572,0.7388916010429218,1.0,0.15476190476190477
GMEB2,0.3330831,0.6425782,0.7390715659097009,1.0,0.08333333333333333
SRF,0.3330831,0.14169137,0.7390715659097009,1.0,0.13095238095238096
SLC44A3,0.3329809,3.644392,0.7391486980855901,1.0,0.023809523809523808
DIP2A,0.33260623,0.13614129,0.7394315385122074,1.0,0.38095238095238093
SLC12A7,0.33257216,0.34292477,0.7394572530266904,1.0,0.08333333333333333
AC105446.1,0.3325381,1.3957605,0.7394829678324628,1.0,0.03571428571428571
DHX30,0.33250403,0.055166077,0.7395086829294982,1.0,0.44047619047619047
KMT5A,0.33223155,0.24578618,0.7397144141880636,1.0,0.30952380952380953
AC084824.3,0.33195907,3.1413271,0.739920164072172,1.0,0.023809523809523808
NT5M,0.3316866,0.93592185,0.7401259325682316,1.0,0.047619047619047616
PSIP1,0.33165252,0.08691176,0.7401516549382148,1.0,0.5595238095238095
AC048382.1,0.33155033,2.1709979,0.7402288237914945,1.0,0.023809523809523808
AC137894.3,0.33155033,2.533913,0.7402288237914945,1.0,0.023809523809523808
NAP1L1,0.33151627,0.013163842,0.7402545473236092,1.0,0.9880952380952381
ABCB8,0.33138004,0.24540572,0.7403574443564676,1.0,0.14285714285714285
NLRX1,0.33114162,0.2856485,0.7405375253418157,1.0,0.07142857142857142
ADGRL2,0.33110756,0.13614,0.740563252357775,1.0,0.21428571428571427
TNRC6B,0.33110756,0.037878424,0.740563252357775,1.0,0.5119047619047619
PITPNM2,0.33103943,0.26762888,0.7406147072601099,1.0,0.15476190476190477
CNPY2,0.33066475,0.094469376,0.7408977299590083,1.0,0.7142857142857143
IFI44L,0.33066475,0.2986119,0.7408977299590083,1.0,0.08333333333333333
AC127070.1,0.3301879,3.6405172,0.74125799137741,1.0,0.023809523809523808
CFAP69,0.3301879,1.3498873,0.74125799137741,1.0,0.03571428571428571
TMEM121,0.3301198,0.093700625,0.7413094619269032,1.0,0.10714285714285714
NT5DC2,0.32998353,0.06319188,0.7414124064981956,1.0,0.5
SFTA1P,0.3299154,-0.046250906,0.7414638805195692,1.0,0.11904761904761904
TSPYL4,0.3298132,0.22970551,0.74154109372069,1.0,0.17857142857142858
CPNE8-AS1,0.32971105,3.219438,0.7416183095240447,1.0,0.023809523809523808
PES1,0.329677,0.12435973,0.741644048703313,1.0,0.23809523809523808
FLACC1,0.32964292,3.1120677,0.7416697881716119,1.0,0.023809523809523808
WWP1,0.3294726,0.055520937,0.7417984898476344,1.0,0.6190476190476191
RCAN1,0.3293023,0.118979946,0.7419271987454301,1.0,0.2261904761904762
RPL21,0.3293023,0.03667529,0.7419271987454301,1.0,1.0
SCAI,0.32926825,0.3632995,0.7419529413913093,1.0,0.13095238095238096
RPAP3,0.3288595,0.16014911,0.7422618756537142,1.0,0.27380952380952384
CERCAM,0.32872328,0.11978379,0.742364862971986,1.0,0.42857142857142855
RAD21,0.32872328,0.05638316,0.742364862971986,1.0,0.6190476190476191
AL160314.2,0.32865515,1.1183907,0.7424163583609386,1.0,0.03571428571428571
PLEKHM3,0.32845077,0.3014843,0.7425708514445051,1.0,0.08333333333333333
NHLRC4,0.32821235,2.311247,0.742751106482197,1.0,0.023809523809523808
RXRB,0.328008,0.42261207,0.7429056220280901,1.0,0.11904761904761904
LMO4,0.3279058,0.085044324,0.7429828836856882,1.0,0.32142857142857145
SUGP1,0.32753113,0.558803,0.7432661985734264,1.0,0.07142857142857142
WARS2,0.32749707,0.32758206,0.7432919561969566,1.0,0.10714285714285714
MOSPD1,0.32732677,0.0492207,0.7434207486239528,1.0,0.14285714285714285
PLS1,0.32719052,1.0160731,0.7435237877351628,1.0,0.047619047619047616
ZNF764,0.3270543,0.52428484,0.7436268314397344,1.0,0.05952380952380952
ENOX1,0.32688397,0.7934254,0.7437556425272613,1.0,0.05952380952380952
TUT1,0.32667962,0.61908805,0.7439102252978808,1.0,0.08333333333333333
FBXO46,0.3266115,0.49825174,0.7439617551818496,1.0,0.08333333333333333
TCP11L2,0.32654336,0.44088334,0.7440132862123435,1.0,0.08333333333333333
EMP1,0.3264071,0.05295911,0.7441163517120521,1.0,0.6785714285714286
TMEM164,0.32637307,0.1937416,0.7441421188032238,1.0,0.10714285714285714
AC005697.2,0.32610056,2.544332,0.7443482658423486,1.0,0.023809523809523808
PLCL1,0.32610056,0.33951804,0.7443482658423486,1.0,0.09523809523809523
ACADSB,0.32603246,0.3349581,0.7443998054649705,1.0,0.09523809523809523
TANGO2,0.32569185,0.35704315,0.7446575207444359,1.0,0.08333333333333333
STARD7-AS1,0.32569185,0.92178005,0.7446575207444359,1.0,0.047619047619047616
KCTD10,0.32569185,0.18306723,0.7446575207444359,1.0,0.17857142857142858
AC015712.2,0.3252831,0.793737,0.7449668168175547,1.0,0.047619047619047616
PDK1,0.32521498,0.33659214,0.7450183701625701,1.0,0.13095238095238096
AC018695.6,0.32521498,0.9821575,0.7450183701625701,1.0,0.03571428571428571
AC015802.6,0.3250447,0.26666632,0.7451472585215146,1.0,0.10714285714285714
TRPC1,0.32463595,0.2814034,0.7454566196876118,1.0,0.13095238095238096
PTPN14,0.3244997,0.034936152,0.7455597492011826,1.0,0.6190476190476191
LHFPL2,0.32446563,0.20510185,0.7455855322920769,1.0,0.21428571428571427
CLEC12B,0.3243975,3.3310938,0.7456370993286798,1.0,0.023809523809523808
C19orf81,0.3243975,0.4623002,0.7456370993286798,1.0,0.10714285714285714
LRRC47,0.3243294,0.04540133,0.7456886675048571,1.0,0.17857142857142858
DPP7,0.32419315,0.06540967,0.7457918072750777,1.0,0.4880952380952381
AC079907.1,0.32419315,3.2334857,0.7457918072750777,1.0,0.023809523809523808
ITGA2B,0.32412502,3.0681036,0.7458433788686929,1.0,0.023809523809523808
LSM6,0.3240569,0.12327299,0.7458949516010255,1.0,0.47619047619047616
ZIC1,0.3240569,0.31852785,0.7458949516010255,1.0,0.07142857142857142
TGFBI,0.32392067,0.051524792,0.745998100480987,1.0,0.23809523809523808
AL109628.2,0.32364818,1.2828838,0.7462044118960964,1.0,0.03571428571428571
C5orf30,0.32361412,0.84379196,0.7462302021026365,1.0,0.05952380952380952
TOR3A,0.32351193,0.17383468,0.7463075744278158,1.0,0.11904761904761904
SHROOM3,0.32330757,0.90375465,0.7464623267507795,1.0,0.047619047619047616
ETV4,0.32317132,0.14670518,0.7465655006471774,1.0,0.23809523809523808
TMEM241,0.32303506,0.489251,0.7466686790864455,1.0,0.09523809523809523
RPL32,0.3227285,0.0053572287,0.7469008471757828,1.0,1.0
AGPAT4,0.32201323,0.12717831,0.7474426620117656,1.0,0.32142857142857145
KIAA0895L,0.32194513,0.51042855,0.74749426993803,1.0,0.08333333333333333
TRMT61A,0.321877,0.5311686,0.7475458789961504,1.0,0.08333333333333333
FANK1,0.32180887,0.6851643,0.7475974891859121,1.0,0.047619047619047616
LINC01583,0.32122985,0.4459561,0.7480362214585581,1.0,0.05952380952380952
LURAP1L,0.32119578,0.7408924,0.7480620317821931,1.0,0.047619047619047616
SFXN1,0.32095736,0.12493598,0.7482427119525894,1.0,0.3333333333333333
TBCC,0.3208211,0.29479602,0.748345963972914,1.0,0.10714285714285714
CTBP1-DT,0.32078704,1.1298687,0.748371777683257,1.0,0.047619047619047616
BNIP3,0.32068485,0.07148952,0.7484492205064857,1.0,0.7142857142857143
PPARGC1B,0.3206508,0.11810573,0.7484750353448719,1.0,0.11904761904761904
AC010969.2,0.32007176,0.6193327,0.7489139307128805,1.0,0.08333333333333333
SLC29A2,0.3198674,1.6372808,0.7490688543897943,1.0,0.03571428571428571
FAM174C,0.3197652,0.11400475,0.7491463200265065,1.0,0.5595238095238095
SPTLC1,0.31962898,0.13725173,0.7492496114794223,1.0,0.34523809523809523
PLD1,0.31962898,0.2616464,0.7492496114794223,1.0,0.11904761904761904
DPYSL4,0.31945866,0.41458705,0.7493787321209495,1.0,0.08333333333333333
HIP1R,0.3194246,0.33367476,0.7494045570923702,1.0,0.09523809523809523
MON1A,0.3194246,0.36209247,0.7494045570923702,1.0,0.11904761904761904
GIGYF1,0.31939054,0.19708312,0.7494303823447668,1.0,0.09523809523809523
TTC21B,0.31928837,0.39542827,0.7495078597875409,1.0,0.09523809523809523
PCDHB12,0.31915212,3.4096255,0.7496111669766001,1.0,0.023809523809523808
CNTLN,0.31860715,0.2467963,0.7500244406372758,1.0,0.20238095238095238
TNPO2,0.31853902,0.29366305,0.7500761048930563,1.0,0.17857142857142858
FST,0.31843683,0.0055037006,0.7501536033787285,1.0,0.2976190476190476
AP001033.2,0.31840277,0.8874238,0.7501794367677119,1.0,0.03571428571428571
AP005262.2,0.3181984,2.9195209,0.7503344429842,1.0,0.023809523809523808
BTD,0.31809622,0.46358475,0.7504119498728956,1.0,0.11904761904761904
ARHGAP33,0.31809622,1.4732816,0.7504119498728956,1.0,0.03571428571428571
CFAP36,0.31806216,0.11864296,0.7504377860623481,1.0,0.42857142857142855
CCT5,0.31799403,0.048294667,0.7504894592809224,1.0,0.7857142857142857
SDCBP2-AS1,0.31795996,0.39009166,0.7505152963099904,1.0,0.05952380952380952
BATF3,0.31782374,0.22921401,0.7506186472241716,1.0,0.20238095238095238
CCDC88B,0.31772155,0.46421435,0.7506961633468582,1.0,0.07142857142857142
AC010336.6,0.31765342,2.6114392,0.7507478421601739,1.0,0.023809523809523808
LINC02577,0.31758532,0.13860959,0.7507995220917911,1.0,0.21428571428571427
TRMT10A,0.317415,0.41435778,0.7509287268119881,1.0,0.13095238095238096
SLC35A5,0.31727874,0.3214665,0.7510320956172677,1.0,0.14285714285714285
TPTE,0.31710845,2.3031845,0.7511613129074386,1.0,0.023809523809523808
LEKR1,0.31704032,2.2957742,0.7512130017777038,1.0,0.023809523809523808
CNNM3,0.3168019,0.41043064,0.751393921613553,1.0,0.08333333333333333
ZNF561-AS1,0.31673378,0.36815438,0.7514456155057401,1.0,0.08333333333333333
FBXO45,0.3162569,0.24856575,0.7518075039698591,1.0,0.17857142857142858
B3GAT3,0.3160185,0.08107024,0.7519884686740556,1.0,0.25
SDCBP2,0.31588227,0.16528788,0.7520918831992194,1.0,0.10714285714285714
BRIX1,0.31564382,0.054302704,0.7522728693268591,1.0,0.2619047619047619
SLC7A6OS,0.31564382,0.22445539,0.7522728693268591,1.0,0.17857142857142858
ARID3A,0.3153032,0.36136985,0.7525314445640748,1.0,0.10714285714285714
AAK1,0.31516698,0.08083441,0.7526348824364484,1.0,0.5476190476190477
SWT1,0.31513292,0.48589382,0.7526607425986226,1.0,0.05952380952380952
ARHGEF26,0.31499666,0.78631127,0.7527641860228318,1.0,0.047619047619047616
GGH,0.3147923,0.13310044,0.7529193594827102,1.0,0.4166666666666667
DAPL1,0.3147923,0.5422774,0.7529193594827102,1.0,0.047619047619047616
RNASEK,0.31475824,-0.0037667016,0.752945222696759,1.0,0.9642857142857143
DDX52,0.31475824,0.06424002,0.752945222696759,1.0,0.47619047619047616
PRAF2,0.31472418,0.037087083,0.7529710861880887,1.0,0.36904761904761907
TNFRSF10A-AS1,0.31458792,2.4548726,0.7530745429256765,1.0,0.023809523809523808
BANP,0.31438357,0.29081768,0.7532297363458914,1.0,0.09523809523809523
AC104162.2,0.31431544,0.5147629,0.7532814697021198,1.0,0.07142857142857142
TAOK1,0.31397483,0.08437884,0.7535401530947023,1.0,0.4880952380952381
LINC01410,0.31397483,2.262807,0.7535401530947023,1.0,0.023809523809523808
KIF7,0.31370234,0.999135,0.7537471197295121,1.0,0.047619047619047616
ZMYM3,0.31342986,0.20912349,0.7539541040566418,1.0,0.14285714285714285
ATXN7,0.31342986,0.24967016,0.7539541040566418,1.0,0.17857142857142858
CIDEB,0.31336173,1.1201938,0.7540058529012253,1.0,0.03571428571428571
ZNF341,0.3132936,1.3746843,0.7540576028504963,1.0,0.03571428571428571
SLC22A13,0.3132936,3.1075845,0.7540576028504963,1.0,0.023809523809523808
SYCE3,0.31322548,1.3249191,0.7541093539042381,1.0,0.03571428571428571
FERMT1,0.31312332,0.6244392,0.7541869825552595,1.0,0.05952380952380952
RMND5A,0.31308925,0.22202669,0.7542128593242674,1.0,0.20238095238095238
DDI2,0.31288487,0.14327237,0.7543681257324272,1.0,0.16666666666666666
MIEF1,0.31285083,0.14365797,0.7543940044325531,1.0,0.25
CMTM7,0.31281677,0.071725585,0.7544198834084448,1.0,0.34523809523809523
TP53TG1,0.31257832,0.04821802,0.7546010439588494,1.0,0.5238095238095238
RGL2,0.31240803,0.22193804,0.7547304526190062,1.0,0.19047619047619047
FAM221A,0.31240803,1.1750706,0.7547304526190062,1.0,0.03571428571428571
UBTD2,0.31237397,0.2572794,0.7547563351773865,1.0,0.13095238095238096
MMUT,0.3118971,0.303431,0.7551187198979495,1.0,0.17857142857142858
TPP2,0.311829,0.19692264,0.7551704935455901,1.0,0.19047619047619047
ABCD3,0.3117268,0.08790385,0.7552481560791283,1.0,0.21428571428571427
SMS,0.31152242,0.086655214,0.7554034885669995,1.0,0.8928571428571429
TUSC2,0.3113862,0.12170607,0.7555070490534483,1.0,0.42857142857142855
SLC12A8,0.31131807,0.36964163,0.7555588309443821,1.0,0.10714285714285714
SMCR5,0.31121588,0.24335109,0.7556365058398095,1.0,0.11904761904761904
ZSCAN26,0.3111818,0.34622097,0.7556623980205838,1.0,0.08333333333333333
HNRNPLL,0.31101152,0.03300579,0.7557918630404737,1.0,0.21428571428571427
MIR193BHG,0.31090933,0.4892976,0.7558695453442456,1.0,0.08333333333333333
DDAH1,0.3107731,0.14142604,0.7559731255882327,1.0,0.30952380952380953
AC008736.1,0.3106709,0.9198445,0.7560508136494914,1.0,0.03571428571428571
MCOLN1,0.31056872,0.34505704,0.7561285041770233,1.0,0.09523809523809523
DLG5,0.3105006,0.6279578,0.7561802992318343,1.0,0.07142857142857142
YEATS2,0.31026217,0.14660937,0.7563615905499275,1.0,0.20238095238095238
SCAF1,0.31026217,0.2800934,0.7563615905499275,1.0,0.17857142857142858
MEX3D,0.3098875,0.3528353,0.7566465040000957,1.0,0.11904761904761904
C4orf19,0.30975127,2.7638817,0.7567501170951406,1.0,0.023809523809523808
SUV39H2,0.30961502,1.0400854,0.7568537345629394,1.0,0.07142857142857142
ERLIN1,0.3095469,0.22141084,0.756905544936078,1.0,0.25
UBR4,0.30944473,0.22087611,0.7569832625442235,1.0,0.20238095238095238
AC010913.1,0.30941066,0.55806285,0.7570091689597467,1.0,0.08333333333333333
MARS2,0.30920628,0.43424636,0.7571646131854675,1.0,0.05952380952380952
LPAR5,0.30920628,1.0032579,0.7571646131854675,1.0,0.03571428571428571
TXK,0.30879754,2.2737029,0.7574755311001634,1.0,0.023809523809523808
CBFA2T2,0.30879754,0.18256588,0.7574755311001634,1.0,0.15476190476190477
PET100,0.30872944,0.023863753,0.7575273545693859,1.0,0.6785714285714286
NAA15,0.3083207,0.1415774,0.7578383182655616,1.0,0.3333333333333333
HDAC4,0.30815038,0.38703585,0.7579678980415951,1.0,0.07142857142857142
THUMPD3,0.30804822,0.10241317,0.7580456491716628,1.0,0.23809523809523808
AL162411.1,0.3077757,0.81871,0.7582529974817642,1.0,0.047619047619047616
CHPF,0.30763948,0.4925154,0.7583566781589602,1.0,0.047619047619047616
AL157702.2,0.30760542,1.0605218,0.7583825990073544,1.0,0.03571428571428571
USP51,0.3074351,2.8713088,0.7585122073225354,1.0,0.023809523809523808
SERGEF,0.30729887,0.26320198,0.7586158988608984,1.0,0.09523809523809523
BCAR1,0.30719668,0.09597803,0.7586936703638208,1.0,0.39285714285714285
GLDC,0.30668578,0.40023658,0.759082564483397,1.0,0.09523809523809523
SEL1L,0.30661765,0.0948009,0.7591344216391,1.0,0.4166666666666667
TSPAN9,0.30658358,0.11306248,0.7591603506231558,1.0,0.2261904761904762
SLC5A6,0.3064133,0.17153801,0.7592899996043853,1.0,0.09523809523809523
CCDC97,0.30600455,0.3956866,0.7596011847571216,1.0,0.07142857142857142
SNUPN,0.3059705,0.10868661,0.7596271186108021,1.0,0.35714285714285715
PRDM4,0.30593643,0.1187563,0.7596530527347582,1.0,0.15476190476190477
LY75,0.30573207,2.057983,0.7598086631527574,1.0,0.023809523809523808
PARVB,0.30549362,0.040224906,0.7599902209288667,1.0,0.6547619047619048
AC011462.5,0.30511895,0.5772208,0.7602755527214952,1.0,0.07142857142857142
PPP4R2,0.30505085,0.0752679,0.7603274347350275,1.0,0.34523809523809523
MTERF1,0.30484647,0.30384097,0.760483087243688,1.0,0.08333333333333333
TMEM189,0.30467618,0.070798516,0.7606128050756417,1.0,0.5238095238095238
LPAR2,0.30457398,2.7901776,0.7606906390058973,1.0,0.023809523809523808
RBBP4,0.30443773,0.061501224,0.7607944213476395,1.0,0.6428571428571429
TFCP2,0.30433556,0.30370864,0.7608722609290415,1.0,0.15476190476190477
CIAO1,0.30413118,0.039652828,0.7610279473531804,1.0,0.4642857142857143
SNN,0.30402902,0.626005,0.7611057941944421,1.0,0.047619047619047616
ZNF213,0.30392683,1.2053517,0.761183643454182,1.0,0.03571428571428571
NT5C,0.30382463,0.021563653,0.7612614951316621,1.0,0.4880952380952381
FRRS1,0.3036884,2.3972623,0.7613653011279563,1.0,0.023809523809523808
CHCHD5,0.3035862,0.046897706,0.761443158443961,1.0,0.6309523809523809
SLC45A3,0.30355215,0.19419707,0.7614691114193948,1.0,0.05952380952380952
LBR,0.30355215,0.055872824,0.7614691114193948,1.0,0.39285714285714285
ZNF468,0.3035181,0.4064357,0.7614950646631656,1.0,0.05952380952380952
DDX59,0.30348402,0.23622967,0.7615210181752463,1.0,0.11904761904761904
MAGEE1,0.3034159,2.2544153,0.761572926004228,1.0,0.023809523809523808
AC006480.2,0.30317748,1.1645525,0.7617546118534049,1.0,0.03571428571428571
GAB1,0.3028028,0.8872239,0.7620401447198227,1.0,0.03571428571428571
KDM2B,0.3028028,0.2581299,0.7620401447198227,1.0,0.11904761904761904
BAP1,0.30276874,0.23304117,0.762066103860094,1.0,0.11904761904761904
GNG10,0.3022919,0.05441536,0.7624295599208073,1.0,0.75
BUD23,0.3021897,0.10959442,0.7625074501817388,1.0,0.42857142857142855
CDK19,0.30198535,0.2355792,0.762663237918425,1.0,0.08333333333333333
FAM222B,0.30167878,0.097982295,0.7628969375494252,1.0,0.2619047619047619
HEXA,0.30167878,0.0063479017,0.7628969375494252,1.0,0.40476190476190477
KMT5C,0.30137223,0.58748037,0.7631306587938471,1.0,0.05952380952380952
MIOS,0.30137223,0.35409704,0.7631306587938471,1.0,0.09523809523809523
TRAF7,0.301236,0.036268547,0.7632345418348987,1.0,0.39285714285714285
RALGPS2,0.30120194,0.1721437,0.7632605132614207,1.0,0.2261904761904762
HDHD5,0.30106568,0.24012512,0.7633644016317243,1.0,0.20238095238095238
HCST,0.3008954,2.2272067,0.7634942680870324,1.0,0.023809523809523808
CLASP1,0.30082726,0.33994657,0.7635462165327633,1.0,0.11904761904761904
DOCK4-AS1,0.30075914,2.3200438,0.7635981660430843,1.0,0.023809523809523808
INTS10,0.30055478,0.19127044,0.7637540209593935,1.0,0.34523809523809523
MAMDC2,0.30048665,0.2928704,0.7638059747258812,1.0,0.13095238095238096
XRCC1,0.3004526,0.047414873,0.7638319520079487,1.0,0.16666666666666666
LINC01747,0.3002823,2.1375391,0.7639618424054271,1.0,0.023809523809523808
AP000662.1,0.3002823,2.1219637,0.7639618424054271,1.0,0.023809523809523808
SETX,0.30007792,0.06983263,0.7641177196504911,1.0,0.34523809523809523
RAP2A,0.29980543,0.18245187,0.7643255708466992,1.0,0.21428571428571427
TMEM106A,0.29980543,0.33679768,0.7643255708466992,1.0,0.10714285714285714
PPHLN1,0.29977137,0.022830978,0.764351553440475,1.0,0.44047619047619047
AKT2,0.29970324,0.2582395,0.7644035194238916,1.0,0.15476190476190477
DDHD1,0.29970324,-0.0025311226,0.7644035194238916,1.0,0.23809523809523808
AC104532.2,0.29953295,0.68651754,0.7645334390236971,1.0,0.05952380952380952
BX890604.2,0.2994989,0.06535142,0.764559423739084,1.0,0.36904761904761907
UBE2D3,0.29932857,0.040953204,0.7646893512916381,1.0,0.7857142857142857
SLC7A5,0.29929453,0.28911218,0.7647153375970808,1.0,0.11904761904761904
TPCN1,0.29902202,0.124971405,0.7649232375751924,1.0,0.14285714285714285
CHPT1,0.29902202,0.15571539,0.7649232375751924,1.0,0.35714285714285715
AC004540.1,0.29898795,2.676304,0.7649492262638659,1.0,0.023809523809523808
PDE4B,0.29891986,0.34718484,0.7650012044351839,1.0,0.13095238095238096
IER3-AS1,0.29885173,0.9611062,0.7650531836649469,1.0,0.03571428571428571
AL121583.1,0.29857925,2.9121852,0.7652611111640556,1.0,0.023809523809523808
ZC3HAV1L,0.29830673,1.1208521,0.7654690555807083,1.0,0.03571428571428571
BACE1,0.2982727,0.23487204,0.7654950498216042,1.0,0.16666666666666666
HOXB7,0.2982727,0.08133123,0.7654950498216042,1.0,0.42857142857142855
BX255925.3,0.29820457,1.2458497,0.7655470390956369,1.0,0.03571428571428571
ABCA10,0.2981705,2.3276584,0.7655730341287186,1.0,0.023809523809523808
CENPT,0.29803425,0.12170131,0.7656770169008404,1.0,0.14285714285714285
LIPT1,0.2979321,0.34505087,0.7657550067509471,1.0,0.07142857142857142
ZNF672,0.29776177,0.37482727,0.7658849951103837,1.0,0.09523809523809523
MIER2,0.2977277,0.26565802,0.7659109935734125,1.0,0.15476190476190477
MGAT4B,0.29742116,0.11339333,0.7661449916016091,1.0,0.4642857142857143
EDNRB,0.29735303,1.9883103,0.766196994061561,1.0,0.023809523809523808
PARP14,0.2972168,0.09906561,0.7663010021414121,1.0,0.40476190476190477
HIPK3,0.29714867,0.30641043,0.7663530077608711,1.0,0.15476190476190477
RBM6,0.29704648,0.20728569,0.766431018163858,1.0,0.38095238095238093
AC003681.1,0.29701242,0.6089086,0.7664570221577564,1.0,0.07142857142857142
EFNA5,0.296774,0.038704287,0.766639057479527,1.0,0.36904761904761907
PPP3CB-AS1,0.29670587,0.24636461,0.7666910699377911,1.0,0.05952380952380952
TAF12,0.29663774,0.06936353,0.7667430834473538,1.0,0.35714285714285715
VPS37C,0.29639933,0.5286786,0.7669251390066203,1.0,0.07142857142857142
TAX1BP1,0.29619497,0.0170939,0.7670811968697075,1.0,0.6547619047619048
USP27X,0.2961609,1.0758797,0.7671072074321573,1.0,0.03571428571428571
MRPL37,0.29602465,0.06616832,0.7672112523055237,1.0,0.4523809523809524
FCF1,0.29568404,0.16515304,0.7674713828442743,1.0,0.2261904761904762
AL133330.1,0.29551375,0.91800714,0.7676014579403245,1.0,0.047619047619047616
ANKHD1,0.29547969,0.08862597,0.7676274737452279,1.0,0.36904761904761907
AC020911.2,0.29544562,2.405344,0.7676534898119647,1.0,0.023809523809523808
AL096794.1,0.29530936,2.303714,0.7677575566966961,1.0,0.023809523809523808
FOXO6,0.29524124,2.3670654,0.7678095917093464,1.0,0.023809523809523808
TRIM32,0.29517314,0.40392148,0.7678616277685594,1.0,0.07142857142857142
OAF,0.29507095,0.12968083,0.7679396838192014,1.0,0.38095238095238093
DNAL1,0.29503688,0.30923676,0.7679657030257911,1.0,0.16666666666666666
AC024270.5,0.29503688,2.2784395,0.7679657030257911,1.0,0.023809523809523808
MFSD9,0.29483253,0.86405617,0.7681218237553469,1.0,0.047619047619047616
AL162586.1,0.29483253,2.155422,0.7681218237553469,1.0,0.023809523809523808
VPS37D,0.29483253,1.2837805,0.7681218237553469,1.0,0.03571428571428571
MINDY2,0.2947644,0.05273775,0.7681738660893057,1.0,0.32142857142857145
RFXAP,0.29469627,0.3198956,0.7682259094682837,1.0,0.09523809523809523
NEK3,0.29469627,0.2431387,0.7682259094682837,1.0,0.15476190476190477
EID2,0.29459408,0.109496474,0.7683039764956793,1.0,0.19047619047619047
AC051635.1,0.29449192,2.0584779,0.7683820458731275,1.0,0.023809523809523808
AC018647.3,0.29435566,2.0418384,0.7684861420307427,1.0,0.023809523809523808
NUDT21,0.29435566,0.10805164,0.7684861420307427,1.0,0.40476190476190477
MAGI1,0.29435566,0.45050186,0.7684861420307427,1.0,0.07142857142857142
ERGIC2,0.2935382,0.0351829,0.7691108065850986,1.0,0.42857142857142855
SOCS6,0.29333383,0.6130803,0.7692669961621549,1.0,0.10714285714285714
ALG8,0.29333383,0.1188761,0.7692669961621549,1.0,0.2261904761904762
COG3,0.29316354,0.27191663,0.7693971612959352,1.0,0.10714285714285714
HIST1H1C,0.29306135,0.2460735,0.7694752634959231,1.0,0.14285714285714285
ACTR6,0.29299322,0.049822144,0.7695273329286714,1.0,0.3333333333333333
MAP4K2,0.29295915,0.21574147,0.7695533680347897,1.0,0.14285714285714285
LMNA,0.29282293,-0.011880341,0.7696575110569123,1.0,0.9642857142857143
RNASEH2A,0.29261854,1.1100523,0.7698137333800074,1.0,0.03571428571428571
AL049830.3,0.29238012,2.2202158,0.769996004564529,1.0,0.023809523809523808
AC012645.1,0.29238012,2.2292035,0.769996004564529,1.0,0.023809523809523808
PRKCH,0.29238012,0.22159046,0.769996004564529,1.0,0.32142857142857145
KDM3B,0.2921417,0.08958569,0.7701782884558792,1.0,0.17857142857142858
PI4K2B,0.2920395,0.51751083,0.7702564140110977,1.0,0.08333333333333333
CHST6,0.29190326,2.0200872,0.7703605850445807,1.0,0.023809523809523808
HOXA4,0.2918692,1.0488795,0.770386628450361,1.0,0.03571428571428571
SNHG14,0.29183516,0.11682794,0.7704126721150497,1.0,0.5238095238095238
SERPINB1,0.29173297,0.04169009,0.7704908046622909,1.0,0.7380952380952381
YAF2,0.29163077,0.07893612,0.7705689395387135,1.0,0.35714285714285715
ECSCR,0.29156265,0.06724193,0.7706210307499497,1.0,0.9642857142857143
BCAS3,0.29149455,0.33638895,0.770673122995825,1.0,0.09523809523809523
UBE3A,0.29139236,0.10362963,0.7707512633041017,1.0,0.39285714285714285
PTBP1,0.2913583,0.05413686,0.7707773105906072,1.0,0.44047619047619047
AC106897.1,0.29129016,0.4692706,0.7708294059390717,1.0,0.08333333333333333
CSRP1,0.29118797,0.042059883,0.7709075508999883,1.0,0.6190476190476191
PGAM1,0.29084736,0.039152008,0.7711680508919581,1.0,0.6547619047619048
STC1,0.29071113,0.22600156,0.7712722581165048,1.0,0.10714285714285714
RSPH1,0.29033646,0.8214237,0.7715588492610603,1.0,0.03571428571428571
PHETA1,0.29026833,0.963678,0.7716109600925976,1.0,0.047619047619047616
CCDC65,0.29026833,2.4485557,0.7716109600925976,1.0,0.023809523809523808
PRMT1,0.2901321,0.0735236,0.7717151848467521,1.0,0.6785714285714286
PIEZO2,0.2901321,2.449722,0.7717151848467521,1.0,0.023809523809523808
AC124016.2,0.29006398,0.8020431,0.7717672987689262,1.0,0.047619047619047616
C8orf58,0.28992772,0.64652854,0.7718715297023613,1.0,0.05952380952380952
MIS12,0.28972337,0.23715983,0.7720278838219076,1.0,0.10714285714285714
ZNF354A,0.28972337,0.4745809,0.7720278838219076,1.0,0.09523809523809523
ZNF518B,0.28955305,0.19749276,0.7721581859938326,1.0,0.13095238095238096
METTL26,0.2893487,0.024043603,0.7723145570817269,1.0,0.8333333333333334
TMEM33,0.28931463,0.03826107,0.7723406198288834,1.0,0.38095238095238093
HSBP1L1,0.28917837,2.1486974,0.7724448733855627,1.0,0.023809523809523808
ANKRD20A3,0.28876966,1.8586446,0.7727576586938358,1.0,0.023809523809523808
AC007448.5,0.28856528,1.8681881,0.7729140651960048,1.0,0.023809523809523808
AP005901.5,0.28836092,1.9017777,0.7730704809222115,1.0,0.023809523809523808
CXXC1,0.2881906,0.16079888,0.7732008344025363,1.0,0.10714285714285714
TNNI3,0.28808844,1.5982597,0.7732790495619719,1.0,0.023809523809523808
G6PD,0.28795218,0.034651462,0.7733833400227805,1.0,0.5952380952380952
SEPTIN9,0.28785,0.08876338,0.7734615605535871,1.0,0.40476190476190477
TSEN2,0.28781593,0.10487659,0.7734876345751746,1.0,0.11904761904761904
FAM118B,0.2877819,0.15161231,0.7735137088523751,1.0,0.10714285714285714
AC069120.1,0.2876797,2.4291804,0.7735919332173782,1.0,0.023809523809523808
VAT1,0.28764564,0.060873758,0.7736180085167538,1.0,0.8333333333333334
AC126118.1,0.28754345,2.516492,0.7736962359476159,1.0,0.023809523809523808
AC091180.3,0.28747532,1.4974136,0.7737483888451926,1.0,0.023809523809523808
TMEM242,0.28710067,0.21086928,0.774035248032408,1.0,0.27380952380952384
RCN2,0.2870666,0.020636097,0.7740613276710736,1.0,0.7976190476190477
PLAC1,0.2870666,2.3808908,0.7740613276710736,1.0,0.023809523809523808
NDUFAB1,0.2870666,0.045878775,0.7740613276710736,1.0,0.7857142857142857
FCSK,0.28699848,0.6311078,0.7741134877133846,1.0,0.07142857142857142
ZZEF1,0.2867941,0.14842403,0.7742699739581574,1.0,0.15476190476190477
FICD,0.28665787,0.68270147,0.7743743032173174,1.0,0.05952380952380952
SNX18,0.28658974,0.29534516,0.7744264693750245,1.0,0.13095238095238096
LINC01275,0.2864535,2.1916628,0.7745308047455812,1.0,0.023809523809523808
ZNF701,0.28631726,0.5492735,0.7746351441881805,1.0,0.05952380952380952
WWOX,0.28614694,0.12089151,0.7747655742150306,1.0,0.07142857142857142
POU2F2,0.28604478,0.8439183,0.7748438352823941,1.0,0.03571428571428571
ZNF692,0.2860107,0.22770485,0.7748699228132242,1.0,0.08333333333333333
MRPL13,0.28570417,0.07434867,0.7751047220237254,1.0,0.6071428571428571
NELFA,0.28539762,0.2204832,0.7753395417994223,1.0,0.16666666666666666
C2,0.28536355,1.8575214,0.775365634154187,1.0,0.023809523809523808
ARHGEF33,0.28536355,1.5027448,0.775365634154187,1.0,0.023809523809523808
CCN1,0.285057,0.036705505,0.775600476756331,1.0,0.7619047619047619
MSX1,0.28485262,0.17131819,0.7757570498936801,1.0,0.10714285714285714
AC087222.1,0.2846142,1.4152212,0.7759397300739211,1.0,0.023809523809523808
AC142472.1,0.28447795,0.50966114,0.7760441243149864,1.0,0.047619047619047616
AC099778.1,0.2843758,1.2405905,0.776122422651228,1.0,0.03571428571428571
AC015912.3,0.28430766,0.92462325,0.7761746228061349,1.0,0.03571428571428571
RTL8B,0.28423953,1.3565726,0.7762268239720453,1.0,0.03571428571428571
C18orf54,0.2840692,0.63412243,0.7763573313085007,1.0,0.09523809523809523
PPP1R10,0.28396705,0.04557841,0.776435638741269,1.0,0.34523809523809523
TJP1,0.28386486,0.032238413,0.77651394844629,1.0,0.6071428571428571
KRTCAP3,0.2837286,2.2831197,0.7766183649196337,1.0,0.023809523809523808
LINC01239,0.2837286,1.0546851,0.7766183649196337,1.0,0.03571428571428571
RHBDD1,0.28369457,0.26798967,0.7766444696687332,1.0,0.10714285714285714
RNASEH1-AS1,0.28352425,0.3430491,0.7767749971974204,1.0,0.09523809523809523
ZMAT3,0.283388,0.004369007,0.7768794237585261,1.0,0.7976190476190477
TDRD3,0.2833199,0.1914364,0.7769316385511851,1.0,0.13095238095238096
MMP14,0.2833199,0.09488868,0.7769316385511851,1.0,0.39285714285714285
SYCP3,0.28325176,2.0070875,0.7769838543516174,1.0,0.023809523809523808
EXO1,0.28325176,1.8818786,0.7769838543516174,1.0,0.023809523809523808
E2F8,0.28304738,0.35305977,0.7771405077973267,1.0,0.05952380952380952
AC016831.7,0.28304738,0.75663894,0.7771405077973267,1.0,0.047619047619047616
SPEF1,0.28263867,1.6728004,0.7774538418685378,1.0,0.023809523809523808
TEX2,0.28263867,0.36359486,0.7774538418685378,1.0,0.09523809523809523
UBE2G2,0.2825024,0.06746913,0.7775582946056736,1.0,0.5595238095238095
C10orf88,0.2825024,0.31404972,0.7775582946056736,1.0,0.13095238095238096
FRMD3,0.2825024,0.3043961,0.7775582946056736,1.0,0.11904761904761904
AP000692.1,0.28243428,1.6287661,0.7776105224820002,1.0,0.023809523809523808
HIP1,0.28243428,0.1988515,0.7776105224820002,1.0,0.25
DYRK1B,0.28236616,2.4674525,0.777662751363202,1.0,0.023809523809523808
TNKS2-AS1,0.28229806,2.5053775,0.7777149812490558,1.0,0.023809523809523808
PIP4K2B,0.28219587,0.13955986,0.7777933279610714,1.0,0.14285714285714285
GPR4,0.2821618,0.038416777,0.7778194440338275,1.0,0.20238095238095238
UPP1,0.28188932,0.008147011,0.7780283816493807,1.0,0.21428571428571427
AC007406.5,0.28168496,0.40108883,0.7781850953942757,1.0,0.07142857142857142
LRRC29,0.28148058,1.2494006,0.7783418181609587,1.0,0.03571428571428571
EIF4G1,0.28127623,-0.003464732,0.7784985499434031,1.0,0.6547619047619048
PHF1,0.28103778,0.21687497,0.778681415076467,1.0,0.11904761904761904
TRIM45,0.28103778,1.1053739,0.778681415076467,1.0,0.03571428571428571
PLEKHG2,0.28093562,0.32909727,0.7787597895994635,1.0,0.08333333333333333
HNF1A-AS1,0.2808675,2.0498183,0.7788120405314638,1.0,0.023809523809523808
AC026904.2,0.28052688,1.9497246,0.7790733101831233,1.0,0.023809523809523808
TAGLN2,0.28042468,0.051347252,0.7791516959481872,1.0,1.0
TRMT13,0.28042468,0.14526395,0.7791516959481872,1.0,0.15476190476190477
COX7A2L,0.2802544,0.08252344,0.7792823438810363,1.0,0.8095238095238095
CASP9,0.2802544,0.65439135,0.7792823438810363,1.0,0.047619047619047616
GSAP,0.28022033,0.7436997,0.779308474216016,1.0,0.05952380952380952
CPLANE1,0.2801522,0.18719906,0.7793607356341621,1.0,0.2619047619047619
MUS81,0.28001595,0.13434482,0.7794652614624177,1.0,0.15476190476190477
INO80,0.27991378,0.020567648,0.7795436584506976,1.0,0.17857142857142858
LIMD1,0.27984565,0.19640408,0.7795959243553642,1.0,0.14285714285714285
RNF10,0.2797094,0.10778984,0.7797004591536435,1.0,0.42857142857142855
LINC02447,0.27950504,1.4516109,0.779857268820074,1.0,0.023809523809523808
MKLN1,0.27947098,0.10125586,0.7798834046355052,1.0,0.3333333333333333
EIF2AK3-DT,0.27943692,1.6807606,0.7799095406997263,1.0,0.023809523809523808
BAIAP2L1,0.27933472,0.30402312,0.7799879503848504,1.0,0.10714285714285714
AL139289.2,0.27933472,0.93799347,0.7799879503848504,1.0,0.03571428571428571
AL360270.1,0.2793007,2.4263337,0.780014087443952,1.0,0.023809523809523808
SGK3,0.27926663,0.043450736,0.780040224751704,1.0,0.23809523809523808
ABTB1,0.27926663,0.5421916,0.780040224751704,1.0,0.05952380952380952
AC010524.1,0.27913037,1.0227875,0.7801447764686551,1.0,0.03571428571428571
TSPAN6,0.27896008,0.14516465,0.7802754717061195,1.0,0.2857142857142857
NEDD9,0.27851728,0.40652314,0.780615308374165,1.0,0.08333333333333333
ZNF674,0.27851728,0.8411381,0.780615308374165,1.0,0.03571428571428571
GRINA,0.2784832,0.058709368,0.7806414513931548,1.0,0.5595238095238095
TBC1D32,0.27838102,0.60806555,0.7807198819378859,1.0,0.05952380952380952
SNAI1,0.27834696,0.35429102,0.7807460259486237,1.0,0.09523809523809523
AC025171.3,0.27821073,2.0283217,0.7808506044699666,1.0,0.023809523809523808
PLCXD1,0.27810854,0.9831323,0.7809290409625009,1.0,0.03571428571428571
EIF5B,0.27800635,0.096778914,0.7810074796840762,1.0,0.8928571428571429
SLC4A1AP,0.277802,0.074161746,0.7811643638113269,1.0,0.27380952380952384
PCDH11X,0.27732512,1.6556381,0.7815304614031611,1.0,0.023809523809523808
ZXDB,0.27729106,0.46469963,0.781556613084764,1.0,0.05952380952380952
SDF4,0.27725703,0.08359486,0.7815827650133662,1.0,0.6666666666666666
GATD3A,0.27705264,0.5140417,0.7817396817703961,1.0,0.05952380952380952
KMT2D,0.27705264,0.24476989,0.7817396817703961,1.0,0.17857142857142858
RAPGEF2,0.27701858,0.092093535,0.781765835427209,1.0,0.17857142857142858
COLGALT1,0.2769845,0.040498253,0.7817919893307972,1.0,0.30952380952380953
FECH,0.2768483,0.26148555,0.7818966074123416,1.0,0.13095238095238096
PDE4D,0.2768483,0.026509082,0.7818966074123416,1.0,0.17857142857142858
NRG2,0.27671203,0.5428687,0.7820012294400478,1.0,0.05952380952380952
RETSAT,0.27667797,0.24363291,0.7820273855633519,1.0,0.19047619047619047
INTS6L,0.27654174,0.6980372,0.7821320125212388,1.0,0.03571428571428571
NUDT16L1,0.27654174,0.057389442,0.7821320125212388,1.0,0.23809523809523808
AC004477.1,0.27650768,1.4413021,0.7821581698767378,1.0,0.023809523809523808
BTBD6,0.27643955,0.23190664,0.7822104853267726,1.0,0.16666666666666666
TLE2,0.27633736,0.053796638,0.782288960348996,1.0,0.23809523809523808
PIGP,0.27606487,0.026322154,0.7824982379063183,1.0,0.2976190476190476
TIPARP-AS1,0.27589458,0.57423097,0.7826290443752465,1.0,0.047619047619047616
CYB5D2,0.27572426,0.26830772,0.7827598569904317,1.0,0.15476190476190477
GTF2F2,0.27555397,0.07095019,0.7828906757483685,1.0,0.34523809523809523
L3MBTL3,0.27545178,0.16448653,0.7829691699501928,1.0,0.2619047619047619
ANAPC1,0.27541772,0.13825999,0.782995335175143,1.0,0.19047619047619047
FBXO33,0.27531552,0.21201037,0.7830738323226271,1.0,0.09523809523809523
C12orf10,0.27528146,0.03165052,0.7830999985292394,1.0,0.39285714285714285
PBK,0.2750771,0.24136157,0.7832570009201847,1.0,0.14285714285714285
PAFAH1B2,0.27504304,0.06212553,0.7832831688436257,1.0,0.6071428571428571
FZD2,0.27500898,0.48505402,0.7833093370122155,1.0,0.07142857142857142
ZNF532,0.27480462,0.23757598,0.7834663511703119,1.0,0.13095238095238096
DCST1-AS1,0.27466837,1.864713,0.7835710321751341,1.0,0.023809523809523808
AC008269.1,0.27466837,1.8359092,0.7835710321751341,1.0,0.023809523809523808
ZNF136,0.27460024,0.54640704,0.7836233741466991,1.0,0.047619047619047616
TTLL5,0.27453214,0.095557034,0.7836757170974004,1.0,0.23809523809523808
AC008875.1,0.27419153,2.4833338,0.7839374465300918,1.0,0.023809523809523808
CSRNP1,0.27419153,0.41004154,0.7839374465300918,1.0,0.07142857142857142
TMEM173,0.27415746,0.09415669,0.7839636208182836,1.0,0.35714285714285715
PDIA3,0.27385092,0.05682495,0.7841992004074989,1.0,0.9642857142857143
ELOC,0.27371466,0.075370446,0.7843039087966908,1.0,0.8809523809523809
MARCKSL1,0.2735784,0.0049011637,0.7844086210907454,1.0,0.7380952380952381
C5orf15,0.2735784,0.16582474,0.7844086210907454,1.0,0.2261904761904762
COX20,0.27344218,0.027479002,0.7845133372878644,1.0,0.4523809523809524
TNFSF12,0.27344218,0.13613096,0.7845133372878644,1.0,0.2976190476190476
AC087294.1,0.2731697,0.7211946,0.7847227813841023,1.0,0.03571428571428571
SEZ6L2,0.27310157,0.35862765,0.784775144844767,1.0,0.05952380952380952
MRPL2,0.27303344,0.038878486,0.7848275092796237,1.0,0.2857142857142857
NHLRC1,0.2729653,2.1416802,0.7848798746884481,1.0,0.023809523809523808
LIN7C,0.2727269,0.15683897,0.7850631612860796,1.0,0.20238095238095238
AC090198.1,0.27255657,1.9530249,0.7851940875821147,1.0,0.023809523809523808
CHAC2,0.27252254,0.5741936,0.785220273570729,1.0,0.08333333333333333
AC009119.1,0.2722841,2.1770365,0.7854035822954157,1.0,0.023809523809523808
CC2D2A,0.2721138,0.17220283,0.7855345243855223,1.0,0.15476190476190477
BST2,0.27194348,0.09583229,0.7856654725439425,1.0,0.9642857142857143
SNX19,0.27180725,0.39492565,0.7857702354375011,1.0,0.09523809523809523
GVQW3,0.271671,0.2324288,0.7858750022107289,1.0,0.07142857142857142
PRICKLE3,0.27160287,0.51957494,0.7859273870516559,1.0,0.07142857142857142
FBXW5,0.2715688,0.12043452,0.785953579835599,1.0,0.2857142857142857
MAPK11,0.27153474,0.42097077,0.7859797728618245,1.0,0.08333333333333333
USP44,0.27153474,0.7381447,0.7859797728618245,1.0,0.047619047619047616
THBS3,0.27153474,0.4832016,0.7859797728618245,1.0,0.07142857142857142
RPN2,0.2715007,-0.031297944,0.7860059661303043,1.0,0.8452380952380952
AFDN,0.27129632,0.18639852,0.7861631308269432,1.0,0.30952380952380953
GPRC5D-AS1,0.27126226,0.31944314,0.7861893257904139,1.0,0.11904761904761904
PAXIP1,0.2710579,0.47895482,0.7863465006528603,1.0,0.07142857142857142
KDSR,0.2709557,0.10771044,0.7864250913495737,1.0,0.4523809523809524
SELENOW,0.2708195,0.03032527,0.7865298823299177,1.0,0.9880952380952381
EXD3,0.27078542,0.24055928,0.7865560806792313,1.0,0.2261904761904762
BBOF1,0.27064916,0.36842942,0.7866608764925512,1.0,0.07142857142857142
CEP97,0.2705129,0.19340125,0.7867656761702239,1.0,0.13095238095238096
ILVBL,0.27037668,0.23334731,0.7868704797104464,1.0,0.13095238095238096
HIST1H1B,0.27024043,0.42437837,0.7869752871114155,1.0,0.047619047619047616
ZNF480,0.27020636,0.15601164,0.7870014895646882,1.0,0.23809523809523808
SIGMAR1,0.27007014,0.022398187,0.7871063017890547,1.0,0.36904761904761907
KCNMB3,0.27003607,2.1412318,0.7871325054478244,1.0,0.023809523809523808
AC095057.3,0.26989982,2.0279784,0.7872373224927702,1.0,0.023809523809523808
PCGF5,0.2698317,0.09823334,0.7872897324607686,1.0,0.15476190476190477
PRNCR1,0.26867363,0.9463153,0.7881808491302841,1.0,0.03571428571428571
AL031666.3,0.2686055,0.62635523,0.7882332764046625,1.0,0.05952380952380952
RRP36,0.26857144,0.06476552,0.7882594904016114,1.0,0.44047619047619047
AC040169.1,0.26792428,0.1619906,0.7887576018738891,1.0,0.047619047619047616
FAM90A1,0.26785615,1.3680171,0.7888100396883883,1.0,0.023809523809523808
AC009403.1,0.26785615,0.23727562,0.7888100396883883,1.0,0.07142857142857142
CTPS1,0.2676518,0.011356747,0.788967358872009,1.0,0.2976190476190476
MCTS1,0.26761773,0.04804657,0.7889935795727504,1.0,0.6071428571428571
SLC2A13,0.26758367,2.1609921,0.7890198005125038,1.0,0.023809523809523808
ARID2,0.26751554,0.20719878,0.7890722431089329,1.0,0.16666666666666666
SEMA4B,0.2673793,0.030485801,0.7891771311686895,1.0,0.11904761904761904
YDJC,0.26710683,0.14697371,0.7893869187494698,1.0,0.2619047619047619
SNRPE,0.26697057,0.057772752,0.7894918182668774,1.0,0.8928571428571429
APPL1,0.26697057,0.05585898,0.7894918182668774,1.0,0.5476190476190477
GALNT10,0.26690245,0.08046881,0.7895442694565444,1.0,0.2619047619047619
DLL4,0.26690245,1.8801221,0.7895442694565444,1.0,0.023809523809523808
FAM72A,0.26683432,1.8998816,0.7895967215998857,1.0,0.023809523809523808
AC100830.1,0.2666981,2.0099084,0.7897016287466858,1.0,0.023809523809523808
FAM171A1,0.2664937,0.030932883,0.7898589966137897,1.0,0.44047619047619047
PIP5K1C,0.26628935,0.47187135,0.7900163730517504,1.0,0.15476190476190477
RBM8A,0.26628935,0.003394189,0.7900163730517504,1.0,0.6904761904761905
BCLAF1,0.26611903,0.04777646,0.7901475266261612,1.0,0.5833333333333334
PRDM5,0.266085,0.60497427,0.7901737580544614,1.0,0.047619047619047616
SIRPB2,0.266085,1.7641248,0.7901737580544614,1.0,0.023809523809523808
ESS2,0.26601687,0.4811407,0.7902262216242542,1.0,0.08333333333333333
TRIM16L,0.26571032,0.3888615,0.7904623194503893,1.0,0.13095238095238096
HES1,0.26571032,0.15792522,0.7904623194503893,1.0,0.2976190476190476
YLPM1,0.2656422,0.11488012,0.7905147882464194,1.0,0.25
ANP32A,0.26560813,0.04072679,0.7905410230005073,1.0,0.5952380952380952
ATG9B,0.26560813,1.5565022,0.7905410230005073,1.0,0.023809523809523808
HOXA2,0.2654378,0.6719242,0.7906722003305426,1.0,0.03571428571428571
AC048344.4,0.26533565,2.157087,0.790750909575222,1.0,0.023809523809523808
ARMC10,0.2653016,0.12260346,0.7907771464643883,1.0,0.38095238095238093
ZNF330,0.2649269,-0.0011531495,0.7910657678868983,1.0,0.35714285714285715
CASP8,0.26472256,0.07798122,0.7912232098318139,1.0,0.15476190476190477
AC087477.2,0.26462036,0.70206296,0.7913019339988663,1.0,0.03571428571428571
AL162718.1,0.26451817,1.2399068,0.7913806602946291,1.0,0.023809523809523808
P3H2,0.2644841,0.984292,0.7914069028661312,1.0,0.03571428571428571
GBP1,0.26438195,0.27263108,0.7914856319989854,1.0,0.13095238095238096
FAHD1,0.26431382,0.11982965,0.7915381192692279,1.0,0.21428571428571427
UBXN2A,0.26431382,0.024772722,0.7915381192692279,1.0,0.32142857142857145
KLHL5,0.26427975,0.07380744,0.7915643632587661,1.0,0.40476190476190477
LINC02018,0.26404133,1.051794,0.7917480777986736,1.0,0.03571428571428571
PDP2,0.26390508,0.3684271,0.7918530627293097,1.0,0.14285714285714285
NGLY1,0.26383695,0.117670186,0.7919055566103128,1.0,0.2619047619047619
CIAO2B,0.26383695,0.102531254,0.7919055566103128,1.0,0.8452380952380952
U2AF1,0.2638029,0.58530563,0.7919318039046366,1.0,0.03571428571428571
NAXD,0.26370072,0.13923576,0.7920105472025563,1.0,0.08333333333333333
SNX11,0.26366666,0.3936917,0.7920367954400845,1.0,0.07142857142857142
LYN,0.26356447,0.045240026,0.7921155415669381,1.0,0.30952380952380953
JAK1,0.26339415,0.058619406,0.7922467898242223,1.0,0.9285714285714286
ASGR1,0.26329198,0.316106,0.7923255416048627,1.0,0.07142857142857142
TESMIN,0.2626789,0.5267949,0.7927980967560282,1.0,0.07142857142857142
SLC25A13,0.26250857,0.22120847,0.7929293755900864,1.0,0.16666666666666666
AC123768.3,0.2624745,1.4167306,0.7929556320613107,1.0,0.023809523809523808
SLC26A6,0.26230422,0.8171646,0.793086917937937,1.0,0.05952380952380952
TMEM104,0.2622361,0.5801237,0.7931394339309599,1.0,0.05952380952380952
SEPTIN5,0.2621339,1.9630804,0.7932182096794698,1.0,0.023809523809523808
FAM13A-AS1,0.26206577,1.0843762,0.7932707280174625,1.0,0.03571428571428571
SOCS2,0.26206577,0.0747135,0.7932707280174625,1.0,0.27380952380952384
EEF1AKMT3,0.26199767,0.36406752,0.7933232472930459,1.0,0.07142857142857142
ZNF784,0.2619636,1.2941271,0.7933495072823632,1.0,0.03571428571428571
ABHD18,0.2619636,0.44439986,0.7933495072823632,1.0,0.11904761904761904
AP001107.9,0.2618614,0.48626414,0.7934282886560768,1.0,0.05952380952380952
TAPT1,0.2617933,0.3182359,0.7934808107430704,1.0,0.08333333333333333
ERMARD,0.26175922,0.39208776,0.7935070721378374,1.0,0.08333333333333333
SNPH,0.26175922,0.17726304,0.7935070721378374,1.0,0.05952380952380952
STK11,0.26165706,0.09159098,0.7935858577268786,1.0,0.17857142857142858
ZNF324,0.26158893,0.6597536,0.7936383826232392,1.0,0.047619047619047616
AC004263.2,0.2615208,1.2458998,0.7936909084556012,1.0,0.023809523809523808
RTL10,0.2611802,0.42511177,0.7939535516494862,1.0,0.10714285714285714
SQLE,0.26087365,0.06599648,0.7941899505026973,1.0,0.9166666666666666
IL33,0.26077145,1.7011489,0.7942687543227314,1.0,0.023809523809523808
ETS2,0.26063523,0.02494912,0.7943738293491093,1.0,0.3333333333333333
STK35,0.2605671,0.3310401,0.7944263682616438,1.0,0.08333333333333333
NEDD4,0.2603627,-0.0097056255,0.7945839905939026,1.0,0.21428571428571427
HIST1H2BE,0.2602265,1.4851849,0.7946890768086816,1.0,0.023809523809523808
DUSP3,0.25991994,0.1360187,0.7949255344117305,1.0,0.25
ASB11,0.25947714,1.2894994,0.7952671175404132,1.0,0.023809523809523808
AC232271.1,0.25913653,1.3836881,0.7955299005040066,1.0,0.023809523809523808
TMEM94,0.25913653,0.40580046,0.7955299005040066,1.0,0.09523809523809523
METAP1,0.25910246,0.08563401,0.7955561800765859,1.0,0.3333333333333333
TENT5C,0.25893217,0.32157564,0.7956875814178075,1.0,0.07142857142857142
VWCE,0.25879592,1.1239231,0.795792706663068,1.0,0.023809523809523808
AK5,0.2587278,0.062800944,0.7958452706758334,1.0,0.19047619047619047
SOX4,0.25865966,0.053704735,0.7958978356150521,1.0,0.7380952380952381
AL365181.3,0.25859156,1.9859972,0.7959504014804968,1.0,0.023809523809523808
UTP20,0.2585575,0.097842574,0.7959766847604826,1.0,0.21428571428571427
TRIB3,0.25825095,0.064117156,0.7962132446931386,1.0,0.34523809523809523
CCDC61,0.25818282,0.34985515,0.7962658161111571,1.0,0.07142857142857142
IFIH1,0.2580125,0.36579338,0.796397248700971,1.0,0.05952380952380952
EFEMP1,0.2580125,0.30849454,0.796397248700971,1.0,0.10714285714285714
FAM86B1,0.25797844,0.30301034,0.7964235359120946,1.0,0.047619047619047616
DIPK2A,0.25777408,0.20953864,0.7965812640285729,1.0,0.14285714285714285
PRR5L,0.25777408,0.1825584,0.7965812640285729,1.0,0.08333333333333333
GASK1B,0.2576038,0.37526184,0.7967127104733505,1.0,0.10714285714285714
RPS6KA2,0.2573994,0.10549207,0.7968704538190139,1.0,0.4523809523809524
AC092756.1,0.25722912,1.4691831,0.7970019129461652,1.0,0.023809523809523808
E2F7,0.25702474,0.12750731,0.7971596715003384,1.0,0.30952380952380953
CNPPD1,0.2568885,0.08459994,0.797264848473964,1.0,0.15476190476190477
MR1,0.25678632,0.6307792,0.7973437336200793,1.0,0.05952380952380952
CDPF1,0.25678632,0.42732298,0.7973437336200793,1.0,0.05952380952380952
SVIL,0.25647977,0.038741026,0.7975804014748291,1.0,0.5833333333333334
GNL3,0.25647977,0.062448047,0.7975804014748291,1.0,0.5833333333333334
AC011471.2,0.2563435,1.9242382,0.7976855931623675,1.0,0.023809523809523808
SLC25A10,0.2563435,1.014514,0.7976855931623675,1.0,0.03571428571428571
AC097376.3,0.2563435,0.2216379,0.7976855931623675,1.0,0.10714285714285714
COX6B1,0.2563435,0.0009099417,0.7976855931623675,1.0,0.9523809523809523
AL353194.1,0.25624135,0.5833343,0.79776448933913,1.0,0.05952380952380952
URB1,0.2562073,-0.0064488356,0.7977907885238242,1.0,0.15476190476190477
AL603824.1,0.25613916,1.329107,0.7978433875817018,1.0,0.023809523809523808
LPP,0.2561051,0.013573262,0.7978696874548281,1.0,0.75
TMEM39A,0.2560029,0.14224921,0.797948588450615,1.0,0.10714285714285714
AL390728.5,0.25569636,1.7207046,0.7981853038189748,1.0,0.03571428571428571
YPEL2,0.25528762,0.11881917,0.7985009531703728,1.0,0.13095238095238096
DHX35,0.25511733,0.31365225,0.7986324834575578,1.0,0.07142857142857142
AC093525.7,0.25484484,1.6534495,0.7988429438024156,1.0,0.023809523809523808
AC145285.6,0.2547086,1.6895686,0.7989481794565152,1.0,0.023809523809523808
SERINC2,0.2547086,0.19755077,0.7989481794565152,1.0,0.20238095238095238
PHLDA3,0.25450423,0.042893976,0.7991060397846157,1.0,0.39285714285714285
ABCA5,0.25423175,0.15433435,0.799316532993467,1.0,0.14285714285714285
AL731566.2,0.25423175,1.3582981,0.799316532993467,1.0,0.023809523809523808
USP39,0.25385708,0.15233766,0.7996059849630888,1.0,0.20238095238095238
AC022306.2,0.253823,0.46767363,0.7996323001443016,1.0,0.03571428571428571
C12orf49,0.25375488,0.17661077,0.7996849311892239,1.0,0.20238095238095238
ZNF865,0.25375488,0.7213922,0.7996849311892239,1.0,0.047619047619047616
ARL4C,0.25372082,0.10575858,0.7997112470528762,1.0,0.14285714285714285
ST8SIA6,0.25372082,0.61224717,0.7997112470528762,1.0,0.03571428571428571
MXD4,0.25368676,0.087216735,0.7997375631439512,1.0,0.5952380952380952
ACTN1,0.25358456,0.036751382,0.7998165127814263,1.0,0.7976190476190477
FGF5,0.25351647,0.7965992,0.7998691470096659,1.0,0.047619047619047616
AKAP6,0.25327802,1.8734537,0.8000533739654196,1.0,0.023809523809523808
NCBP3,0.25324395,0.20319504,0.8000796930103895,1.0,0.34523809523809523
C12orf45,0.25320992,0.020118766,0.8001060122823821,1.0,0.30952380952380953
UBE2R2,0.25317585,0.04631169,0.8001323317813687,1.0,0.6071428571428571
TMEM81,0.2531418,1.1103721,0.8001586515073208,1.0,0.023809523809523808
AC145207.2,0.2531418,0.95914423,0.8001586515073208,1.0,0.023809523809523808
SLC22A18,0.25307366,0.8401532,0.8002112916400074,1.0,0.047619047619047616
MTRF1,0.25300553,0.41976216,0.8002639326802131,1.0,0.07142857142857142
GTF2H2,0.25297147,0.19461817,0.8002902535405642,1.0,0.13095238095238096
AC005523.2,0.25283524,0.276577,0.8003955392496231,1.0,0.08333333333333333
MINK1,0.25266492,0.17820093,0.8005271514860259,1.0,0.20238095238095238
MTFR1,0.25263086,0.117789485,0.8005534746130311,1.0,0.27380952380952384
ZNF362,0.2525287,0.3331079,0.8006324453529814,1.0,0.09523809523809523
RALB,0.25235838,0.04948302,0.8007640677809656,1.0,0.3333333333333333
SEPSECS-AS1,0.25225618,0.21495004,0.8008430439533382,1.0,0.047619047619047616
MID2,0.2521881,0.26198623,0.8008956958659358,1.0,0.05952380952380952
RNF113A,0.2521881,0.19131483,0.8008956958659358,1.0,0.11904761904761904
EVC,0.25211996,0.51801664,0.8009483486830791,1.0,0.05952380952380952
GIMAP6,0.2519837,0.2773873,0.8010536570300881,1.0,0.047619047619047616
BAG6,0.2518134,0.095219344,0.8011852975478434,1.0,0.2857142857142857
RAD18,0.25171122,0.28721508,0.8012642845685871,1.0,0.08333333333333333
OGA,0.25167716,0.0506487,0.8012906140270117,1.0,0.4523809523809524
PLPP4,0.25157496,0.24900854,0.8013696037564154,1.0,0.09523809523809523
TBP,0.25130248,0.22814624,0.8015802529600737,1.0,0.14285714285714285
COMTD1,0.25126842,0.1579399,0.8016065851250981,1.0,0.13095238095238096
SMIM26,0.25123435,0.026838975,0.8016329175154865,1.0,0.7738095238095238
NCL,0.25109813,0.030544505,0.8017382493301073,1.0,1.0
SEC61B,0.25096187,0.03535714,0.8018435847482618,1.0,0.9404761904761905
TECTA,0.25085968,0.24531515,0.8019225886755945,1.0,0.10714285714285714
HLA-B,0.25072345,0.061630428,0.8020279303955242,1.0,1.0
E2F3,0.25062126,0.14116189,0.8021069390470842,1.0,0.20238095238095238
CELF2,0.25062126,0.0721964,0.8021069390470842,1.0,0.5833333333333334
SIM1,0.25055313,0.37150237,0.8021596126056052,1.0,0.047619047619047616
NPW,0.25048503,0.75241315,0.8022122870631775,1.0,0.047619047619047616
MYOM2,0.2504169,1.1238773,0.8022649624195717,1.0,0.023809523809523808
AP4B1-AS1,0.25034878,1.781036,0.8023176386745586,1.0,0.023809523809523808
PHYKPL,0.25014442,0.070787236,0.8024756728287852,1.0,0.2976190476190476
FMNL2,0.25011036,0.046805874,0.8025020126401236,1.0,0.2619047619047619
ZNF460-AS1,0.24987192,1.7561274,0.8026863976008187,1.0,0.023809523809523808
KIAA1841,0.24973568,0.1761883,0.8027917653683092,1.0,0.13095238095238096
SMARCB1,0.24959943,0.028726758,0.8028971367210036,1.0,0.4523809523809524
RIBC1,0.24953131,1.7800037,0.8029498237412294,1.0,0.023809523809523808
AL356488.3,0.2491907,1.5525593,0.8032132722719705,1.0,0.023809523809523808
PRSS3,0.24895227,0.024236126,0.8033976995503869,1.0,0.8095238095238095
IDH3B,0.2489182,0.056987785,0.8034240471983397,1.0,0.4642857142857143
RBX1,0.24878196,0.033766616,0.8035294400237372,1.0,0.8809523809523809
HYAL2,0.24847542,0.01865001,0.8037665869395334,1.0,0.75
SLC9B2,0.24847542,0.16448018,0.8037665869395334,1.0,0.15476190476190477
OSER1-DT,0.24840729,0.5832777,0.8038192887080502,1.0,0.05952380952380952
TMX4,0.24833918,0.078773774,0.8038719913683956,1.0,0.4166666666666667
SLC39A14,0.24799857,0.03801904,0.8041355180395175,1.0,0.25
C19orf44,0.24789637,0.34530994,0.8042145803831101,1.0,0.047619047619047616
DCAF11,0.24782826,0.08976192,0.8042672897248535,1.0,0.15476190476190477
AC025774.1,0.24776013,1.038964,0.8043199999564744,1.0,0.023809523809523808
LZTR1,0.24762389,0.31781355,0.8044254230884301,1.0,0.09523809523809523
SLC25A38,0.24741952,0.31429696,0.8045835644547047,1.0,0.10714285714285714
IKBKB,0.24728328,0.15500386,0.8046889964751027,1.0,0.27380952380952384
INPPL1,0.24694267,0.11193996,0.8049525920627852,1.0,0.11904761904761904
SIAH2-AS1,0.24667019,1.6310438,0.8051634844983631,1.0,0.023809523809523808
DNTTIP2,0.24667019,-0.007839722,0.8051634844983631,1.0,0.27380952380952384
MEPCE,0.24626145,0.18797787,0.8054798497263177,1.0,0.13095238095238096
CENPN,0.2461252,0.05385006,0.8055853118815052,1.0,0.20238095238095238
ZNF302,0.2461252,0.46425748,0.8055853118815052,1.0,0.11904761904761904
ZNF611,0.24554616,0.5216756,0.8060335654733073,1.0,0.05952380952380952
ARMC1,0.24551211,0.053891007,0.8060599353179326,1.0,0.4880952380952381
ITM2C,0.24551211,0.7359367,0.8060599353179326,1.0,0.047619047619047616
NDOR1,0.24551211,1.9284827,0.8060599353179326,1.0,0.023809523809523808
CLK1,0.24530774,0.007369459,0.8062181590155177,1.0,0.17857142857142858
NBPF9,0.24520555,0.29117414,0.8062972738393379,1.0,0.07142857142857142
PARS2,0.2450012,0.854909,0.8064555094331511,1.0,0.03571428571428571
LINC02649,0.24496713,1.1441817,0.8064818828025848,1.0,0.023809523809523808
NF2,0.24496713,0.2043261,0.8064818828025848,1.0,0.2857142857142857
MAPKAPK2,0.244899,0.17666133,0.8065346302015916,1.0,0.21428571428571427
SAP30,0.24469464,0.12294748,0.8066928776776566,1.0,0.19047619047619047
FAM207A,0.24466059,0.068579584,0.8067192530265594,1.0,0.4523809523809524
ATG4A,0.24452433,0.024006296,0.8068247566198553,1.0,0.23809523809523808
ZNF516,0.24431998,0.47005758,0.8069830185996874,1.0,0.05952380952380952
APPBP2,0.24404748,0.17869714,0.8071940468642532,1.0,0.17857142857142858
ELMOD1,0.24401341,0.9081341,0.8072204263843828,1.0,0.023809523809523808
DISC1,0.24387717,0.1995506,0.8073259466571181,1.0,0.09523809523809523
HHIP,0.24387717,0.037626054,0.8073259466571181,1.0,0.6428571428571429
ALKBH3,0.24380906,0.47388318,0.807378708108413,1.0,0.15476190476190477
SHQ1,0.24380906,0.25158444,0.807378708108413,1.0,0.09523809523809523
ABHD10,0.24380906,0.17422003,0.807378708108413,1.0,0.23809523809523808
DAD1,0.24363875,0.0044936626,0.8075106155700071,1.0,0.8452380952380952
AC093323.1,0.24346845,0.28981838,0.8076425285049469,1.0,0.14285714285714285
LINC02757,0.24340032,1.5596817,0.8076952952106533,1.0,0.023809523809523808
RFT1,0.24336626,0.090762526,0.8077216788916195,1.0,0.14285714285714285
AC004148.1,0.24333219,0.42409557,0.807748062791289,1.0,0.07142857142857142
MAP4K3-DT,0.2428894,0.111952856,0.8080910733759059,1.0,0.27380952380952384
INPP5F,0.24275316,0.07474924,0.8081966225193963,1.0,0.14285714285714285
ATP13A2,0.2425488,0.08917294,0.8083549527796062,1.0,0.25
OPLAH,0.24251473,0.5812439,0.8083813419195185,1.0,0.047619047619047616
HNRNPC,0.24251473,0.040841624,0.8083813419195185,1.0,0.9404761904761905
ATG13,0.24248067,0.20932525,0.808407731277414,1.0,0.13095238095238096
MVD,0.24241255,0.039676186,0.80846051064704,1.0,0.36904761904761907
ZSCAN9,0.24217412,0.61376053,0.8086452453029698,1.0,0.05952380952380952
TLK1,0.24196975,0.057770863,0.8088035977842519,1.0,0.3333333333333333
POU6F1,0.2419357,0.55790555,0.8088299906259615,1.0,0.03571428571428571
LIN9,0.24159509,0.74437356,0.8090939310004356,1.0,0.03571428571428571
SLF2,0.24159509,0.2187703,0.8090939310004356,1.0,0.19047619047619047
AF129075.3,0.24156103,1.011986,0.8091203262329866,1.0,0.023809523809523808
AMPD3,0.24084574,0.5693282,0.8096746762398515,1.0,0.05952380952380952
CCDC102A,0.24067543,0.21027794,0.8098066784238074,1.0,0.09523809523809523
PEF1,0.24064137,0.31641924,0.8098330795099927,1.0,0.19047619047619047
PPP2R3A,0.2405392,0.41504246,0.8099122840668176,1.0,0.10714285714285714
ZNF266,0.24040295,0.6493848,0.8100178931708009,1.0,0.047619047619047616
UBE2T,0.24013045,0.15637852,0.8102291217542982,1.0,0.2261904761904762
ZFHX4-AS1,0.24013045,1.3866106,0.8102291217542982,1.0,0.023809523809523808
SLC39A11,0.23999421,0.48574814,0.8103347412301176,1.0,0.07142857142857142
FAM49A,0.23989204,0.09493833,0.8104139581034977,1.0,0.16666666666666666
FIGNL1,0.23924488,0.3244512,0.8109157100303891,1.0,0.05952380952380952
LONP1,0.23914269,0.19920419,0.8109949411259803,1.0,0.20238095238095238
MRM1,0.23910862,0.43030065,0.81102135192147,1.0,0.047619047619047616
PDXP,0.23907457,0.18179965,0.8110477629320577,1.0,0.07142857142857142
SPCS2,0.23904051,0.044741035,0.8110741741577147,1.0,0.7619047619047619
AC084198.2,0.23897238,1.6173123,0.8111269972541209,1.0,0.023809523809523808
VAPA,0.23893832,0.06674004,0.8111534091248122,1.0,0.8690476190476191
CDYL,0.23880208,0.047126528,0.8112590587568255,1.0,0.4880952380952381
AC009962.1,0.23876801,1.9171817,0.8112854717019963,1.0,0.023809523809523808
ADGRE5,0.23876801,0.37593028,0.8112854717019963,1.0,0.07142857142857142
AC011374.2,0.23863177,1.7482883,0.8113911256304825,1.0,0.023809523809523808
CLIP4,0.23846146,0.17698142,0.8115231978714799,1.0,0.21428571428571427
ZBED3-AS1,0.2384274,1.5126547,0.8115496129634423,1.0,0.023809523809523808
GJC1,0.23829116,0.20864777,0.8116552754762049,1.0,0.21428571428571427
INSYN2B,0.23822305,0.44513687,0.8117081080191293,1.0,0.047619047619047616
FBXL8,0.23822305,0.34853062,0.8117081080191293,1.0,0.09523809523809523
DHX8,0.23812085,0.13159296,0.8117873584410444,1.0,0.21428571428571427
STRN3,0.23808679,0.018772589,0.811813775676908,1.0,0.40476190476190477
GNA12,0.23788244,0.04945581,0.8119722835899319,1.0,0.2261904761904762
CDC42EP4,0.23774618,0.05710092,0.8120779598134862,1.0,0.09523809523809523
AC068491.3,0.23774618,0.47027224,0.8120779598134862,1.0,0.047619047619047616
RASSF3,0.23771213,0.047097165,0.8121043794043021,1.0,0.27380952380952384
TPRN,0.23767807,0.45879593,0.812130799209031,1.0,0.047619047619047616
CHST15,0.23740557,0.22621147,0.8123421653442623,1.0,0.14285714285714285
TRIM44,0.23696278,0.07263136,0.8126856644710341,1.0,0.5833333333333334
KCTD9,0.23696278,-0.015476133,0.8126856644710341,1.0,0.2261904761904762
TOMM6,0.23682654,0.01348226,0.8127913637643988,1.0,0.8690476190476191
CCNT1,0.23672435,0.20542239,0.8128706404727133,1.0,0.16666666666666666
HAGH,0.23651999,0.04816834,0.8130291996415617,1.0,0.40476190476190477
STXBP4,0.23628156,0.08711971,0.8132141950250833,1.0,0.10714285714285714
AC007336.1,0.23590688,1.7027807,0.8135049231095944,1.0,0.023809523809523808
FANCI,0.23583877,0.23218304,0.8135577855233843,1.0,0.09523809523809523
AL359220.1,0.23570251,0.31767002,0.8136635128985896,1.0,0.09523809523809523
KBTBD2,0.23522566,0.09252179,0.8140335854375458,1.0,0.17857142857142858
NUP205,0.23522566,0.13459249,0.8140335854375458,1.0,0.15476190476190477
AP000866.2,0.2351916,0.23216291,0.8140600207797701,1.0,0.08333333333333333
DHX15,0.23512349,0.0042486778,0.8141128920995032,1.0,0.44047619047619047
BPTF,0.23502131,0.08018738,0.8141922006668787,1.0,0.6071428571428571
SLC29A3,0.23495318,0.30432522,0.8142450741033084,1.0,0.03571428571428571
TCAIM,0.23481694,0.035328332,0.8143508235147546,1.0,0.17857142857142858
ZNF34,0.2346807,0.71072376,0.8144565763094381,1.0,0.03571428571428571
TEPP,0.2345785,0.9333373,0.8145358931245844,1.0,0.03571428571428571
LINC01836,0.23454444,0.8510107,0.814562332485504,1.0,0.047619047619047616
ALDH18A1,0.2344082,-0.009346455,0.8146680920410971,1.0,0.19047619047619047
IL12A,0.2344082,1.2143438,0.8146680920410971,1.0,0.023809523809523808
AC002480.2,0.2344082,0.45420358,0.8146680920410971,1.0,0.08333333333333333
MED23,0.23434009,0.18092549,0.8147209730856366,1.0,0.15476190476190477
CRY1,0.23430602,0.5172985,0.8147474139244907,1.0,0.08333333333333333
ZNF17,0.23427196,1.822427,0.8147738549743623,1.0,0.023809523809523808
CCNG2,0.23420383,0.32229295,0.8148267377070421,1.0,0.13095238095238096
BTN2A1,0.23413572,0.18431617,0.814879621283444,1.0,0.13095238095238096
UACA,0.23413572,0.113223925,0.814879621283444,1.0,0.5
PIGZ,0.23406759,0.18011285,0.8149325057033363,1.0,0.09523809523809523
TRPV3,0.23399948,1.2267382,0.8149853909664869,1.0,0.023809523809523808
LINC01829,0.23396541,0.75702745,0.8150118339142115,1.0,0.03571428571428571
LINC02449,0.23386322,1.9301189,0.815091164021635,1.0,0.023809523809523808
EME1,0.23365887,1.1422741,0.8152498299229946,1.0,0.023809523809523808
FAM241B,0.23359074,1.6909019,0.815302720240823,1.0,0.023809523809523808
SLC40A1,0.23352261,1.0706614,0.8153556114002856,1.0,0.023809523809523808
CERS5,0.23331825,0.067278124,0.8155142899261579,1.0,0.23809523809523808
ARF6,0.23307982,0.07693489,0.8156994244355986,1.0,0.5357142857142857
KCTD13,0.23280734,0.50114745,0.8159110193299239,1.0,0.08333333333333333
CSGALNACT2,0.23273921,0.06389876,0.8159639201514977,1.0,0.20238095238095238
AGBL5,0.23273921,0.19100545,0.8159639201514977,1.0,0.11904761904761904
LINC-PINT,0.23263703,0.15060812,0.8160432729564095,1.0,0.10714285714285714
DDT,0.23250078,-0.003340263,0.8161490796305019,1.0,0.8333333333333334
RARS2,0.23250078,0.051345218,0.8161490796305019,1.0,0.2857142857142857
DBR1,0.23226236,0.34921846,0.8163342493740244,1.0,0.08333333333333333
THNSL1,0.23188768,0.799963,0.8166252511141245,1.0,0.03571428571428571
PIM1,0.23188768,1.8826952,0.8166252511141245,1.0,0.023809523809523808
IQCB1,0.23181956,0.17209727,0.8166781632389932,1.0,0.13095238095238096
CDC27,0.23168331,0.08417305,0.8167839899952891,1.0,0.39285714285714285
TAF1C,0.23164925,0.3512469,0.8168104472063933,1.0,0.05952380952380952
CRTAP,0.23151301,0.025721665,0.8169162781380598,1.0,0.8452380952380952
AGMAT,0.23147894,1.6766834,0.8169427363926436,1.0,0.023809523809523808
TMEM109,0.23137677,0.024777967,0.8170221124079313,1.0,0.35714285714285715
TMEM171,0.23130864,0.88749254,0.8170750307941128,1.0,0.03571428571428571
PTGIS,0.23124053,1.0539819,0.8171279500141484,1.0,0.03571428571428571
AC130895.1,0.23113833,1.7875808,0.8172073304071694,1.0,0.023809523809523808
RIN1,0.23110428,0.29316804,0.8172337909548516,1.0,0.10714285714285714
BRF1,0.23103616,0.21491626,0.8172867126750544,1.0,0.08333333333333333
RHOT1,0.23103616,0.17601912,0.8172867126750544,1.0,0.2261904761904762
AC016876.1,0.23103616,1.2328277,0.8172867126750544,1.0,0.03571428571428571
SNAPC4,0.23086585,0.31607294,0.8174190206190959,1.0,0.07142857142857142
N4BP1,0.23076367,0.11809812,0.8174984078827819,1.0,0.19047619047619047
EBLN2,0.23072961,0.43610567,0.8175248707200465,1.0,0.05952380952380952
RGCC,0.23069555,0.10123551,0.8175513337652806,1.0,0.21428571428571427
SLFN5,0.23066148,-0.005272545,0.8175777970184549,1.0,0.47619047619047616
SPRYD3,0.23045711,0.0637544,0.8177365809026217,1.0,0.19047619047619047
AL021368.2,0.22998026,0.06995039,0.8181071057046565,1.0,0.09523809523809523
IL31RA,0.22991215,0.4185151,0.8181600411383713,1.0,0.07142857142857142
MEAK7,0.22987808,0.041884642,0.8181865091661507,1.0,0.15476190476190477
ARFGAP1,0.22970778,0.1999224,0.8183188524131044,1.0,0.14285714285714285
TXNRD3,0.22967371,0.628144,0.818345321683903,1.0,0.05952380952380952
HOMER1,0.22963965,0.7738774,0.8183717911617696,1.0,0.03571428571428571
NDST1,0.22936717,0.074941844,0.8185835544356617,1.0,0.14285714285714285
ZNF514,0.22923093,0.19430639,0.8186894410368881,1.0,0.09523809523809523
AC007952.4,0.22923093,1.3038867,0.8186894410368881,1.0,0.023809523809523808
FAM174B,0.2291628,1.4446169,0.8187423855777567,1.0,0.023809523809523808
AL022311.1,0.22902656,0.18851212,0.818848277138841,1.0,0.14285714285714285
ANP32E,0.22899249,0.070493504,0.818874750545473,1.0,0.47619047619047616
OPA3,0.22895843,0.081000604,0.818901224158591,1.0,0.17857142857142858
SLC4A8,0.22892436,0.6304141,0.8189276979781661,1.0,0.07142857142857142
PPARG,0.22892436,0.030961893,0.8189276979781661,1.0,0.14285714285714285
FOXO4,0.22889031,0.46901274,0.8189541720041691,1.0,0.023809523809523808
ELOB,0.22872001,0.011617363,0.8190865452295846,1.0,0.9761904761904762
PIGV,0.22868595,0.58860046,0.819113020493544,1.0,0.047619047619047616
ANKH,0.22834533,0.24681762,0.8193777844706649,1.0,0.20238095238095238
PAPOLA,0.22783442,0.0190991,0.8197749690396939,1.0,0.7261904761904762
MRS2,0.22780035,0.79672855,0.8198014496560198,1.0,0.03571428571428571
TEPSIN,0.22766411,0.45296767,0.8199073741757027,1.0,0.047619047619047616
ANPEP,0.22763005,0.00050072273,0.8199338558190727,1.0,0.7738095238095238
PATJ,0.22718726,1.623392,0.8202781358565316,1.0,0.023809523809523808
ST3GAL6-AS1,0.22718726,0.7910209,0.8202781358565316,1.0,0.03571428571428571
C2orf91,0.22705102,1.5477452,0.8203840751467736,1.0,0.023809523809523808
COL17A1,0.22688071,0.4622972,0.8205165038679454,1.0,0.05952380952380952
BCAS4,0.22684665,0.12386038,0.8205429902263375,1.0,0.16666666666666666
RBPMS,0.22674446,0.042064276,0.8206224505293049,1.0,0.5357142857142857
AC078883.1,0.22643791,0.4208415,0.8208608424815051,1.0,0.047619047619047616
TRANK1,0.22640385,0.6720975,0.8208873314980901,1.0,0.05952380952380952
NOL3,0.22623354,0.23015173,0.8210197796445157,1.0,0.21428571428571427
NKAPD1,0.2261995,0.06151078,0.8210462698862969,1.0,0.25
LINC00863,0.22616543,0.25282452,0.8210727603321755,1.0,0.08333333333333333
CFAP57,0.22613136,0.7707127,0.8210992509821222,1.0,0.03571428571428571
DNAJC18,0.2260973,-0.018580014,0.821125741836108,1.0,0.14285714285714285
CPT2,0.22596106,0.14144027,0.8212317072918581,1.0,0.13095238095238096
ASPM,0.225927,0.2850234,0.8212581991656015,1.0,0.10714285714285714
AC092868.2,0.22589293,1.2785788,0.821284691243209,1.0,0.023809523809523808
AC133550.3,0.22565451,0.6636383,0.8214701414922041,1.0,0.03571428571428571
NBDY,0.22565451,0.06898996,0.8214701414922041,1.0,0.7857142857142857
ZBTB26,0.22555232,0.621674,0.8215496232253885,1.0,0.047619047619047616
AKAP7,0.22541608,0.101640485,0.8216556017191026,1.0,0.14285714285714285
STRN,0.22541608,0.05935015,0.8216556017191026,1.0,0.3333333333333333
LPCAT1,0.2253139,0.23090084,0.8217350877254681,1.0,0.15476190476190477
UTP11,0.22527984,0.115152515,0.8217615834676402,1.0,0.3333333333333333
HACE1,0.22524577,0.22013569,0.8217880794131218,1.0,0.08333333333333333
LINC00622,0.22521171,1.7816597,0.8218145755618841,1.0,0.023809523809523808
CNOT1,0.22517766,0.1843314,0.8218410719138978,1.0,0.3333333333333333
WDR20,0.2250414,0.2553937,0.8219470593538828,1.0,0.11904761904761904
AL365259.1,0.22493923,1.0037966,0.8220265520665813,1.0,0.023809523809523808
ZNF23,0.2248711,0.24385709,0.8220795482235185,1.0,0.05952380952380952
PTPRH,0.22480299,0.8892895,0.8221325451922941,1.0,0.023809523809523808
MINPP1,0.22476892,0.21113257,0.822159043981048,1.0,0.2261904761904762
THAP6,0.22476892,-0.033269096,0.822159043981048,1.0,0.09523809523809523
MORF4L2,0.22432613,0.052440196,0.8225035466855762,1.0,0.7976190476190477
CEP72,0.22418988,0.88704646,0.8226095544054605,1.0,0.023809523809523808
RABEP2,0.2239174,0.29590616,0.8228215795573917,1.0,0.10714285714285714
ATG2A,0.2239174,0.22585844,0.8228215795573917,1.0,0.07142857142857142
KCNMB4,0.22374709,0.47735345,0.8229541018479138,1.0,0.05952380952380952
CCDC121,0.22371303,1.3516742,0.822980606912123,1.0,0.023809523809523808
TTC39A,0.22344054,1.8490453,0.8231926546941467,1.0,0.023809523809523808
TMEM131,0.2233043,0.03368864,0.823298683427687,1.0,0.25
MAFG,0.22296369,0.09076418,0.8235637693705798,1.0,0.19047619047619047
TTLL11,0.2226912,1.0871512,0.823775852621622,1.0,0.023809523809523808
HPRT1,0.22258902,0.1086758,0.8238553871595536,1.0,0.44047619047619047
SPTY2D1,0.22258902,0.065794215,0.8238553871595536,1.0,0.27380952380952384
PINK1,0.22252089,0.031070733,0.8239084111899024,1.0,0.2261904761904762
ZCCHC4,0.22228247,0.24398254,0.8240940016243227,1.0,0.05952380952380952
TTC39B,0.22218028,0.24090044,0.8241735433936056,1.0,0.05952380952380952
JDP2,0.22211216,0.02716433,0.8242265722431008,1.0,0.11904761904761904
KANK3,0.22204404,0.19324166,0.8242796018949684,1.0,0.10714285714285714
GGT5,0.22197592,0.1209958,0.8243326323489744,1.0,0.25
AL691432.2,0.22187373,0.9237121,0.824412179533481,1.0,0.023809523809523808
CLYBL,0.22173749,0.46396136,0.8245182452514572,1.0,0.07142857142857142
RBM25,0.22166936,0.06376595,0.8245712793121904,1.0,0.8095238095238095
ALS2CL,0.22160125,0.2346733,0.8246243141737752,1.0,0.05952380952380952
KCNJ2-AS1,0.22139688,1.4156721,0.824783423561298,1.0,0.023809523809523808
AC233723.1,0.22122657,0.1990289,0.8249160202172526,1.0,0.05952380952380952
OTUD5,0.22115844,-0.042382024,0.824969060278667,1.0,0.20238095238095238
CHST7,0.2210222,0.18522675,0.8250751427985497,1.0,0.08333333333333333
IVD,0.22054535,0.093734734,0.8254464567626212,1.0,0.35714285714285715
TSR1,0.22047722,0.018029025,0.8254995048044594,1.0,0.2976190476190476
SNX14,0.22040911,0.075527325,0.8255525536430521,1.0,0.30952380952380953
FBXO36,0.22034098,0.57709944,0.825605603278165,1.0,0.07142857142857142
ALKBH6,0.2202388,0.37024564,0.8256851792237974,1.0,0.07142857142857142
RARB,0.2202388,0.3274884,0.8256851792237974,1.0,0.07142857142857142
N4BP2L2,0.22020474,0.030848311,0.8257117049370146,1.0,0.7142857142857143
SUPV3L1,0.22010256,0.31150776,0.8257912832702752,1.0,0.11904761904761904
CTNNBIP1,0.2199663,0.1256603,0.8258973904986173,1.0,0.25
LMCD1-AS1,0.2198982,1.6378186,0.8259504453054018,1.0,0.023809523809523808
PFKFB2,0.219796,0.936143,0.8260300290056866,1.0,0.03571428571428571
FAM122B,0.2196257,0.3466004,0.8261626724778295,1.0,0.09523809523809523
LINC02434,0.21955758,1.0658138,0.826215731256087,1.0,0.023809523809523808
CENPI,0.21952352,0.15829228,0.8262422609428274,1.0,0.03571428571428571
APOE,0.21935321,0.71987927,0.826374912351472,1.0,0.047619047619047616
COL6A3,0.21914884,0.8671811,0.826534100582853,1.0,0.023809523809523808
WDYHV1,0.21891043,0.06821756,0.8267198291967937,1.0,0.17857142857142858
IL11,0.21880823,1.4096819,0.8267994301424005,1.0,0.023809523809523808
MPC1,0.21870606,0.14135484,0.8268790328677867,1.0,0.2857142857142857
KIF14,0.21802483,0.48221707,0.8274097631285099,1.0,0.05952380952380952
ZNF385D,0.21782047,0.077364415,0.8275689975895579,1.0,0.30952380952380953
KLC4,0.21782047,0.11250534,0.8275689975895579,1.0,0.05952380952380952
FBXO5,0.21765016,-0.18109164,0.8277016983888653,1.0,0.08333333333333333
AC103706.1,0.21734361,0.6907847,0.8279405722208034,1.0,0.03571428571428571
CMTM8,0.21730955,0.33750662,0.8279671147405382,1.0,0.11904761904761904
KALRN,0.21724142,1.0074385,0.8280202003693672,1.0,0.047619047619047616
PDCD10,0.21717331,0.038879372,0.8280732867838134,1.0,0.5
UEVLD,0.21710518,-0.0883946,0.828126373983642,1.0,0.13095238095238096
AC011379.1,0.21707112,0.7010241,0.8281529178780013,1.0,0.03571428571428571
FHAD1,0.21696894,1.5426798,0.8282325507385074,1.0,0.023809523809523808
GPR82,0.21693487,0.71241426,0.828259095417721,1.0,0.03571428571428571
MAN2B1,0.21669646,0.13009374,0.8284449136624981,1.0,0.20238095238095238
DXO,0.21669646,0.2968188,0.8284449136624981,1.0,0.08333333333333333
APBB1,0.21666239,0.02954314,0.8284714599100115,1.0,0.15476190476190477
TMEM43,0.21662833,0.043015935,0.8284980063534303,1.0,0.40476190476190477
CD2BP2,0.21649209,-0.025973067,0.8286041940855724,1.0,0.23809523809523808
NNMT,0.21642396,0.0204149,0.8286572891263126,1.0,0.7619047619047619
R3HDM2,0.2163899,0.047665473,0.8286838369402474,1.0,0.5357142857142857
EPM2A,0.21635585,0.8333493,0.8287103849498526,1.0,0.03571428571428571
PTPRN2,0.21632178,0.059518315,0.8287369331550991,1.0,0.8333333333333334
TP53I13,0.21625365,0.18739744,0.8287900301523982,1.0,0.14285714285714285
SLC38A6,0.2159471,0.15978077,0.8290289763167324,1.0,0.14285714285714285
PCLO,0.21550432,0.56904894,0.8293741486970326,1.0,0.03571428571428571
NFKB2,0.21540213,0.16206616,0.829453808541836,1.0,0.08333333333333333
VSIG2,0.21536808,0.6022233,0.8294803622131142,1.0,0.03571428571428571
POGK,0.21536808,0.22018874,0.8294803622131142,1.0,0.17857142857142858
SURF1,0.21529995,0.0111761745,0.8295334701400097,1.0,0.21428571428571427
SSH3,0.2149934,0.15298115,0.8297724654468194,1.0,0.07142857142857142
AC145124.1,0.2149934,0.208861,0.8297724654468194,1.0,0.08333333333333333
KIAA1958,0.21475497,1.2581723,0.829958361576661,1.0,0.03571428571428571
DEC1,0.21458466,1.0079018,0.8300911503549545,1.0,0.03571428571428571
IP6K2,0.21448249,0.085234694,0.8301708259515299,1.0,0.32142857142857145
LRRC4,0.21424405,1.5464311,0.8303567424663926,1.0,0.023809523809523808
RALGPS1,0.21410781,0.49675462,0.8304629847395659,1.0,0.047619047619047616
RAB4A,0.2139375,0.058944017,0.8305957919391096,1.0,0.38095238095238093
DDX18,0.21366502,0.04253039,0.8308082935217146,1.0,0.6309523809523809
FAM117B,0.21363096,0.46406287,0.8308348570897882,1.0,0.047619047619047616
ARHGAP29-AS1,0.21349472,1.3586894,0.8309411132946927,1.0,0.023809523809523808
ZNF396,0.21342659,0.88235265,0.8309942425562993,1.0,0.023809523809523808
LHX4,0.21342659,0.8094093,0.8309942425562993,1.0,0.023809523809523808
AL355512.1,0.21318816,-0.05105873,0.8311802010534662,1.0,0.17857142857142858
AC124283.1,0.2129838,0.7223128,0.8313396015748326,1.0,0.03571428571428571
SNAP47,0.21294974,0.17682579,0.8313661690031253,1.0,0.11904761904761904
BX322562.1,0.2128135,0.21718028,0.831472440643023,1.0,0.047619047619047616
HOXA-AS2,0.212541,0.5276027,0.8316849931649832,1.0,0.07142857142857142
CNTROB,0.212541,0.56562763,0.8316849931649832,1.0,0.05952380952380952
C2orf68,0.212541,-0.053190038,0.8316849931649832,1.0,0.17857142857142858
ICE1,0.21203008,0.06482466,0.8320835623119963,1.0,0.23809523809523808
LINC01184,0.2119279,0.02240796,0.8321632813260766,1.0,0.2976190476190476
NEU3,0.2119279,0.29796344,0.8321632813260766,1.0,0.07142857142857142
ALKBH5,0.21179166,0.083662465,0.832269576030179,1.0,0.2619047619047619
TMC7,0.21172354,0.5184142,0.8323227245325554,1.0,0.03571428571428571
PDE2A,0.2114851,0.14121927,0.83250875032606,1.0,0.2261904761904762
SETD6,0.21128075,0.9594178,0.8326682084726004,1.0,0.05952380952380952
SMOX,0.21111044,0.2691886,0.8328010955212888,1.0,0.10714285714285714
PIMREG,0.21107638,0.41483888,0.8328276735044807,1.0,0.05952380952380952
AC017100.1,0.21104231,1.0957664,0.8328542516787555,1.0,0.03571428571428571
SP2,0.21097419,0.29581425,0.8329074086004349,1.0,0.07142857142857142
AATF,0.21083795,0.3609517,0.8330137247354901,1.0,0.21428571428571427
KIAA2013,0.21076983,0.050948203,0.8330668839483941,1.0,0.2976190476190476
DAW1,0.2107017,0.54457766,0.8331200439245683,1.0,0.07142857142857142
PNRC2,0.21063358,0.026764369,0.8331732046637768,1.0,0.4642857142857143
MFSD5,0.21063358,0.41516328,0.8331732046637768,1.0,0.10714285714285714
AC002470.1,0.21063358,1.3576688,0.8331732046637768,1.0,0.023809523809523808
PRKRA,0.21039516,0.13448331,0.8333592732564978,1.0,0.2857142857142857
FKTN,0.21025892,0.15001355,0.8334656023581262,1.0,0.15476190476190477
U2AF1L5,0.20995237,1.2725673,0.833704853970879,1.0,0.023809523809523808
KIF15,0.20988424,0.11981478,0.8337580230879031,1.0,0.047619047619047616
PTBP3,0.20985018,0.021613376,0.8337846079315068,1.0,0.42857142857142855
FAM111A-DT,0.209748,0.781407,0.8338643636023297,1.0,0.03571428571428571
SCARB2,0.20961176,0.024616925,0.8339707071556877,1.0,0.7261904761904762
COL4A2,0.2095777,0.058792334,0.833997293518639,1.0,0.8452380952380952
OXSM,0.20950957,0.3443016,0.8340504668138695,1.0,0.08333333333333333
TEX261,0.20937333,0.35753143,0.8341568156808163,1.0,0.13095238095238096
AC023632.2,0.20927115,1.1349031,0.8342365793220224,1.0,0.023809523809523808
ZNF700,0.20920302,0.603927,0.8342897560304773,1.0,0.047619047619047616
CLCN2,0.20916896,0.9441782,0.8343163446689115,1.0,0.03571428571428571
STARD9,0.20913489,-0.029167669,0.8343429334967776,1.0,0.07142857142857142
YES1,0.20896459,0.096702814,0.8344758804765534,1.0,0.5952380952380952
INCENP,0.20893054,0.44357225,0.8345024704403912,1.0,0.05952380952380952
LRFN4,0.20879428,0.00037823094,0.8346088321877005,1.0,0.16666666666666666
ZFAND6,0.20872617,0.021209821,0.8346620141961174,1.0,0.5714285714285714
NDUFAF1,0.2086921,0.3852625,0.8346886054839131,1.0,0.13095238095238096
LINC00624,0.20818119,1.3783373,0.8350874974665822,1.0,0.023809523809523808
AC002553.2,0.20804495,1.3889582,0.8351938758319668,1.0,0.023809523809523808
PLEKHA1,0.20801088,0.059306927,0.8352204708945319,1.0,0.47619047619047616
SMCR8,0.2079087,0.535082,0.8353002572126806,1.0,0.05952380952380952
POLR2H,0.2077384,0.039921544,0.8354332381760018,1.0,0.5476190476190477
AC106791.1,0.20770434,0.40079403,0.8354598349333613,1.0,0.05952380952380952
SPOUT1,0.2076362,0.22164227,0.8355130290125393,1.0,0.09523809523809523
LRP1,0.20749997,0.5639378,0.835619419427905,1.0,0.047619047619047616
CNPY4,0.20702311,-0.081411704,0.8359918095554797,1.0,0.14285714285714285
UTP4,0.20688687,0.1533886,0.8360982134909313,1.0,0.14285714285714285
SPRY1,0.20685281,1.0145977,0.8361248149435032,1.0,0.03571428571428571
CCDC93,0.20681874,0.06387933,0.8361514165834997,1.0,0.14285714285714285
AL133243.3,0.20681874,0.5737822,0.8361514165834997,1.0,0.07142857142857142
AC007541.1,0.20675062,1.1341798,0.836204620425648,1.0,0.023809523809523808
SLC35E3,0.20664844,0.2743729,0.836284427593816,1.0,0.17857142857142858
MIR34AHG,0.20664844,0.099643864,0.836284427593816,1.0,0.13095238095238096
TFB2M,0.20637596,0.34363663,0.8364972549456436,1.0,0.10714285714285714
ZNF345,0.20634189,1.7692006,0.8365238592064814,1.0,0.023809523809523808
MRPS30,0.2060694,0.228783,0.8367367000220289,1.0,0.16666666666666666
AC093249.6,0.20600128,1.100931,0.836789912093956,1.0,0.023809523809523808
GALNT16,0.20583098,0.67357284,0.8369229455402578,1.0,0.03571428571428571
BHLHE40,0.20576285,0.07129988,0.8369761602247514,1.0,0.40476190476190477
PRKCE,0.2056266,0.25349328,0.8370825918312487,1.0,0.17857142857142858
TLR6,0.20552443,0.5485429,0.8371624174930117,1.0,0.03571428571428571
HDAC1,0.205286,0.051375557,0.8373486838885963,1.0,0.47619047619047616
LINC02352,0.20514975,0.6354,0.8374551259230097,1.0,0.03571428571428571
SLC44A2,0.20501351,0.054192916,0.8375615709325697,1.0,0.20238095238095238
UBTF,0.20497945,0.06452823,0.8375881826496044,1.0,0.34523809523809523
MAPRE2,0.20494539,0.1061506,0.837614794552438,1.0,0.34523809523809523
AC025048.2,0.20484321,0.19340797,0.8376946313754359,1.0,0.07142857142857142
PVR,0.20460477,0.11431276,0.8378809237931999,1.0,0.4166666666666667
DBNDD1,0.20453665,0.23725532,0.8379341518679798,1.0,0.21428571428571427
ZBTB39,0.20416199,0.5909706,0.8382269195300401,1.0,0.047619047619047616
UBE2B,0.2040598,0.03261196,0.8383067691445776,1.0,0.5952380952380952
AC131009.3,0.20388949,1.0976025,0.8384398555350785,1.0,0.023809523809523808
AC027279.1,0.20388949,1.3005177,0.8384398555350785,1.0,0.023809523809523808
QPCTL,0.20385543,0.40628526,0.838466473367853,1.0,0.07142857142857142
RAPGEF1,0.20371918,0.07411341,0.8385729465468794,1.0,0.21428571428571427
MVK,0.20368513,0.16911829,0.83859956530347,1.0,0.16666666666666666
P3H4,0.20358294,0.041213084,0.83867942268117,1.0,0.4880952380952381
SGO1,0.20354888,0.19915485,0.8387060421762805,1.0,0.047619047619047616
ANKMY2,0.20348077,0.04720597,0.8387592817201402,1.0,0.07142857142857142
ZNF512,0.20337857,0.32444218,0.8388391424195818,1.0,0.15476190476190477
PTCHD4,0.2032764,0.25359243,0.8389190047786952,1.0,0.07142857142857142
AL354920.1,0.2032764,1.1550357,0.8389190047786952,1.0,0.023809523809523808
NSUN5,0.20314015,0.3525802,0.8390254905045097,1.0,0.11904761904761904
NCOA3,0.20314015,0.058435675,0.8390254905045097,1.0,0.4642857142857143
AC242426.2,0.20307203,0.9807601,0.8390787344727397,1.0,0.023809523809523808
AC073389.1,0.20293579,0.45993385,0.8391852246186607,1.0,0.023809523809523808
RB1CC1,0.20269735,0.048935197,0.8393715894577694,1.0,0.5238095238095238
SOX7,0.202493,0.07997067,0.8395313379176321,1.0,0.40476190476190477
LARP7,0.202493,0.08221364,0.8395313379176321,1.0,0.38095238095238093
AC073072.1,0.20232269,1.3547258,0.8396644666845008,1.0,0.023809523809523808
AL109840.2,0.20232269,1.3874092,0.8396644666845008,1.0,0.023809523809523808
FAM155A-IT1,0.20232269,0.71509814,0.8396644666845008,1.0,0.03571428571428571
NUP155,0.2020502,0.033671055,0.8398774822514234,1.0,0.15476190476190477
COX8A,0.2020502,0.046473943,0.8398774822514234,1.0,0.9761904761904762
AP002807.1,0.20191395,1.2355915,0.8399839944339011,1.0,0.023809523809523808
SLIT2,0.20184582,0.069065444,0.8400372516240645,1.0,0.11904761904761904
CNTNAP3B,0.20174365,0.05181149,0.8401171387822982,1.0,0.2976190476190476
PLIN3,0.20170958,0.033976156,0.8401437682010546,1.0,0.39285714285714285
RGS2,0.20167552,0.10382819,0.8401703978027675,1.0,0.15476190476190477
CLUH,0.20136897,0.3487051,0.8404100724463356,1.0,0.09523809523809523
GYG1,0.20136897,0.020424511,0.8404100724463356,1.0,0.3333333333333333
ATP9A,0.20123273,0.070777416,0.8405165992605906,1.0,0.39285714285714285
INPP5B,0.20123273,0.033615675,0.8405165992605906,1.0,0.09523809523809523
USP3-AS1,0.20102836,0.6496284,0.8406763949576259,1.0,0.023809523809523808
FAM174A,0.20092618,0.17484352,0.8407562952684527,1.0,0.17857142857142858
PWP1,0.20072182,0.041031685,0.8409161008107221,1.0,0.5
MELTF-AS1,0.20065369,0.12018141,0.8409693707819023,1.0,0.05952380952380952
AC008915.2,0.20061964,0.31525713,0.8409960060405633,1.0,0.05952380952380952
LIPT2,0.20041527,1.0261337,0.8411558214136552,1.0,0.023809523809523808
SGPP2,0.20027903,1.0829914,0.8412623686327085,1.0,0.023809523809523808
AURKA,0.20027903,0.20770562,0.8412623686327085,1.0,0.14285714285714285
TOB2,0.20010872,0.03384243,0.8413955567448043,1.0,0.2261904761904762
JAM3,0.19983622,0.20310456,0.8416086671638829,1.0,0.20238095238095238
MBOAT1,0.19966592,0.90916777,0.8417418670698502,1.0,0.023809523809523808
HTRA2,0.19956374,0.10495627,0.8418217891877935,1.0,0.19047619047619047
EIF4A2,0.19952968,0.04561161,0.8418484302559903,1.0,0.8690476190476191
GAN,0.19952968,0.39711595,0.8418484302559903,1.0,0.047619047619047616
SKAP2,0.19939344,0.7591451,0.8419549963390653,1.0,0.023809523809523808
CDC23,0.19939344,0.21186641,0.8419549963390653,1.0,0.21428571428571427
ZNF708,0.19918907,0.27425972,0.8421148508912757,1.0,0.047619047619047616
BORCS5,0.19908689,0.18192397,0.8421947806080634,1.0,0.09523809523809523
S1PR2,0.19884846,1.3381137,0.842381289602723,1.0,0.023809523809523808
TRIM7,0.19871221,-0.010582809,0.8424878701419775,1.0,0.15476190476190477
KPTN,0.19864409,0.24946551,0.8425411614937994,1.0,0.08333333333333333
FGFR1OP,0.19857597,0.12946148,0.842594453566768,1.0,0.08333333333333333
FOXJ3,0.19847378,0.29260507,0.8426743930278504,1.0,0.16666666666666666
UNC45A,0.1983716,0.010668411,0.8427543341101762,1.0,0.36904761904761907
POMGNT2,0.19830348,0.2842253,0.8428076290653548,1.0,0.07142857142857142
MGME1,0.1980991,0.12797174,0.8429675182496912,1.0,0.19047619047619047
SGMS1,0.19796287,0.03207812,0.8430741146358736,1.0,0.20238095238095238
GFPT2,0.19769038,0.05979125,0.8432873160315822,1.0,0.39285714285714285
TMEM214,0.19765632,0.16039865,0.843313967013905,1.0,0.2261904761904762
CBARP,0.19745195,1.105214,0.8434738766747318,1.0,0.03571428571428571
EBNA1BP2,0.19728164,0.056387216,0.8436071396549845,1.0,0.5833333333333334
CECR2,0.19680479,0.070675015,0.8439802998079166,1.0,0.05952380952380952
SATB2,0.19680479,0.5762089,0.8439802998079166,1.0,0.047619047619047616
AP5Z1,0.19673668,0.7449411,0.844033611262011,1.0,0.05952380952380952
PLAGL2,0.19670261,0.35151964,0.8440602672570073,1.0,0.08333333333333333
CCDC169,0.19653231,0.21718699,0.8441935499102904,1.0,0.10714285714285714
ANXA2,0.19629388,-0.004852853,0.8443801531187198,1.0,1.0
PRPF39,0.1960895,0.06327764,0.8445401056775468,1.0,0.10714285714285714
ADM,0.19595326,0.025931882,0.8446467442783184,1.0,0.21428571428571427
FOXD2-AS1,0.19585109,1.4385617,0.8447267250973596,1.0,0.023809523809523808
AC009812.4,0.1957489,0.63026124,0.8448067075170478,1.0,0.023809523809523808
MYH10,0.19540828,0.047799345,0.8450733271325912,1.0,0.2619047619047619
RBM48,0.19540828,0.18697716,0.8450733271325912,1.0,0.10714285714285714
TAF2,0.19537424,0.01848884,0.8450999900706827,1.0,0.35714285714285715
MYL6B,0.1953061,0.039033,0.8451533164791354,1.0,0.6071428571428571
PDGFD,0.1953061,0.6566495,0.8451533164791354,1.0,0.023809523809523808
AC097382.3,0.1949655,0.6836093,0.8454199591590588,1.0,0.047619047619047616
FANCD2,0.19489737,0.2701754,0.8454732898209092,1.0,0.047619047619047616
INTS3,0.19486332,0.058299094,0.8454999554173741,1.0,0.16666666666666666
SPOCK1,0.19482926,0.001223401,0.8455266211908259,1.0,0.7857142857142857
TYSND1,0.19476113,0.28588584,0.8455799532685708,1.0,0.08333333333333333
HMGCL,0.19465895,0.017184846,0.8456599527118456,1.0,0.23809523809523808
RPRD2,0.19465895,0.17093487,0.8456599527118456,1.0,0.19047619047619047
GARS,0.19452271,0.038366973,0.8457666211113886,1.0,0.7261904761904762
Z99127.4,0.19442052,0.98444283,0.8458466242663863,1.0,0.023809523809523808
AL138963.4,0.19442052,0.28701997,0.8458466242663863,1.0,0.023809523809523808
TSPAN19,0.19414803,1.4609753,0.8460599737812589,1.0,0.023809523809523808
HSPB11,0.19397773,0.018977309,0.8461933229607772,1.0,0.34523809523809523
TFPI,0.19397773,-0.005164541,0.8461933229607772,1.0,0.9047619047619048
TTN,0.19394366,0.8659474,0.8462199933254385,1.0,0.023809523809523808
FER,0.19377336,-0.008935771,0.8463533477908949,1.0,0.2261904761904762
FEM1C,0.19360305,0.1447291,0.846486706657205,1.0,0.14285714285714285
ACTL6A,0.19343275,0.09113026,0.8466200699206461,1.0,0.27380952380952384
PTPMT1,0.19298996,0.31996638,0.8469668349574468,1.0,0.15476190476190477
KMT2A,0.1929559,0.004517721,0.8469935104193242,1.0,0.6071428571428571
CANX,0.1928537,0.02498469,0.8470735378567529,1.0,0.8571428571428571
CASTOR3,0.19281965,0.5383224,0.8471002140197285,1.0,0.03571428571428571
AL162258.2,0.19271746,0.73502636,0.8471802435597363,1.0,0.023809523809523808
CCDC149,0.19271746,0.12062888,0.8471802435597363,1.0,0.09523809523809523
PSME4,0.19230874,0.018477743,0.8475003774716796,1.0,0.36904761904761907
LOH12CR2,0.19230874,1.463181,0.8475003774716796,1.0,0.023809523809523808
TMEM156,0.19224061,0.22245628,0.8475537355716032,1.0,0.2261904761904762
B3GNT9,0.19203624,0.977952,0.8477138140630615,1.0,0.023809523809523808
POT1,0.19196813,0.14224505,0.8477671749566484,1.0,0.09523809523809523
AC114980.1,0.19186594,0.4459602,0.8478472176053662,1.0,0.023809523809523808
ZNF786,0.19155939,0.32002696,0.8480873549640344,1.0,0.03571428571428571
CDC14A,0.19149126,0.28286287,0.8481407207373498,1.0,0.047619047619047616
RNF138,0.19135502,0.21473844,0.8482474543721916,1.0,0.13095238095238096
NEDD4L,0.1912869,0.4352548,0.8483008222332409,1.0,0.047619047619047616
MTHFD1,0.19125284,-0.11360707,0.8483275064245681,1.0,0.2261904761904762
ABHD17A,0.19115067,0.08165047,0.8484075600414032,1.0,0.40476190476190477
UGGT1,0.1911166,0.040923283,0.8484342449278663,1.0,0.30952380952380953
GNB2,0.19063975,-0.0154777,0.8488078515642649,1.0,0.6666666666666666
LTB,0.19046944,1.1248975,0.8489412907414451,1.0,0.023809523809523808
ZNF775,0.19033319,0.33941448,0.8490480451999343,1.0,0.08333333333333333
BBS4,0.19033319,0.27820262,0.8490480451999343,1.0,0.09523809523809523
ZNF426,0.19029914,0.26317507,0.8490747342471892,1.0,0.13095238095238096
AL132780.2,0.19026507,0.7314794,0.8491014234674374,1.0,0.023809523809523808
TAF9,0.19009477,0.06202786,0.8492348721625345,1.0,0.4166666666666667
GCA,0.1900607,0.5679461,0.8492615624201161,1.0,0.05952380952380952
MCEE,0.19002664,0.3756249,0.8492882528504823,1.0,0.10714285714285714
CSNK1G1,0.18995853,0.07128825,0.8493416342294484,1.0,0.23809523809523808
ADRA1D,0.18978822,0.6341292,0.8494750906985022,1.0,0.023809523809523808
TMEM248,0.1897201,0.03919129,0.8495284744941523,1.0,0.40476190476190477
PSTK,0.18937948,0.3561481,0.8497954038167829,1.0,0.05952380952380952
TRABD,0.18934542,0.14284424,0.8498220976965692,1.0,0.20238095238095238
METTL4,0.18931136,0.15637237,0.8498487917485131,1.0,0.11904761904761904
AC007038.2,0.18931136,0.3233105,0.8498487917485131,1.0,0.047619047619047616
PXN-AS1,0.18897074,-0.05904532,0.8501157417300477,1.0,0.10714285714285714
NEK8,0.18897074,0.5251272,0.8501157417300477,1.0,0.03571428571428571
CEP55,0.18890263,0.07678201,0.8501691337892588,1.0,0.11904761904761904
CCS,0.18880044,0.051944032,0.8502492231662709,1.0,0.2976190476190476
PLAC9,0.1886642,0.05217627,0.8503560114056636,1.0,0.42857142857142855
FGF16,0.1884939,0.22934431,0.8504895005647861,1.0,0.07142857142857142
NPB,0.18835765,0.85394955,0.8505962949776591,1.0,0.023809523809523808
ANTXR1,0.18828952,0.70295393,0.8506496932119634,1.0,0.047619047619047616
SLC1A4,0.18791486,0.84052986,0.8509433957372896,1.0,0.03571428571428571
AL162311.1,0.18754019,22.366262,0.8512371189418715,1.0,0.011904761904761904
MUCL3,0.18754019,22.545399,0.8512371189418715,1.0,0.011904761904761904
TBX21,0.18754019,22.73333,0.8512371189418715,1.0,0.011904761904761904
AL162742.1,0.18754019,22.974619,0.8512371189418715,1.0,0.011904761904761904
AL136305.1,0.18754019,22.810768,0.8512371189418715,1.0,0.011904761904761904
ZC2HC1B,0.18754019,22.650604,0.8512371189418715,1.0,0.011904761904761904
PCDHGC5,0.18754019,22.329494,0.8512371189418715,1.0,0.011904761904761904
CLDN6,0.18754019,22.650604,0.8512371189418715,1.0,0.011904761904761904
AL353608.1,0.18754019,22.992085,0.8512371189418715,1.0,0.011904761904761904
LINC01867,0.18754019,22.992085,0.8512371189418715,1.0,0.011904761904761904
AL355483.3,0.18754019,22.679968,0.8512371189418715,1.0,0.011904761904761904
DPRX,0.18754019,23.382048,0.8512371189418715,1.0,0.011904761904761904
MKNK1-AS1,0.18754019,23.814499,0.8512371189418715,1.0,0.011904761904761904
AC005034.2,0.18754019,21.900227,0.8512371189418715,1.0,0.011904761904761904
AC009505.1,0.18754019,21.989105,0.8512371189418715,1.0,0.011904761904761904
PLA2G10,0.18754019,23.38219,0.8512371189418715,1.0,0.011904761904761904
GAP43,0.18754019,22.859957,0.8512371189418715,1.0,0.011904761904761904
AP000547.3,0.18754019,23.13194,0.8512371189418715,1.0,0.011904761904761904
AC097358.2,0.18754019,23.24043,0.8512371189418715,1.0,0.011904761904761904
AC037441.2,0.18754019,22.545399,0.8512371189418715,1.0,0.011904761904761904
AC025947.1,0.18754019,22.51941,0.8512371189418715,1.0,0.011904761904761904
AC138207.9,0.18754019,22.200296,0.8512371189418715,1.0,0.011904761904761904
EFCAB9,0.18754019,23.123892,0.8512371189418715,1.0,0.011904761904761904
RHOXF1-AS1,0.18754019,23.123892,0.8512371189418715,1.0,0.011904761904761904
ZNF423,0.18754019,22.495874,0.8512371189418715,1.0,0.011904761904761904
SIAH3,0.18754019,23.41629,0.8512371189418715,1.0,0.011904761904761904
AC005410.2,0.18754019,22.478933,0.8512371189418715,1.0,0.011904761904761904
TTLL11-IT1,0.18754019,22.624905,0.8512371189418715,1.0,0.011904761904761904
TTLL10-AS1,0.18754019,23.453588,0.8512371189418715,1.0,0.011904761904761904
LINC01902,0.18754019,22.639845,0.8512371189418715,1.0,0.011904761904761904
OR2D2,0.18754019,22.541008,0.8512371189418715,1.0,0.011904761904761904
AC005954.1,0.18754019,23.411777,0.8512371189418715,1.0,0.011904761904761904
AL391834.2,0.18726769,0.6634667,0.8514507487838407,1.0,0.023809523809523808
ZNF551,0.18719958,0.37796372,0.8515041579482814,1.0,0.03571428571428571
AL603839.3,0.18719958,0.59679186,0.8515041579482814,1.0,0.023809523809523808
CBS,0.18699521,1.1765608,0.851664389527253,1.0,0.023809523809523808
GABPB1-AS1,0.18699521,0.026472718,0.851664389527253,1.0,0.4166666666666667
ISG20,0.18696114,0.14688791,0.8516910953859249,1.0,0.17857142857142858
CU638689.4,0.18689303,0.794965,0.8517445076134367,1.0,0.03571428571428571
EPB41L5,0.1868249,0.22016263,0.8517979205209731,1.0,0.09523809523809523
HYOU1,0.18668866,0.11214243,0.8519047483751634,1.0,0.3333333333333333
MTMR3,0.1866546,0.458515,0.8519314557633525,1.0,0.07142857142857142
RAET1E,0.1866546,0.6166208,0.8519314557633525,1.0,0.023809523809523808
ETNK1,0.18651836,0.008106646,0.8520382870137788,1.0,0.32142857142857145
FBXO32,0.18651836,0.31158102,0.8520382870137788,1.0,0.03571428571428571
AC234772.2,0.18651836,0.14624263,0.8520382870137788,1.0,0.047619047619047616
GPR162,0.18634805,0.716606,0.8521718298943247,1.0,0.03571428571428571
UFM1,0.18634805,0.0663146,0.8521718298943247,1.0,0.4523809523809524
SRR,0.18621181,0.1372017,0.8522786672504391,1.0,0.08333333333333333
KIAA1324,0.1860415,0.20220551,0.8524122177570385,1.0,0.14285714285714285
PRSS23,0.18600744,0.062343594,0.8524389283662533,1.0,1.0
KDM7A,0.18590525,0.25280684,0.8525190612091497,1.0,0.07142857142857142
APCDD1L-DT,0.18580307,0.09758618,0.8525991955742951,1.0,0.03571428571428571
MFSD13A,0.18563277,0.47564235,0.8527327562301192,1.0,0.07142857142857142
TMEM192,0.18556464,0.19753902,0.8527861816749542,1.0,0.17857142857142858
DENND4A,0.18546246,-0.017342947,0.852866321108429,1.0,0.3333333333333333
SFXN2,0.18522403,-0.01943806,0.8530533190247165,1.0,0.047619047619047616
AC092821.3,0.18512185,0.9571298,0.8531334635175429,1.0,0.03571428571428571
SSR1,0.18508779,0.009276411,0.853160178685426,1.0,0.7023809523809523
C14orf28,0.18491748,0.2918043,0.8532937570505517,1.0,0.05952380952380952
CDC45,0.18488343,0.26420075,0.8533204732285093,1.0,0.03571428571428571
AL139106.1,0.18471313,7.711563,0.8534540566413136,1.0,0.011904761904761904
AC099313.1,0.18471313,7.47719,0.8534540566413136,1.0,0.011904761904761904
AC016042.1,0.18471313,6.524401,0.8534540566413136,1.0,0.011904761904761904
AC006033.2,0.18471313,6.5108476,0.8534540566413136,1.0,0.011904761904761904
BCAR4,0.18471313,6.329001,0.8534540566413136,1.0,0.011904761904761904
ODF3L1,0.18471313,6.1556787,0.8534540566413136,1.0,0.011904761904761904
AC005840.4,0.18471313,6.4931364,0.8534540566413136,1.0,0.011904761904761904
AC007540.1,0.18471313,6.324535,0.8534540566413136,1.0,0.011904761904761904
LUZP2,0.18471313,6.065463,0.8534540566413136,1.0,0.011904761904761904
MDS2,0.18471313,6.5591397,0.8534540566413136,1.0,0.011904761904761904
NLRP11,0.18471313,6.1662555,0.8534540566413136,1.0,0.011904761904761904
LINC00940,0.18471313,6.4858603,0.8534540566413136,1.0,0.011904761904761904
MYO7A,0.18471313,6.3932724,0.8534540566413136,1.0,0.011904761904761904
PBOV1,0.18471313,6.3373322,0.8534540566413136,1.0,0.011904761904761904
AL512604.2,0.18471313,6.3540506,0.8534540566413136,1.0,0.011904761904761904
FAM83A-AS1,0.18471313,6.201233,0.8534540566413136,1.0,0.011904761904761904
RUNDC3A,0.18471313,6.428427,0.8534540566413136,1.0,0.011904761904761904
SSTR1,0.18471313,6.2009544,0.8534540566413136,1.0,0.011904761904761904
AC008273.1,0.18471313,7.1301513,0.8534540566413136,1.0,0.011904761904761904
DNASE2B,0.18471313,6.1049256,0.8534540566413136,1.0,0.011904761904761904
EFCAB3,0.184645,5.799384,0.853507491183284,1.0,0.011904761904761904
RCAN3AS,0.184645,4.5309167,0.853507491183284,1.0,0.011904761904761904
RNF133,0.184645,5.337977,0.853507491183284,1.0,0.011904761904761904
AC009248.2,0.184645,4.4806786,0.853507491183284,1.0,0.011904761904761904
LINC01807,0.184645,5.8868504,0.853507491183284,1.0,0.011904761904761904
LINC01989,0.184645,4.95535,0.853507491183284,1.0,0.011904761904761904
SLITRK4,0.184645,6.006905,0.853507491183284,1.0,0.011904761904761904
SNAI3,0.184645,5.9196115,0.853507491183284,1.0,0.011904761904761904
S1PR4,0.184645,5.139744,0.853507491183284,1.0,0.011904761904761904
GNMT,0.184645,5.2476835,0.853507491183284,1.0,0.011904761904761904
GPR19,0.184645,5.993378,0.853507491183284,1.0,0.011904761904761904
AC110285.5,0.184645,5.8775167,0.853507491183284,1.0,0.011904761904761904
AC091074.2,0.184645,5.705366,0.853507491183284,1.0,0.011904761904761904
BOLA3-AS1,0.18461093,0.3499077,0.8535342087063313,1.0,0.05952380952380952
GOLGA6L4,0.18447469,1.1950715,0.8536410804782358,1.0,0.023809523809523808
TMED2-DT,0.18447469,0.82174474,0.8536410804782358,1.0,0.03571428571428571
COL27A1,0.18444063,0.055141743,0.8536677988409911,1.0,0.17857142857142858
DDAH2,0.18437251,0.06846397,0.853721236070027,1.0,0.4523809523809524
LINC01006,0.18433845,0.30157486,0.8537479549362479,1.0,0.047619047619047616
LINC00920,0.18410002,-0.061613034,0.8539349916954507,1.0,0.08333333333333333
ASTN2,0.18406595,1.130396,0.8539617119029286,1.0,0.023809523809523808
DDX50,0.18396378,-0.016620517,0.8540418735303764,1.0,0.34523809523809523
NT5DC1,0.18379347,0.06431442,0.8541754795910405,1.0,0.15476190476190477
TPBG,0.18365723,0.15319906,0.854282367450841,1.0,0.13095238095238096
TRIM22,0.18362316,0.03674568,0.8543090898337733,1.0,0.35714285714285715
LRRC41,0.18355504,0.09854507,0.8543625351010069,1.0,0.2619047619047619
NSUN7,0.18345286,0.52305245,0.8544427042548304,1.0,0.047619047619047616
SETMAR,0.18338473,0.5384089,0.8544961511923452,1.0,0.047619047619047616
HLA-G,0.18338473,0.95479155,0.8544961511923452,1.0,0.023809523809523808
Z95115.1,0.18318038,0.90311784,0.8546564960100893,1.0,0.023809523809523808
AHNAK,0.18297601,-0.008094727,0.8548168468305988,1.0,0.9166666666666666
GAPLINC,0.18294194,0.19646823,0.8548435725504981,1.0,0.09523809523809523
MMD,0.1828057,0.16662633,0.8549504770951328,1.0,0.17857142857142858
NBR2,0.18266946,0.1794184,0.8550573843023891,1.0,0.047619047619047616
ACTR3B,0.18243103,0.3056782,0.8552444783162507,1.0,0.047619047619047616
CHTF18,0.1823629,0.7582805,0.8552979352439894,1.0,0.03571428571428571
ERVMER61-1,0.18229479,1.210603,0.8553513928358248,1.0,0.023809523809523808
THAP11,0.18222666,0.241116,0.8554048510915172,1.0,0.11904761904761904
ZNF337-AS1,0.18209042,0.183073,0.855511769593513,1.0,0.05952380952380952
ZNF823,0.18195418,1.1242144,0.8556186907480583,1.0,0.023809523809523808
LINC00996,0.18188605,5.5728908,0.855672152319437,1.0,0.011904761904761904
AL355388.3,0.18188605,6.380276,0.855672152319437,1.0,0.011904761904761904
AL158070.1,0.18188605,5.3812838,0.855672152319437,1.0,0.011904761904761904
AL357673.2,0.18188605,5.4695473,0.855672152319437,1.0,0.011904761904761904
AC087620.1,0.18188605,5.514875,0.855672152319437,1.0,0.011904761904761904
RBM15B,0.18188605,0.097700745,0.855672152319437,1.0,0.15476190476190477
AC073316.1,0.18188605,5.276315,0.855672152319437,1.0,0.011904761904761904
AC008440.2,0.18188605,0.4247362,0.855672152319437,1.0,0.05952380952380952
AC003991.1,0.18188605,6.0902553,0.855672152319437,1.0,0.011904761904761904
CYP26A1,0.18188605,5.340052,0.855672152319437,1.0,0.011904761904761904
Z99774.1,0.18188605,5.594667,0.855672152319437,1.0,0.011904761904761904
AC005329.2,0.18188605,5.6158667,0.855672152319437,1.0,0.011904761904761904
AL133153.2,0.18188605,5.317037,0.855672152319437,1.0,0.011904761904761904
AC108073.3,0.18188605,5.886308,0.855672152319437,1.0,0.011904761904761904
NCKAP5-AS2,0.18188605,5.7849226,0.855672152319437,1.0,0.011904761904761904
AC134775.1,0.18188605,5.3760123,0.855672152319437,1.0,0.011904761904761904
PACRG-AS1,0.18188605,5.3279824,0.855672152319437,1.0,0.011904761904761904
LINC00623,0.18188605,5.4797378,0.855672152319437,1.0,0.011904761904761904
EFCAB6-AS1,0.18188605,5.7956862,0.855672152319437,1.0,0.011904761904761904
AC090377.1,0.18188605,6.093569,0.855672152319437,1.0,0.011904761904761904
SHD,0.18181793,5.199657,0.8557256145532337,1.0,0.011904761904761904
TDRD15,0.18181793,5.170754,0.8557256145532337,1.0,0.011904761904761904
AC017033.1,0.18181793,5.0611377,0.8557256145532337,1.0,0.011904761904761904
OGN,0.18181793,5.102227,0.8557256145532337,1.0,0.011904761904761904
WDR86,0.18181793,4.778401,0.8557256145532337,1.0,0.011904761904761904
LINC02249,0.18181793,3.97204,0.8557256145532337,1.0,0.011904761904761904
AP000763.4,0.18181793,4.8626404,0.8557256145532337,1.0,0.011904761904761904
AC022915.3,0.18181793,4.663769,0.8557256145532337,1.0,0.011904761904761904
AC010201.3,0.18181793,5.074142,0.8557256145532337,1.0,0.011904761904761904
PLEKHA7,0.18181793,4.533869,0.8557256145532337,1.0,0.011904761904761904
NPR3,0.18181793,5.260498,0.8557256145532337,1.0,0.011904761904761904
ZNF80,0.18181793,5.049335,0.8557256145532337,1.0,0.011904761904761904
LINC02473,0.18181793,4.8269176,0.8557256145532337,1.0,0.011904761904761904
AP001412.1,0.18181793,4.811846,0.8557256145532337,1.0,0.011904761904761904
AC188617.2,0.18181793,4.9132924,0.8557256145532337,1.0,0.011904761904761904
AC006027.1,0.18181793,4.655166,0.8557256145532337,1.0,0.011904761904761904
AL360020.1,0.1817498,4.756881,0.8557790774492082,1.0,0.011904761904761904
SERPINF2,0.1817498,4.647897,0.8557790774492082,1.0,0.011904761904761904
KNDC1,0.1817498,3.9501264,0.8557790774492082,1.0,0.011904761904761904
SLC25A18,0.1817498,4.804323,0.8557790774492082,1.0,0.011904761904761904
TMEM108,0.1817498,4.1983085,0.8557790774492082,1.0,0.011904761904761904
AL731661.1,0.1817498,4.1166296,0.8557790774492082,1.0,0.011904761904761904
LINC02360,0.1817498,4.755861,0.8557790774492082,1.0,0.011904761904761904
AC004917.1,0.1817498,3.6270108,0.8557790774492082,1.0,0.011904761904761904
RAB3GAP1,0.18161356,0.08192801,0.8558860052267309,1.0,0.27380952380952384
TMEM144,0.18144326,0.5066659,0.856019668669111,1.0,0.03571428571428571
TNFSF13B,0.1814092,0.5384579,0.8560464018533506,1.0,0.023809523809523808
CC2D1A,0.1814092,0.15891977,0.8560464018533506,1.0,0.11904761904761904
SYTL2,0.18106858,0.9948002,0.8563137427759491,1.0,0.023809523809523808
GPAM,0.18089828,-0.013586162,0.8564474194222955,1.0,0.09523809523809523
IKZF2,0.18065985,0.92792404,0.8566345736451932,1.0,0.023809523809523808
LINC01355,0.1805236,0.24032414,0.8567415225356207,1.0,0.07142857142857142
KNSTRN,0.18045549,0.40661216,0.8567949979673818,1.0,0.08333333333333333
IPO11,0.18031923,0.030630495,0.8569019508027979,1.0,0.42857142857142855
IER5L,0.18025112,0.09434748,0.8569554282059727,1.0,0.21428571428571427
SELENOS,0.180183,0.06772033,0.8570089062658053,1.0,0.6547619047619048
ADGRA2,0.18011488,-0.015650405,0.8570623849820556,1.0,0.13095238095238096
FKBP7,0.18004675,0.07589992,0.8571158643544833,1.0,0.20238095238095238
DROSHA,0.18001269,0.20871137,0.8571426042866888,1.0,0.13095238095238096
AL022322.2,0.17970614,0.25754613,0.8573832710508801,1.0,0.023809523809523808
AC009065.4,0.17970614,0.8209266,0.8573832710508801,1.0,0.023809523809523808
AC009118.3,0.17970614,0.7619371,0.8573832710508801,1.0,0.023809523809523808
TCF7L2,0.17963801,0.073105246,0.85743675435533,1.0,0.2619047619047619
MDM2,0.17960396,0.018824492,0.8574634962530061,1.0,0.5952380952380952
FP325318.1,0.1795699,1.3056847,0.8574902383142763,1.0,0.023809523809523808
SHISA2,0.17953584,0.6960475,0.8575169805391105,1.0,0.03571428571428571
MID1,0.17943366,0.038013685,0.8575972081946973,1.0,0.13095238095238096
FBXO25,0.17936553,1.1315362,0.8576506941156917,1.0,0.023809523809523808
LINC01252,0.17922929,0.5665282,0.857757667918047,1.0,0.03571428571428571
NUDT18,0.17916116,0.2649256,0.8578111557989275,1.0,0.07142857142857142
C2orf92,0.17916116,1.088944,0.8578111557989275,1.0,0.023809523809523808
AC003682.1,0.17905898,5.016803,0.8578913888442011,1.0,0.011904761904761904
AP001011.1,0.17905898,5.234111,0.8578913888442011,1.0,0.011904761904761904
AP006287.2,0.17905898,5.12849,0.8578913888442011,1.0,0.011904761904761904
LINC02087,0.17905898,5.035364,0.8578913888442011,1.0,0.011904761904761904
AL450998.3,0.17905898,4.884442,0.8578913888442011,1.0,0.011904761904761904
TACC1,0.17905898,-0.03099508,0.8578913888442011,1.0,0.8809523809523809
AC095030.1,0.17905898,4.834111,0.8578913888442011,1.0,0.011904761904761904
AC242988.1,0.17905898,4.964673,0.8578913888442011,1.0,0.011904761904761904
YBX2,0.17905898,5.008118,0.8578913888442011,1.0,0.011904761904761904
AIRE,0.17905898,4.985144,0.8578913888442011,1.0,0.011904761904761904
AC012557.1,0.17905898,5.26247,0.8578913888442011,1.0,0.011904761904761904
C1QTNF1-AS1,0.17905898,4.94481,0.8578913888442011,1.0,0.011904761904761904
LINC01205,0.17905898,5.061814,0.8578913888442011,1.0,0.011904761904761904
MYO3B-AS1,0.17905898,4.836074,0.8578913888442011,1.0,0.011904761904761904
AL096803.2,0.17902492,0.25714082,0.8579181335188929,1.0,0.03571428571428571
FAM160A1,0.17899086,4.4372096,0.8579448783566683,1.0,0.011904761904761904
AC103810.2,0.17899086,4.503354,0.8579448783566683,1.0,0.011904761904761904
AC010624.1,0.17899086,4.4970417,0.8579448783566683,1.0,0.011904761904761904
AL160396.2,0.17899086,4.6708226,0.8579448783566683,1.0,0.011904761904761904
AC009831.1,0.17899086,4.575082,0.8579448783566683,1.0,0.011904761904761904
AC090001.1,0.17899086,4.50001,0.8579448783566683,1.0,0.011904761904761904
AL513523.3,0.17899086,4.8870115,0.8579448783566683,1.0,0.011904761904761904
PRICKLE2-AS3,0.17899086,4.5450354,0.8579448783566683,1.0,0.011904761904761904
AC073046.4,0.17899086,4.5272675,0.8579448783566683,1.0,0.011904761904761904
AC016245.2,0.17899086,4.5133777,0.8579448783566683,1.0,0.011904761904761904
XIAP-AS1,0.17899086,4.4720945,0.8579448783566683,1.0,0.011904761904761904
AC108449.3,0.17899086,4.6749773,0.8579448783566683,1.0,0.011904761904761904
SLC6A1,0.17892274,4.744344,0.8579983685213498,1.0,0.011904761904761904
LINC02627,0.17892274,4.1186657,0.8579983685213498,1.0,0.011904761904761904
AC232271.2,0.17892274,4.164359,0.8579983685213498,1.0,0.011904761904761904
GABRD,0.17892274,4.0497594,0.8579983685213498,1.0,0.011904761904761904
AC136944.2,0.17892274,4.3446813,0.8579983685213498,1.0,0.011904761904761904
PLEKHB1,0.17892274,4.2240005,0.8579983685213498,1.0,0.011904761904761904
AC010643.1,0.17892274,4.3729253,0.8579983685213498,1.0,0.011904761904761904
ABLIM2,0.17892274,4.1769977,0.8579983685213498,1.0,0.011904761904761904
AC005775.1,0.17892274,4.452204,0.8579983685213498,1.0,0.011904761904761904
ARMC2-AS1,0.17892274,4.025054,0.8579983685213498,1.0,0.011904761904761904
AC087721.1,0.17885461,4.024007,0.8580518593380053,1.0,0.011904761904761904
AC006483.2,0.17885461,3.5897706,0.8580518593380053,1.0,0.011904761904761904
LINC02718,0.17885461,3.8626907,0.8580518593380053,1.0,0.011904761904761904
C6orf141,0.17885461,3.8341994,0.8580518593380053,1.0,0.011904761904761904
ZNF492,0.17885461,3.4980304,0.8580518593380053,1.0,0.011904761904761904
LINC00525,0.17885461,3.5848722,0.8580518593380053,1.0,0.011904761904761904
PRAM1,0.17885461,3.8777668,0.8580518593380053,1.0,0.011904761904761904
ZNF491,0.17885461,3.650151,0.8580518593380053,1.0,0.011904761904761904
AP001981.2,0.17885461,4.132104,0.8580518593380053,1.0,0.011904761904761904
CD300C,0.17885461,4.092696,0.8580518593380053,1.0,0.011904761904761904
DLGAP3,0.17885461,3.9136536,0.8580518593380053,1.0,0.011904761904761904
PDC,0.17885461,3.3118105,0.8580518593380053,1.0,0.011904761904761904
CXCR5,0.17885461,2.8960364,0.8580518593380053,1.0,0.011904761904761904
AL445309.1,0.17885461,3.7699308,0.8580518593380053,1.0,0.011904761904761904
KDM8,0.17882055,0.594975,0.8580786049907481,1.0,0.023809523809523808
GYPE,0.17875244,0.578488,0.8581320967849139,1.0,0.023809523809523808
AC100786.1,0.17854807,0.56386304,0.8582925760746895,1.0,0.023809523809523808
LYSMD3,0.17854807,0.04503484,0.8582925760746895,1.0,0.17857142857142858
HJURP,0.17847994,0.35236105,0.8583460704729062,1.0,0.047619047619047616
PCDHGA10,0.17847994,1.024585,0.8583460704729062,1.0,0.03571428571428571
LDLRAP1,0.1783437,0.391081,0.8584530612203353,1.0,0.07142857142857142
CD3EAP,0.1783437,0.18650484,0.8584530612203353,1.0,0.17857142857142858
TIGD5,0.17820746,0.081151456,0.8585600545674893,1.0,0.08333333333333333
CYP27A1,0.17807122,0.9294656,0.8586670505124452,1.0,0.023809523809523808
ZNF582,0.17807122,1.0010356,0.8586670505124452,1.0,0.023809523809523808
RALGAPB,0.17793497,0.097970426,0.85877404905328,1.0,0.3333333333333333
GTF2H1,0.17793497,0.23051561,0.85877404905328,1.0,0.14285714285714285
NMRAL1,0.17779872,0.030576514,0.8588810501880705,1.0,0.14285714285714285
COX14,0.17776467,0.039284494,0.8589078008768483,1.0,0.7023809523809523
TRIM24,0.1777306,0.07631376,0.858934551727598,1.0,0.34523809523809523
SNRPD3,0.1777306,0.02281457,0.858934551727598,1.0,0.4523809523809524
KCMF1,0.17759436,0.042130854,0.8590415567497156,1.0,0.34523809523809523
PLEKHA8,0.17739,0.33028194,0.8592020691369415,1.0,0.14285714285714285
AL356599.1,0.17739,0.5275952,0.8592020691369415,1.0,0.047619047619047616
MAFB,0.17735593,0.42250025,0.8592288217673991,1.0,0.05952380952380952
SLC25A16,0.17718562,-0.008591553,0.8593625873432551,1.0,0.11904761904761904
ZNF350,0.17708345,0.351491,0.8594428486265409,1.0,0.047619047619047616
VKORC1L1,0.17691314,0.015311411,0.8595766206590314,1.0,0.38095238095238093
ITPK1,0.17674284,0.42426786,0.8597103967220328,1.0,0.10714285714285714
KCNE4,0.17657253,0.33911198,0.8598441768117862,1.0,0.03571428571428571
SLMAP,0.1765044,0.11042203,0.859897689974336,1.0,0.23809523809523808
BAZ2B,0.17647034,0.17270489,0.8599244467969154,1.0,0.35714285714285715
RCAN3,0.17630003,0.027524749,0.8600582333216531,1.0,0.13095238095238096
C12orf50,0.17623192,4.482463,0.8601117490565126,1.0,0.011904761904761904
AC011407.1,0.17623192,4.697759,0.8601117490565126,1.0,0.011904761904761904
Z93930.3,0.17623192,4.4929376,0.8601117490565126,1.0,0.011904761904761904
AC004223.2,0.17623192,4.785142,0.8601117490565126,1.0,0.011904761904761904
AC006262.1,0.17623192,4.256579,0.8601117490565126,1.0,0.011904761904761904
AL392046.1,0.17623192,4.308052,0.8601117490565126,1.0,0.011904761904761904
CD38,0.17623192,4.6413355,0.8601117490565126,1.0,0.011904761904761904
AC020659.2,0.17623192,5.0369253,0.8601117490565126,1.0,0.011904761904761904
AC012213.2,0.17623192,4.567822,0.8601117490565126,1.0,0.011904761904761904
TAS2R13,0.17623192,4.923848,0.8601117490565126,1.0,0.011904761904761904
CCDC148,0.17623192,4.7242417,0.8601117490565126,1.0,0.011904761904761904
AC136944.1,0.1761638,4.4673114,0.8601652654338477,1.0,0.011904761904761904
TLR9,0.1761638,4.5367374,0.8601652654338477,1.0,0.011904761904761904
AL139123.1,0.1761638,4.2492533,0.8601652654338477,1.0,0.011904761904761904
ZIM3,0.1761638,4.2253146,0.8601652654338477,1.0,0.011904761904761904
AC004921.2,0.1761638,4.26895,0.8601652654338477,1.0,0.011904761904761904
AC026191.1,0.1761638,4.204979,0.8601652654338477,1.0,0.011904761904761904
HCG15,0.1761638,4.3252716,0.8601652654338477,1.0,0.011904761904761904
NAALAD2,0.1761638,4.195067,0.8601652654338477,1.0,0.011904761904761904
AL035411.3,0.1761638,4.387265,0.8601652654338477,1.0,0.011904761904761904
PRSS35,0.1761638,3.9955838,0.8601652654338477,1.0,0.011904761904761904
CLEC20A,0.17609566,3.9024298,0.8602187824534182,1.0,0.011904761904761904
ACER1,0.17609566,3.9627366,0.8602187824534182,1.0,0.011904761904761904
AIMP1,0.17609566,0.08092477,0.8602187824534182,1.0,0.6071428571428571
CCR5AS,0.17609566,3.7962036,0.8602187824534182,1.0,0.011904761904761904
AC010542.5,0.17609566,4.023278,0.8602187824534182,1.0,0.011904761904761904
COLEC11,0.17609566,3.7030292,0.8602187824534182,1.0,0.011904761904761904
C1QTNF4,0.17602755,3.8008552,0.8602723001149831,1.0,0.011904761904761904
Z95118.2,0.17602755,4.0971303,0.8602723001149831,1.0,0.011904761904761904
LINC01352,0.17602755,3.7432523,0.8602723001149831,1.0,0.011904761904761904
AC106779.1,0.17602755,3.6272044,0.8602723001149831,1.0,0.011904761904761904
AC107208.1,0.17602755,3.8168738,0.8602723001149831,1.0,0.011904761904761904
XG,0.17602755,3.5538247,0.8602723001149831,1.0,0.011904761904761904
AC005498.3,0.17602755,3.787873,0.8602723001149831,1.0,0.011904761904761904
NOL6,0.17599349,0.42847043,0.8602990591864383,1.0,0.05952380952380952
ENOX1-AS1,0.17595942,3.1859312,0.860325818418302,1.0,0.011904761904761904
AC004832.6,0.17595942,3.3100991,0.860325818418302,1.0,0.011904761904761904
AC026803.1,0.17595942,3.2118905,0.860325818418302,1.0,0.011904761904761904
N4BP2,0.17585725,0.33886936,0.8604060970760423,1.0,0.13095238095238096
DYNC2LI1,0.17585725,0.04317563,0.8604060970760423,1.0,0.16666666666666666
AC005062.1,0.17582318,0.6774619,0.8604328569492387,1.0,0.023809523809523808
ABL1,0.17575505,0.09896288,0.8604863771763751,1.0,0.16666666666666666
AP005482.3,0.1755507,0.95530164,0.8606469417015686,1.0,0.023809523809523808
PRTG,0.1753804,0.5564118,0.8607807498733137,1.0,0.08333333333333333
FGD4,0.17503978,0.15187494,0.8610483782030518,1.0,0.13095238095238096
ALKBH8,0.17476729,0.339828,0.8612624923570273,1.0,0.05952380952380952
AL513550.1,0.17473322,0.83758485,0.861289257343553,1.0,0.03571428571428571
AC010476.2,0.17466511,0.78050846,0.861342787794459,1.0,0.023809523809523808
AC005699.1,0.1742223,0.41851294,0.8616907512399705,1.0,0.03571428571428571
DOLPP1,0.17415419,0.49562132,0.8617442864620473,1.0,0.05952380952380952
CCDC142,0.17412013,0.17060742,0.8617710543112753,1.0,0.047619047619047616
TMEM255B,0.174052,0.032869577,0.8618245904859603,1.0,0.2619047619047619
FEM1B,0.17391576,0.13210616,0.8619316647394023,1.0,0.21428571428571427
THAP9,0.17384765,0.28010303,0.8619852028176775,1.0,0.03571428571428571
SERF1A,0.17371139,0.23982361,0.8620922808761317,1.0,0.023809523809523808
AC025917.1,0.17340484,4.127513,0.8623332157706237,1.0,0.011904761904761904
AL008638.3,0.17340484,4.096131,0.8623332157706237,1.0,0.011904761904761904
PRKCA-AS1,0.17340484,4.141148,0.8623332157706237,1.0,0.011904761904761904
HLA-DOB,0.17340484,4.2414966,0.8623332157706237,1.0,0.011904761904761904
ELMO1-AS1,0.17340484,4.1385474,0.8623332157706237,1.0,0.011904761904761904
CRP,0.17340484,4.277691,0.8623332157706237,1.0,0.011904761904761904
CFAP58-DT,0.17340484,4.834767,0.8623332157706237,1.0,0.011904761904761904
SVEP1,0.17333673,3.8488672,0.8623867585983871,1.0,0.011904761904761904
SLC4A1,0.17333673,4.0204244,0.8623867585983871,1.0,0.011904761904761904
BARX2,0.17333673,4.144567,0.8623867585983871,1.0,0.011904761904761904
FGD1,0.17333673,0.38761377,0.8623867585983871,1.0,0.05952380952380952
AC007666.1,0.17333673,3.9524925,0.8623867585983871,1.0,0.011904761904761904
AC084030.1,0.17333673,3.9968967,0.8623867585983871,1.0,0.011904761904761904
CD72,0.1732686,3.6997697,0.8624403020583912,1.0,0.011904761904761904
AL022326.1,0.1732686,3.6366549,0.8624403020583912,1.0,0.011904761904761904
AC104135.1,0.1732686,3.7332578,0.8624403020583912,1.0,0.011904761904761904
LINC02080,0.1732686,3.702565,0.8624403020583912,1.0,0.011904761904761904
OR1A1,0.1732686,3.984492,0.8624403020583912,1.0,0.011904761904761904
GPRIN3,0.17320047,3.5714157,0.8624938461503953,1.0,0.011904761904761904
HNMT,0.17320047,3.3244138,0.8624938461503953,1.0,0.011904761904761904
AC020916.2,0.17320047,3.6060143,0.8624938461503953,1.0,0.011904761904761904
AL442125.2,0.17320047,3.6119215,0.8624938461503953,1.0,0.011904761904761904
AC012673.1,0.17320047,3.387521,0.8624938461503953,1.0,0.011904761904761904
QRFPR,0.17313236,3.1410127,0.8625473908741582,1.0,0.011904761904761904
AC090425.3,0.17313236,3.381752,0.8625473908741582,1.0,0.011904761904761904
AL136084.2,0.17313236,3.5082502,0.8625473908741582,1.0,0.011904761904761904
AL157373.2,0.17313236,3.146301,0.8625473908741582,1.0,0.011904761904761904
LINC01597,0.17313236,3.2394686,0.8625473908741582,1.0,0.011904761904761904
AL365214.2,0.17313236,3.158527,0.8625473908741582,1.0,0.011904761904761904
PCDHGA8,0.1730983,1.492773,0.862574163472874,1.0,0.023809523809523808
LINC00266-1,0.17306423,3.0864153,0.862600936229439,1.0,0.011904761904761904
AC024575.1,0.17306423,2.889212,0.862600936229439,1.0,0.011904761904761904
AP002748.6,0.17306423,2.7926898,0.862600936229439,1.0,0.011904761904761904
EFCAB6,0.17306423,2.8051553,0.862600936229439,1.0,0.011904761904761904
LINC02069,0.17306423,2.975923,0.862600936229439,1.0,0.011904761904761904
AC010789.2,0.17306423,3.1850579,0.862600936229439,1.0,0.011904761904761904
TSKU,0.17296205,0.1715236,0.8626812554459289,1.0,0.09523809523809523
NEK2,0.17296205,0.4526082,0.8626812554459289,1.0,0.047619047619047616
GDI2,0.17296205,0.019160515,0.8626812554459289,1.0,0.7738095238095238
BEND3,0.17282581,0.5204325,0.8627883499426445,1.0,0.023809523809523808
INTU,0.17275769,0.17760219,0.8628418981367727,1.0,0.15476190476190477
ZFP37,0.17268956,0.4677702,0.8628954469610927,1.0,0.023809523809523808
HCFC2,0.17268956,0.15779594,0.8628954469610927,1.0,0.11904761904761904
MCF2L2,0.1724852,0.37710992,0.8630560972127941,1.0,0.07142857142857142
MYCBP2,0.17234896,0.048001494,0.8631632005271348,1.0,0.5
AL121658.1,0.17228083,1.3762791,0.8632167531275439,1.0,0.023809523809523808
ATP7A,0.17228083,0.18512504,0.8632167531275439,1.0,0.13095238095238096
ZNF668,0.1722127,0.45430616,0.8632703063564571,1.0,0.047619047619047616
SPATA20,0.17217866,0.07827309,0.8632970832065274,1.0,0.27380952380952384
LINC00513,0.17194022,0.4022683,0.8634845255523292,1.0,0.047619047619047616
SORT1,0.17194022,0.74013436,0.8634845255523292,1.0,0.03571428571428571
TICAM2,0.17156555,0.53310114,0.8637790933316734,1.0,0.08333333333333333
ZMPSTE24,0.17139524,0.11464808,0.8639129940389595,1.0,0.2976190476190476
RANBP1,0.17122494,0.072136365,0.8640468986547996,1.0,0.8333333333333334
CYP2U1,0.17115682,0.22151043,0.8641004615946863,1.0,0.08333333333333333
AC135726.1,0.17112276,0.716947,0.8641272432988414,1.0,0.023809523809523808
GNB4,0.1710887,0.044801988,0.8641540251590972,1.0,0.34523809523809523
RAE1,0.17105463,0.073687635,0.8641808071754239,1.0,0.17857142857142858
AP006545.1,0.17091839,0.7481214,0.8642879368008345,1.0,0.03571428571428571
SLC35B1,0.17088433,0.0823544,0.8643147195970623,1.0,0.2619047619047619
CC2D1B,0.17078215,-0.021649217,0.8643950689209636,1.0,0.05952380952380952
JARID2-AS1,0.17057778,4.358106,0.8645557717745314,1.0,0.011904761904761904
AC090617.1,0.17057778,4.174927,0.8645557717745314,1.0,0.011904761904761904
OAS1,0.17057778,-0.1424156,0.8645557717745314,1.0,0.05952380952380952
AC044802.2,0.17050965,3.9168766,0.864609340637655,1.0,0.011904761904761904
AC008074.2,0.17050965,3.7210548,0.864609340637655,1.0,0.011904761904761904
AC007496.2,0.17050965,3.9378176,0.864609340637655,1.0,0.011904761904761904
AC008277.1,0.17050965,3.8277252,0.864609340637655,1.0,0.011904761904761904
WDR17,0.17044154,3.7868493,0.8646629101230103,1.0,0.011904761904761904
CETP,0.17044154,3.5587914,0.8646629101230103,1.0,0.011904761904761904
AL353768.1,0.17037341,3.2992208,0.8647164802303557,1.0,0.011904761904761904
CLDN3,0.17037341,3.3409011,0.8647164802303557,1.0,0.011904761904761904
AC114730.2,0.17037341,3.4926233,0.8647164802303557,1.0,0.011904761904761904
DEPP1,0.17037341,3.383972,0.8647164802303557,1.0,0.011904761904761904
AL627422.2,0.17037341,3.1267278,0.8647164802303557,1.0,0.011904761904761904
AC121320.1,0.17037341,3.6335313,0.8647164802303557,1.0,0.011904761904761904
MPP2,0.17037341,0.6664766,0.8647164802303557,1.0,0.023809523809523808
Z95114.2,0.1703053,3.0645552,0.8647700509594501,1.0,0.011904761904761904
LINC01098,0.1703053,3.1137404,0.8647700509594501,1.0,0.011904761904761904
C16orf86,0.1703053,0.56688285,0.8647700509594501,1.0,0.023809523809523808
AL157834.1,0.1703053,3.2567124,0.8647700509594501,1.0,0.011904761904761904
MAP7,0.1703053,3.415394,0.8647700509594501,1.0,0.011904761904761904
AC098484.4,0.1703053,3.309973,0.8647700509594501,1.0,0.011904761904761904
HPSE2,0.17023717,2.9161792,0.8648236223100519,1.0,0.011904761904761904
AL450332.1,0.17023717,3.1638885,0.8648236223100519,1.0,0.011904761904761904
SLC6A16,0.17023717,0.95495373,0.8648236223100519,1.0,0.023809523809523808
AC103957.1,0.17023717,2.853333,0.8648236223100519,1.0,0.011904761904761904
LINC02028,0.17023717,2.9346023,0.8648236223100519,1.0,0.011904761904761904
PSD4,0.17023717,3.15013,0.8648236223100519,1.0,0.011904761904761904
NDST3,0.17023717,2.9543653,0.8648236223100519,1.0,0.011904761904761904
PAG1,0.17016904,2.997416,0.8648771942819198,1.0,0.011904761904761904
LCP1,0.17016904,2.3638937,0.8648771942819198,1.0,0.011904761904761904
C15orf48,0.17016904,2.9753857,0.8648771942819198,1.0,0.011904761904761904
NEMP2,0.17010093,0.54700905,0.8649307668748123,1.0,0.023809523809523808
RSRC2,0.16979438,0.016023217,0.8651718512215356,1.0,0.6547619047619048
GABARAPL1,0.16976032,0.13075557,0.865198639146195,1.0,0.14285714285714285
ATF6,0.16972625,0.061276115,0.8652254272257482,1.0,0.36904761904761907
UBAC2-AS1,0.16965812,1.0212591,0.8652790038494163,1.0,0.03571428571428571
ACADS,0.16962408,0.24974023,0.8653057923934705,1.0,0.07142857142857142
GTPBP2,0.16962408,-0.07622404,0.8653057923934705,1.0,0.11904761904761904
SPTSSA,0.1688066,0.061485387,0.8659487638133233,1.0,0.5119047619047619
AC007216.3,0.1688066,0.7903676,0.8659487638133233,1.0,0.023809523809523808
MIF-AS1,0.16877255,0.32601258,0.8659755562176528,1.0,0.05952380952380952
FLVCR1,0.16870442,-0.042806014,0.8660291414883369,1.0,0.16666666666666666
TMEM220,0.16853411,1.062841,0.8661631073587854,1.0,0.023809523809523808
SPINT1,0.16826163,0.17777593,0.8663774607479012,1.0,0.03571428571428571
AL096854.1,0.16795507,0.6027001,0.8666186200576438,1.0,0.03571428571428571
CHTOP,0.16792102,-0.038017657,0.8666454163033748,1.0,0.32142857142857145
TDRKH,0.1678529,0.030087903,0.8666990092545968,1.0,0.08333333333333333
BX323046.2,0.16775072,3.7323081,0.8667793998303762,1.0,0.011904761904761904
AC009704.2,0.16775072,4.2056284,0.8667793998303762,1.0,0.011904761904761904
AC023794.1,0.16775072,4.304463,0.8667793998303762,1.0,0.011904761904761904
PER2,0.16771665,0.4904889,0.8668061969952343,1.0,0.03571428571428571
ACHE,0.16768259,3.7998755,0.8668329943131744,1.0,0.011904761904761904
AL139405.1,0.16768259,3.5624328,0.8668329943131744,1.0,0.011904761904761904
FOPNL,0.16768259,0.09547597,0.8668329943131744,1.0,0.15476190476190477
TMTC4,0.16761446,0.15137656,0.8668865894081802,1.0,0.09523809523809523
LINC02679,0.16761446,3.815038,0.8668865894081802,1.0,0.011904761904761904
AC127520.1,0.16754635,3.2261856,0.8669401851151517,1.0,0.011904761904761904
AC015909.2,0.16754635,3.4426944,0.8669401851151517,1.0,0.011904761904761904
TTYH2,0.16754635,3.203197,0.8669401851151517,1.0,0.011904761904761904
CCDC189,0.16754635,0.3832286,0.8669401851151517,1.0,0.03571428571428571
BX470102.2,0.16751228,0.1001134,0.8669669831980491,1.0,0.047619047619047616
AP001189.4,0.16747822,3.180627,0.8669937814338473,1.0,0.011904761904761904
DOCK8-AS1,0.16747822,3.2223911,0.8669937814338473,1.0,0.011904761904761904
AC020656.2,0.16747822,2.8996477,0.8669937814338473,1.0,0.011904761904761904
LINC01704,0.1674101,3.0748851,0.8670473783640253,1.0,0.011904761904761904
DM1-AS,0.1674101,2.8657477,0.8670473783640253,1.0,0.011904761904761904
FBXW12,0.1674101,2.8445144,0.8670473783640253,1.0,0.011904761904761904
AC067863.1,0.1674101,3.1051035,0.8670473783640253,1.0,0.011904761904761904
SLC28A2,0.1674101,2.824592,0.8670473783640253,1.0,0.011904761904761904
OPRM1,0.16734198,2.8914256,0.8671009759054439,1.0,0.011904761904761904
C12orf77,0.16734198,2.717747,0.8671009759054439,1.0,0.011904761904761904
INAVA,0.16734198,2.4384966,0.8671009759054439,1.0,0.011904761904761904
PELI3,0.16730791,0.9453325,0.8671277749052928,1.0,0.023809523809523808
AC110603.1,0.16727385,2.629341,0.8671545740578612,1.0,0.011904761904761904
AC090510.2,0.16727385,2.5715837,0.8671545740578612,1.0,0.011904761904761904
LINC01389,0.16727385,2.45048,0.8671545740578612,1.0,0.011904761904761904
AC103724.4,0.16727385,2.6177838,0.8671545740578612,1.0,0.011904761904761904
DLGAP1,0.16727385,2.5439327,0.8671545740578612,1.0,0.011904761904761904
ZC3H12D,0.16727385,2.2201753,0.8671545740578612,1.0,0.011904761904761904
LINC00174,0.16717167,0.4673457,0.8672349724315812,1.0,0.03571428571428571
MMACHC,0.16713761,0.27497593,0.8672617721947253,1.0,0.05952380952380952
CNFN,0.16710354,0.15763041,0.8672885721104379,1.0,0.03571428571428571
COG5,0.16703543,0.06303709,0.8673421723994471,1.0,0.17857142857142858
DLGAP4,0.16700137,0.0038876634,0.8673689727726834,1.0,0.4166666666666667
CD151,0.1669673,0.028703202,0.8673957732983673,1.0,0.8928571428571429
RAMAC,0.16693324,-0.017647607,0.8674225739764683,1.0,0.047619047619047616
LIMD1-AS1,0.16672888,-0.073036216,0.867583381244144,1.0,0.03571428571428571
FXYD1,0.16652451,0.7851533,0.8677441939912233,1.0,0.03571428571428571
LRRC28,0.16652451,0.027999355,0.8677441939912233,1.0,0.15476190476190477
RCC1L,0.16642232,0.07960747,0.8678246024174986,1.0,0.16666666666666666
MAP4,0.16632015,0.027472718,0.8679050122111761,1.0,0.8452380952380952
SLC7A14,0.16621797,0.82718295,0.8679854233714394,1.0,0.023809523809523808
SAP18,0.16611578,0.029322995,0.8680658358974719,1.0,0.7976190476190477
AL162253.2,0.16608173,0.90796036,0.8680926403761793,1.0,0.047619047619047616
BX537318.1,0.16608173,0.8043318,0.8680926403761793,1.0,0.023809523809523808
AP003120.1,0.16608173,0.5523251,0.8680926403761793,1.0,0.023809523809523808
PCMTD1,0.16608173,0.021837294,0.8680926403761793,1.0,0.4166666666666667
ZNF506,0.1660136,1.1363225,0.8681462497884573,1.0,0.023809523809523808
PITPNM1,0.16587736,0.30952063,0.8682534704316203,1.0,0.07142857142857142
UBE2G1,0.16580923,0.0036725549,0.8683070816620211,1.0,0.34523809523809523
NME1,0.16560486,0.038647555,0.8684679189855982,1.0,0.8452380952380952
L3MBTL2,0.16543455,0.26893842,0.8686019542470705,1.0,0.14285714285714285
SNX16,0.16536644,-0.09202285,0.868655569409267,1.0,0.13095238095238096
CDCA5,0.16533238,0.32951614,0.8686823772168746,1.0,0.03571428571428571
NOTCH2NLC,0.16519614,1.1661291,0.8687896099566598,1.0,0.023809523809523808
MBD3,0.16509394,0.028150136,0.8688700360954749,1.0,0.17857142857142858
CCDC92,0.1650599,0.06126362,0.8688968451099617,1.0,0.23809523809523808
AP005233.2,0.16499177,0.60587776,0.8689504635910762,1.0,0.047619047619047616
LSG1,0.1649577,-0.012221211,0.8689772730576435,1.0,0.23809523809523808
AC090578.1,0.16492364,3.619367,0.8690040826748439,1.0,0.011904761904761904
AL390955.2,0.16492364,3.9576929,0.8690040826748439,1.0,0.011904761904761904
AC004949.1,0.16485552,3.584024,0.8690577023610224,1.0,0.011904761904761904
AC005358.2,0.16485552,3.3695161,0.8690577023610224,1.0,0.011904761904761904
HIST4H4,0.1647874,3.1230874,0.8691113226493699,1.0,0.011904761904761904
AC015961.2,0.1647874,3.4594777,0.8691113226493699,1.0,0.011904761904761904
SILC1,0.16471928,2.987517,0.8691649435396442,1.0,0.011904761904761904
ZNF671,0.16471928,3.1369143,0.8691649435396442,1.0,0.011904761904761904
Z84486.1,0.16471928,3.0199807,0.8691649435396442,1.0,0.011904761904761904
ACTN1-AS1,0.16471928,3.0067792,0.8691649435396442,1.0,0.011904761904761904
AL390719.3,0.16471928,3.1341622,0.8691649435396442,1.0,0.011904761904761904
AGAP2,0.16465116,2.9234607,0.8692185650316033,1.0,0.011904761904761904
LINC00844,0.16465116,3.1945019,0.8692185650316033,1.0,0.011904761904761904
AC104170.1,0.16465116,3.0895774,0.8692185650316033,1.0,0.011904761904761904
AC097534.1,0.16458303,2.9300456,0.8692721871250051,1.0,0.011904761904761904
ONECUT2,0.16458303,2.5449913,0.8692721871250051,1.0,0.011904761904761904
PLD2,0.16454898,0.19721457,0.8692989983971713,1.0,0.09523809523809523
AKR1C1,0.16451491,2.6095197,0.8693258098196075,1.0,0.011904761904761904
PGBD5,0.16451491,2.408288,0.8693258098196075,1.0,0.011904761904761904
AC245052.4,0.16451491,2.7113717,0.8693258098196075,1.0,0.011904761904761904
AC121761.2,0.16451491,2.804068,0.8693258098196075,1.0,0.011904761904761904
WDR97,0.16451491,2.3800805,0.8693258098196075,1.0,0.011904761904761904
ADCY6-DT,0.16451491,2.8442533,0.8693258098196075,1.0,0.011904761904761904
IL10,0.16444679,2.4589255,0.8693794331151683,1.0,0.011904761904761904
AC119396.2,0.16444679,2.569375,0.8693794331151683,1.0,0.011904761904761904
SPDYE6,0.16444679,2.4717743,0.8693794331151683,1.0,0.011904761904761904
AC022001.3,0.16437867,2.1650376,0.8694330570114455,1.0,0.011904761904761904
ANAPC16,0.1641743,0.03790213,0.869593932302154,1.0,0.7738095238095238
UBE2D2,0.16410618,0.036413725,0.8696475585988752,1.0,0.7142857142857143
C19orf53,0.1639018,0.0052355784,0.8698084410851046,1.0,0.8690476190476191
MGP,0.1639018,0.044403367,0.8698084410851046,1.0,0.4642857142857143
ARRB1,0.16379963,0.18007372,0.8698888843495076,1.0,0.10714285714285714
FXR2,0.16376556,0.0951874,0.8699156990702236,1.0,0.14285714285714285
SERPIND1,0.16362932,0.0067497334,0.8700229594485217,1.0,0.27380952380952384
ITSN1,0.16345902,0.025479333,0.8701570382838504,1.0,0.36904761904761907
AL354892.3,0.16335684,0.7969158,0.8702374873769042,1.0,0.023809523809523808
AC092279.1,0.16325465,0.23156925,0.8703179378128513,1.0,0.08333333333333333
ENY2,0.16315247,-0.02035151,0.8703983895908739,1.0,0.9166666666666666
PBX1,0.16315247,1.1317202,0.8703983895908739,1.0,0.023809523809523808
ARMC6,0.16301623,0.3691014,0.8705056607144973,1.0,0.10714285714285714
TIA1,0.16284592,0.14941823,0.8706397529692185,1.0,0.2976190476190476
CD163L1,0.16240312,0.35389018,0.8709884102265044,1.0,0.07142857142857142
HMGB2,0.16240312,0.017480882,0.8709884102265044,1.0,0.30952380952380953
PDE12,0.16240312,-0.024339681,0.8709884102265044,1.0,0.21428571428571427
KRBA2,0.16236906,0.195128,0.8710152310549106,1.0,0.05952380952380952
NUDT19,0.16233501,0.20382321,0.8710420520316488,1.0,0.13095238095238096
NUDC,0.16230094,0.037805155,0.8710688731566886,1.0,0.8928571428571429
RRAGC,0.16213064,0.114910826,0.8712029810053528,1.0,0.2619047619047619
SUPT3H,0.16209657,-0.009495278,0.8712298030195665,1.0,0.13095238095238096
DNAH2,0.16209657,3.454646,0.8712298030195665,1.0,0.011904761904761904
RPS6KB2-AS1,0.16202845,3.5128338,0.8712834474922326,1.0,0.011904761904761904
MYH3,0.16202845,3.114853,0.8712834474922326,1.0,0.011904761904761904
RPS15,0.1619944,0.013723775,0.8713102699506242,1.0,1.0
RAD21L1,0.1618922,3.0616567,0.8713907382136701,1.0,0.011904761904761904
POU4F1,0.1618922,2.939854,0.8713907382136701,1.0,0.011904761904761904
DDX31,0.16185814,0.1252288,0.8714175612638748,1.0,0.09523809523809523
CLOCK,0.16182409,0.031070936,0.8714443844619568,1.0,0.2976190476190476
FBXO15,0.16182409,2.952493,0.8714443844619568,1.0,0.011904761904761904
RASA2-IT1,0.16175596,2.4537995,0.8714980313016323,1.0,0.011904761904761904
AC005730.3,0.16175596,2.836355,0.8714980313016323,1.0,0.011904761904761904
AL031123.2,0.16175596,2.6270685,0.8714980313016323,1.0,0.011904761904761904
AC104187.1,0.16175596,2.8465621,0.8714980313016323,1.0,0.011904761904761904
KCNJ13,0.16168784,2.795811,0.8715516787324541,1.0,0.011904761904761904
SATB1,0.16168784,2.574372,0.8715516787324541,1.0,0.011904761904761904
LRATD1,0.16161972,2.4202232,0.8716053267541797,1.0,0.011904761904761904
FAXC,0.16161972,2.6854236,0.8716053267541797,1.0,0.011904761904761904
AC093702.1,0.1615516,1.9526858,0.8716589753665667,1.0,0.011904761904761904
TFAM,0.1615516,0.06852894,0.8716589753665667,1.0,0.36904761904761907
AC109460.1,0.1615516,2.367498,0.8716589753665667,1.0,0.011904761904761904
PDXK,0.1615516,0.030810704,0.8716589753665667,1.0,0.5
AL122023.1,0.1615516,1.9779757,0.8716589753665667,1.0,0.011904761904761904
C20orf144,0.1615516,2.2661412,0.8716589753665667,1.0,0.011904761904761904
AL358334.2,0.1615516,2.4337256,0.8716589753665667,1.0,0.011904761904761904
AC012443.2,0.16148348,2.3752136,0.8717126245693725,1.0,0.011904761904761904
AC097375.3,0.16148348,2.0837834,0.8717126245693725,1.0,0.011904761904761904
MFSD1,0.16144942,0.13497747,0.8717394493921069,1.0,0.2261904761904762
SPRY4,0.16117692,0.3183511,0.871954053281932,1.0,0.09523809523809523
MIR4453HG,0.16083631,0.8271294,0.8722223213968122,1.0,0.023809523809523808
PCDHGA6,0.16063195,0.7034234,0.8723832893221515,1.0,0.023809523809523808
TFG,0.16042759,0.08800336,0.8725442625317948,1.0,0.42857142857142855
SF3B1,0.16039352,0.028685644,0.8725710919133606,1.0,0.5595238095238095
KDM6B,0.16025728,0.14456242,0.8726784109050599,1.0,0.10714285714285714
ALG1L2,0.16022322,1.0477525,0.8727052410191922,1.0,0.023809523809523808
NXT1,0.15995073,0.009601054,0.8729198872009063,1.0,0.34523809523809523
ITGA9-AS1,0.15991667,0.16734594,0.8729467186317477,1.0,0.05952380952380952
SRSF7,0.15961012,0.029324746,0.8731882080823999,1.0,0.5595238095238095
IL1R1,0.15933762,0.036510445,0.8734028752921468,1.0,0.10714285714285714
AC080005.1,0.15926951,3.5344446,0.8734565435515265,1.0,0.011904761904761904
AUTS2,0.15926951,3.7330294,0.8734565435515265,1.0,0.011904761904761904
WNT7B,0.15926951,3.5444329,0.8734565435515265,1.0,0.011904761904761904
AC004817.3,0.15926951,3.601984,0.8734565435515265,1.0,0.011904761904761904
SALL2,0.15926951,3.42006,0.8734565435515265,1.0,0.011904761904761904
AL137139.2,0.15920138,3.2893867,0.8735102123931979,1.0,0.011904761904761904
CARD6,0.15920138,0.014281008,0.8735102123931979,1.0,0.14285714285714285
LINC01435,0.15920138,3.3039734,0.8735102123931979,1.0,0.011904761904761904
LTB4R2,0.15920138,3.110605,0.8735102123931979,1.0,0.011904761904761904
AC005618.4,0.15920138,3.1766582,0.8735102123931979,1.0,0.011904761904761904
AC025576.1,0.15913327,3.3142698,0.8735638818169184,1.0,0.011904761904761904
AL390961.2,0.15913327,3.0945082,0.8735638818169184,1.0,0.011904761904761904
TNFSF15,0.15913327,3.046541,0.8735638818169184,1.0,0.011904761904761904
MT3,0.15913327,2.9626386,0.8735638818169184,1.0,0.011904761904761904
PRKAR2A-AS1,0.15906514,2.7740002,0.873617551822445,1.0,0.011904761904761904
SPSB4,0.15906514,2.9210598,0.873617551822445,1.0,0.011904761904761904
NPIPB3,0.15899701,2.5298662,0.8736712224095353,1.0,0.011904761904761904
LINC01828,0.1589289,2.637958,0.8737248935779462,1.0,0.011904761904761904
BFSP1,0.1589289,0.2948975,0.8737248935779462,1.0,0.05952380952380952
PCOLCE,0.15886077,0.47495812,0.873778565327435,1.0,0.047619047619047616
MPZL3,0.15886077,0.20720889,0.873778565327435,1.0,0.09523809523809523
TMEM61,0.15886077,2.4615185,0.873778565327435,1.0,0.011904761904761904
FAM102A,0.15879266,0.49527127,0.8738322376577592,1.0,0.05952380952380952
AF230666.1,0.15879266,2.3606374,0.8738322376577592,1.0,0.011904761904761904
AC011939.3,0.15879266,2.3452597,0.8738322376577592,1.0,0.011904761904761904
IFT88,0.1587586,0.035169657,0.8738590740406585,1.0,0.13095238095238096
AC005034.5,0.15872453,2.06399,0.8738859105686756,1.0,0.011904761904761904
SLC22A31,0.1586564,2.5264986,0.8739395840599417,1.0,0.011904761904761904
AC138932.5,0.1586564,1.9137926,0.8739395840599417,1.0,0.011904761904761904
VAC14-AS1,0.1586564,1.8640143,0.8739395840599417,1.0,0.011904761904761904
REV3L-IT1,0.15858829,1.6958241,0.8739932581313145,1.0,0.011904761904761904
NIPAL1,0.1584861,0.5124823,0.8740737703255428,1.0,0.05952380952380952
RBM26-AS1,0.15845205,0.29529178,0.8741006080134092,1.0,0.03571428571428571
KIF4A,0.15845205,0.15735401,0.8741006080134092,1.0,0.14285714285714285
PRPF18,0.15807737,0.11567184,0.8743958321330039,1.0,0.19047619047619047
SHC1,0.15794113,0.030667402,0.8745031906957557,1.0,0.75
SMC4,0.157873,0.023152463,0.8745568708435882,1.0,0.25
AKAP5,0.15783894,0.31807637,0.8745837111340125,1.0,0.023809523809523808
SUMO1,0.15763457,0.020832798,0.8747447559057554,1.0,0.7261904761904762
THOP1,0.15756646,0.23015453,0.8747984386495877,1.0,0.13095238095238096
EMSY,0.15749833,0.091287404,0.874852121969641,1.0,0.13095238095238096
PANX2,0.15736209,0.52500075,0.8749594903374379,1.0,0.047619047619047616
TIMM8A,0.15729396,0.19674052,0.8750131753846958,1.0,0.19047619047619047
TRIM2,0.15695335,0.14940429,0.8752816092448603,1.0,0.09523809523809523
CDC123,0.1569193,9.561083e-05,0.8753084534206748,1.0,0.5119047619047619
TASP1,0.15688524,0.10395833,0.8753352977399673,1.0,0.11904761904761904
SRP14-AS1,0.15681711,0.03652829,0.8753889868088653,1.0,0.08333333333333333
LGALS1,0.156749,0.013853833,0.8754426764513115,1.0,1.0
GPRC5A,0.15671493,0.05491306,0.875469521487539,1.0,0.2857142857142857
GRTP1,0.15668087,0.2900534,0.8754963666670624,1.0,0.023809523809523808
LNCOG,0.15651056,0.057842992,0.8756305947130543,1.0,0.10714285714285714
CDC42BPB,0.1564765,0.04930971,0.8756574407517149,1.0,0.5357142857142857
AC036214.1,0.15644243,3.8232174,0.8756842869334588,1.0,0.011904761904761904
LINC01722,0.15644243,3.6518836,0.8756842869334588,1.0,0.011904761904761904
AC159540.2,0.15644243,3.444004,0.8756842869334588,1.0,0.011904761904761904
ZMYND10,0.15637432,3.2248526,0.8757379797260745,1.0,0.011904761904761904
AC005332.1,0.15637432,3.3593867,0.8757379797260745,1.0,0.011904761904761904
AC009041.4,0.15630619,2.9988825,0.8757916730906583,1.0,0.011904761904761904
AL356234.3,0.15630619,2.72385,0.8757916730906583,1.0,0.011904761904761904
UBQLNL,0.15630619,3.0554583,0.8757916730906583,1.0,0.011904761904761904
AC092919.1,0.15630619,2.7641435,0.8757916730906583,1.0,0.011904761904761904
AL161443.1,0.15616995,2.7633674,0.8758990615347583,1.0,0.011904761904761904
TMEM236,0.15616995,2.6533794,0.8758990615347583,1.0,0.011904761904761904
AL662844.4,0.15616995,2.7829838,0.8758990615347583,1.0,0.011904761904761904
SLC16A12,0.15616995,2.9550729,0.8758990615347583,1.0,0.011904761904761904
BTG3-AS1,0.15610182,2.4755037,0.8759527566137881,1.0,0.011904761904761904
LINC01672,0.15610182,2.5559998,0.8759527566137881,1.0,0.011904761904761904
LINC02323,0.15603371,2.3134406,0.8760064522638138,1.0,0.011904761904761904
DARS-AS1,0.15603371,2.4502766,0.8760064522638138,1.0,0.011904761904761904
SCUBE2,0.15603371,2.357763,0.8760064522638138,1.0,0.011904761904761904
TCF23,0.15603371,2.3454642,0.8760064522638138,1.0,0.011904761904761904
LGALS4,0.15603371,2.4995685,0.8760064522638138,1.0,0.011904761904761904
AL009176.1,0.15596558,2.3321435,0.8760601484845922,1.0,0.011904761904761904
CLDN34,0.15596558,2.364081,0.8760601484845922,1.0,0.011904761904761904
AC005052.2,0.15596558,2.4112706,0.8760601484845922,1.0,0.011904761904761904
GPR52,0.15596558,2.2981021,0.8760601484845922,1.0,0.011904761904761904
AL035420.2,0.15596558,2.3331165,0.8760601484845922,1.0,0.011904761904761904
AL031848.2,0.15589747,2.2591357,0.8761138452758802,1.0,0.011904761904761904
LBP,0.15582934,2.2323215,0.8761675426374346,1.0,0.011904761904761904
P2RY2,0.15582934,2.2120342,0.8761675426374346,1.0,0.011904761904761904
PCDHB1,0.15582934,2.1802902,0.8761675426374346,1.0,0.011904761904761904
AL583810.1,0.15576121,1.555026,0.8762212405690123,1.0,0.011904761904761904
CCDC17,0.15576121,2.2297695,0.8762212405690123,1.0,0.011904761904761904
AL592148.3,0.15572716,-0.12018404,0.8762480897484839,1.0,0.047619047619047616
BOK,0.15572716,0.049767185,0.8762480897484839,1.0,0.14285714285714285
RASSF1-AS1,0.1556931,1.8389748,0.8762749390703701,1.0,0.011904761904761904
SPAST,0.15565903,0.012715033,0.8763017885346407,1.0,0.16666666666666666
CRYZ,0.15565903,0.064339496,0.8763017885346407,1.0,0.11904761904761904
BCOR,0.15565903,0.5448495,0.8763017885346407,1.0,0.047619047619047616
SENP8,0.1555228,0.1948703,0.8764091878149574,1.0,0.03571428571428571
NSMCE4A,0.15535249,0.0025386016,0.8765434401153515,1.0,0.27380952380952384
IFITM2,0.15531842,0.008221319,0.8765702910017927,1.0,1.0
SF3A2,0.15514812,0.24060747,0.8767045475641393,1.0,0.13095238095238096
C12orf29,0.15514812,0.10837188,0.8767045475641393,1.0,0.20238095238095238
FNIP2,0.15511405,0.017196836,0.8767313993024239,1.0,0.17857142857142858
COMMD4,0.15490969,0.1036615,0.8768925127102842,1.0,0.2857142857142857
CDK10,0.15487564,0.0025299652,0.8769193654410026,1.0,0.16666666666666666
AL604028.1,0.15470533,0.24533802,0.8770536312188064,1.0,0.023809523809523808
SCARF2,0.15470533,0.83025765,0.8770536312188064,1.0,0.023809523809523808
SFSWAP,0.15453503,-0.009994422,0.8771879005341754,1.0,0.39285714285714285
CDKN2D,0.15450096,0.06465823,0.8772147548214224,1.0,0.13095238095238096
AL627171.2,0.15436472,0.08235246,0.8773221733833083,1.0,0.21428571428571427
GRB10,0.15436472,0.037622355,0.8773221733833083,1.0,0.3333333333333333
DTX2,0.15422846,0.08873572,0.8774295942043702,1.0,0.05952380952380952
MTREX,0.15419441,0.07740786,0.8774564497624038,1.0,0.2857142857142857
LINC01023,0.15409222,0.62197745,0.8775370172826614,1.0,0.023809523809523808
CAMKK1,0.15388785,0.124157175,0.8776981561281453,1.0,0.047619047619047616
SGK1,0.1538538,-0.0061251265,0.8777250130952743,1.0,0.3333333333333333
ZNF768,0.15378568,0.10336475,0.8777787274517288,1.0,0.08333333333333333
TNK2,0.15375161,0.028909948,0.8778055848409932,1.0,0.09523809523809523
AC019080.5,0.15361537,3.2067304,0.877913015804257,1.0,0.011904761904761904
AC092332.1,0.15361537,3.1303816,0.877913015804257,1.0,0.011904761904761904
FAM166A,0.15354726,2.9966953,0.8779667321291862,1.0,0.011904761904761904
DIXDC1,0.1535132,0.07285894,0.8779935905023687,1.0,0.4523809523809524
AL139407.1,0.15347913,2.7424693,0.8780204490159892,1.0,0.011904761904761904
TMTC2,0.15347913,0.20556599,0.8780204490159892,1.0,0.047619047619047616
AP1M1,0.15344507,0.067836344,0.8780473076700173,1.0,0.25
PARD6B,0.153411,2.604772,0.8780741664644225,1.0,0.011904761904761904
C2orf81,0.153411,2.4511924,0.8780741664644225,1.0,0.011904761904761904
TPCN2,0.15337695,0.6238403,0.8781010253991745,1.0,0.03571428571428571
AC011043.1,0.15334289,2.6828914,0.8781278844742427,1.0,0.011904761904761904
WDR5B,0.15327476,0.2307098,0.8781816030452064,1.0,0.03571428571428571
AL353708.1,0.15327476,2.2756708,0.8781816030452064,1.0,0.011904761904761904
AC095350.1,0.15320665,2.2847507,0.8782353221770702,1.0,0.011904761904761904
HAUS2,0.15320665,0.3085098,0.8782353221770702,1.0,0.15476190476190477
AC026741.1,0.15313852,2.2816293,0.8782890418695908,1.0,0.011904761904761904
AL355297.4,0.15313852,2.2008903,0.8782890418695908,1.0,0.011904761904761904
PHACTR4,0.15310445,0.0496728,0.8783159019260212,1.0,0.4166666666666667
CTXN2,0.15307039,2.0790608,0.8783427621225244,1.0,0.011904761904761904
ZBTB7A,0.15307039,-0.019399768,0.8783427621225244,1.0,0.4642857142857143
IGF2,0.15307039,2.1933525,0.8783427621225244,1.0,0.011904761904761904
PFKL,0.15307039,0.10251427,0.8783427621225244,1.0,0.30952380952380953
MCIDAS,0.15300228,2.0449545,0.8783964829356278,1.0,0.011904761904761904
PYCARD-AS1,0.15300228,1.9521017,0.8783964829356278,1.0,0.011904761904761904
AL022476.1,0.15300228,2.1350098,0.8783964829356278,1.0,0.011904761904761904
AL158151.1,0.15300228,2.1187687,0.8783964829356278,1.0,0.011904761904761904
ELL3,0.15300228,2.020111,0.8783964829356278,1.0,0.011904761904761904
LINC02603,0.15300228,2.0970266,0.8783964829356278,1.0,0.011904761904761904
AC011446.1,0.15293415,2.127688,0.8784502043086574,1.0,0.011904761904761904
PCDHGB2,0.15293415,1.9504141,0.8784502043086574,1.0,0.011904761904761904
PLN,0.15293415,2.0071182,0.8784502043086574,1.0,0.011904761904761904
CCR4,0.15286604,1.5589287,0.8785039262413699,1.0,0.011904761904761904
AC096708.3,0.15286604,1.8571584,0.8785039262413699,1.0,0.011904761904761904
AC004943.2,0.15279791,0.53431857,0.8785576487335217,1.0,0.023809523809523808
ACAT1,0.15259354,0.10150805,0.8787188195641784,1.0,0.5238095238095238
BAD,0.15255947,0.030651458,0.8787456818581225,1.0,0.44047619047619047
CACNA2D1,0.15242323,0.024423907,0.878853132429454,1.0,0.23809523809523808
BTG3,0.15242323,0.05124576,0.878853132429454,1.0,0.36904761904761907
SLC37A4,0.15238917,-0.018323926,0.8788799954210232,1.0,0.09523809523809523
PHKA2,0.15235512,0.23792951,0.8789068585520262,1.0,0.05952380952380952
PHF10,0.15232106,0.044637907,0.8789337218224326,1.0,0.2261904761904762
AP005329.3,0.15225293,0.7702657,0.8789874487813331,1.0,0.023809523809523808
AL117336.2,0.15225293,1.1155438,0.8789874487813331,1.0,0.023809523809523808
CTBP1-AS,0.15204856,0.8756486,0.8791486330005467,1.0,0.023809523809523808
SEMA4C,0.15204856,0.23034637,0.8791486330005467,1.0,0.047619047619047616
DNAJC14,0.1518442,0.19617641,0.8793098222284137,1.0,0.07142857142857142
HEATR6,0.1518442,0.14841047,0.8793098222284137,1.0,0.13095238095238096
TMUB2,0.15177608,0.124151975,0.8793635530829333,1.0,0.15476190476190477
P4HA3,0.15170795,-0.04984235,0.8794172844929957,1.0,0.07142857142857142
CEP152,0.1515717,0.09503225,0.8795247489787741,1.0,0.08333333333333333
ELF1,0.1515717,-0.011285901,0.8795247489787741,1.0,0.4166666666666667
BRCC3,0.15153764,0.039036423,0.8795516154470523,1.0,0.13095238095238096
STX3,0.15126516,-0.017192453,0.8797665521829295,1.0,0.10714285714285714
ABAT,0.15112892,0.33461922,0.8798740238741356,1.0,0.03571428571428571
GTDC1,0.15109485,0.12918691,0.8799008921427809,1.0,0.09523809523809523
TIMM13,0.15106079,0.032336473,0.8799277605497027,1.0,0.8809523809523809
BRMS1L,0.15095861,0.076303415,0.880008366599823,1.0,0.10714285714285714
AL161430.1,0.1507883,3.2658982,0.8801427127793784,1.0,0.011904761904761904
AL359878.1,0.1507883,3.1158073,0.8801427127793784,1.0,0.011904761904761904
AC010998.2,0.1507883,2.8902953,0.8801427127793784,1.0,0.011904761904761904
AC005476.2,0.15072018,2.6829717,0.8801964522174308,1.0,0.011904761904761904
AC096711.2,0.15072018,3.1714582,0.8801964522174308,1.0,0.011904761904761904
AL024508.2,0.15065207,2.5406215,0.8802501922072491,1.0,0.011904761904761904
AC117461.1,0.15065207,2.8078198,0.8802501922072491,1.0,0.011904761904761904
UFD1,0.150618,0.017761016,0.8802770624089943,1.0,0.40476190476190477
AC116158.3,0.150618,1.0004588,0.8802770624089943,1.0,0.023809523809523808
AC064807.4,0.15058394,2.5363781,0.8803039327485895,1.0,0.011904761904761904
DBF4,0.15058394,-0.007061804,0.8803039327485895,1.0,0.23809523809523808
DUSP2,0.15051581,2.300595,0.8803576738412086,1.0,0.011904761904761904
KLHL22,0.15051581,0.2928919,0.8803576738412086,1.0,0.05952380952380952
EFHB,0.15051581,2.741176,0.8803576738412086,1.0,0.011904761904761904
UGGT2,0.15048176,0.09354266,0.8803845445941714,1.0,0.25
BX004987.1,0.1504477,2.3813727,0.8804114154848623,1.0,0.011904761904761904
AC080013.3,0.15037957,2.3340988,0.880465157679307,1.0,0.011904761904761904
PICART1,0.15037957,2.3604097,0.880465157679307,1.0,0.011904761904761904
AC027612.5,0.15037957,2.3586562,0.880465157679307,1.0,0.011904761904761904
AC093503.1,0.15037957,2.138527,0.880465157679307,1.0,0.011904761904761904
GPR18,0.15031146,2.1192627,0.880518900424299,1.0,0.011904761904761904
LINC01091,0.15024333,2.129839,0.8805726437195945,1.0,0.011904761904761904
FAM78A,0.15024333,2.220603,0.8805726437195945,1.0,0.011904761904761904
AL683813.1,0.15020926,0.031673316,0.8805995155735299,1.0,0.07142857142857142
ASNSD1,0.1501752,0.22262873,0.8806263875649497,1.0,0.15476190476190477
AL139384.1,0.1501752,1.9185379,0.8806263875649497,1.0,0.011904761904761904
SMPDL3B,0.1501752,2.007323,0.8806263875649497,1.0,0.011904761904761904
AC008780.1,0.1501752,1.9995385,0.8806263875649497,1.0,0.011904761904761904
CCDC62,0.1501752,2.2308462,0.8806263875649497,1.0,0.011904761904761904
HIST1H4D,0.15010709,2.0072465,0.8806801319601208,1.0,0.011904761904761904
ZNF503-AS2,0.15003896,2.070528,0.880733876904864,1.0,0.011904761904761904
ZNF610,0.15003896,2.1364543,0.880733876904864,1.0,0.011904761904761904
KLF5,0.15003896,1.7215776,0.880733876904864,1.0,0.011904761904761904
BCCIP,0.14997084,0.107983276,0.8807876223989357,1.0,0.35714285714285715
AL160408.2,0.14990272,1.7803756,0.8808413684420918,1.0,0.011904761904761904
SNHG5,0.14983459,0.0058371658,0.8808951150340888,1.0,0.9880952380952381
SRFBP1,0.14976647,0.055683628,0.8809488621746826,1.0,0.2261904761904762
RASSF8-AS1,0.14966428,0.19236301,0.8810294839136593,1.0,0.15476190476190477
GLCE,0.1495621,0.02510559,0.8811101068856075,1.0,0.39285714285714285
PPP1R12C,0.14945993,0.21294379,0.8811907310897044,1.0,0.11904761904761904
AGPAT2,0.14945993,0.1512885,0.8811907310897044,1.0,0.09523809523809523
PI4KB,0.14942586,0.15456359,0.8812176060980719,1.0,0.14285714285714285
PLEKHA4,0.14918743,0.12833586,0.8814057349848743,1.0,0.05952380952380952
WAC-AS1,0.14911932,0.022239095,0.8814594873249773,1.0,0.23809523809523808
FIBP,0.14905119,0.0036605007,0.8815132402111167,1.0,0.6190476190476191
KLHL3,0.14888088,0.95025206,0.8816476248137737,1.0,0.03571428571428571
CCDC124,0.1487787,0.0038289998,0.8817282572111601,1.0,0.5595238095238095
BBS12,0.1486084,0.5028656,0.8818626472638149,1.0,0.03571428571428571
MITD1,0.14854027,0.13528416,0.8819164042374523,1.0,0.30952380952380953
HEXD,0.1483359,0.2592998,0.8820776784211671,1.0,0.08333333333333333
AL450326.3,0.14796123,3.0142224,0.882373360451251,1.0,0.011904761904761904
AC010632.2,0.14796123,1.268956,0.882373360451251,1.0,0.023809523809523808
AC011611.4,0.14789312,2.8515484,0.8824271225826861,1.0,0.011904761904761904
FBXO40,0.14782499,2.5114338,0.8824808852557663,1.0,0.011904761904761904
AC006064.2,0.14782499,2.9376137,0.8824808852557663,1.0,0.011904761904761904
AC104695.4,0.14775687,0.45940134,0.8825346484702474,1.0,0.023809523809523808
HIST1H2BG,0.14768875,2.3560286,0.8825884122258855,1.0,0.011904761904761904
ZNF75A,0.14768875,0.31454092,0.8825884122258855,1.0,0.08333333333333333
TTLL6,0.14768875,2.4917066,0.8825884122258855,1.0,0.011904761904761904
AL162424.1,0.14762062,2.3810892,0.8826421765224364,1.0,0.011904761904761904
AC027237.2,0.14762062,2.4074578,0.8826421765224364,1.0,0.011904761904761904
NAA50,0.14758657,-0.019006744,0.8826690588734779,1.0,0.32142857142857145
SESTD1,0.14758657,0.23421714,0.8826690588734779,1.0,0.15476190476190477
FAM110A,0.14751844,0.14285047,0.8827228239809406,1.0,0.05952380952380952
SPECC1L,0.14748438,0.050180655,0.8827497067373007,1.0,0.2857142857142857
AC024337.2,0.14748438,2.014515,0.8827497067373007,1.0,0.011904761904761904
HSD17B6,0.14748438,2.1367693,0.8827497067373007,1.0,0.011904761904761904
ZFP3,0.14748438,2.1753743,0.8827497067373007,1.0,0.011904761904761904
LAMA2,0.14748438,2.1173806,0.8827497067373007,1.0,0.011904761904761904
AC009065.8,0.14748438,2.1320534,0.8827497067373007,1.0,0.011904761904761904
AC004982.2,0.14748438,2.155228,0.8827497067373007,1.0,0.011904761904761904
MYLPF,0.14748438,2.2110941,0.8827497067373007,1.0,0.011904761904761904
TMEM52,0.14748438,0.8281663,0.8827497067373007,1.0,0.023809523809523808
AC073349.1,0.14741626,2.0734007,0.8828034726551258,1.0,0.011904761904761904
GPR146,0.14741626,2.0585837,0.8828034726551258,1.0,0.011904761904761904
AC138028.4,0.14741626,2.0601192,0.8828034726551258,1.0,0.011904761904761904
AC019077.1,0.14741626,1.9599296,0.8828034726551258,1.0,0.011904761904761904
PBDC1,0.1473822,-0.03810681,0.8828303558165299,1.0,0.35714285714285715
TEAD2,0.1473822,0.072498515,0.8828303558165299,1.0,0.15476190476190477
CABCOCO1,0.14734814,2.0509496,0.8828572391128876,1.0,0.011904761904761904
AC010326.3,0.14734814,2.201141,0.8828572391128876,1.0,0.011904761904761904
HIST1H2AC,0.14734814,0.46319464,0.8828572391128876,1.0,0.023809523809523808
TCP10L,0.14734814,1.8000813,0.8828572391128876,1.0,0.011904761904761904
RPH3AL,0.14728002,0.050231967,0.8829110061103419,1.0,0.2261904761904762
HIPK1-AS1,0.1472119,1.8104005,0.8829647736472446,1.0,0.011904761904761904
RENBP,0.14714377,1.5516114,0.8830185417233516,1.0,0.011904761904761904
LINC00911,0.14714377,1.4401919,0.8830185417233516,1.0,0.011904761904761904
DHFR2,0.14710972,0.8830149,0.8830454259635304,1.0,0.03571428571428571
IGFBP6,0.14700752,0.047834616,0.883126079492202,1.0,0.5238095238095238
AC005037.1,0.14700752,1.3403986,0.883126079492202,1.0,0.011904761904761904
AC078850.2,0.14700752,1.1099507,0.883126079492202,1.0,0.011904761904761904
PRMT9,0.14687128,0.16502054,0.8832336194149402,1.0,0.08333333333333333
AC090229.1,0.14687128,0.7103201,0.8832336194149402,1.0,0.03571428571428571
NLRC3,0.14625819,0.73219746,0.8837175756692522,1.0,0.023809523809523808
BCL7A,0.146156,0.07797584,0.8837982392690936,1.0,0.21428571428571427
TM9SF1,0.146156,0.046017054,0.8837982392690936,1.0,0.34523809523809523
PRKACA,0.14608788,-0.013822468,0.8838520156716467,1.0,0.2619047619047619
SCUBE1,0.14584945,0.3578193,0.884040237293487,1.0,0.047619047619047616
ANKIB1,0.14567915,-0.022710422,0.8841746853171026,1.0,0.38095238095238093
ZNF710-AS1,0.14550884,0.31435412,0.8843091366764054,1.0,0.023809523809523808
SRP72,0.14550884,0.033319563,0.8843091366764054,1.0,0.7023809523809523
PNRC1,0.14530447,0.03169088,0.8844704827053018,1.0,0.40476190476190477
TPGS2,0.1452704,0.01523813,0.8844973741761166,1.0,0.5119047619047619
AC089998.1,0.14513417,2.6531026,0.8846049413896807,1.0,0.011904761904761904
TRAPPC12-AS1,0.14513417,2.8338823,0.8846049413896807,1.0,0.011904761904761904
AC027020.2,0.14506605,2.5204973,0.8846587257942182,1.0,0.011904761904761904
ZBTB12,0.14506605,2.5679913,0.8846587257942182,1.0,0.011904761904761904
ARID3B,0.14503199,0.048391294,0.8846856181958189,1.0,0.05952380952380952
OBSL1,0.14486168,2.4472833,0.8848200821959206,1.0,0.011904761904761904
PHOSPHO1,0.14486168,2.2452765,0.8848200821959206,1.0,0.011904761904761904
AC011933.2,0.14486168,2.1746821,0.8848200821959206,1.0,0.011904761904761904
AL627309.5,0.14479356,2.1513867,0.8848738687250367,1.0,0.011904761904761904
JAZF1-AS1,0.14479356,2.2051873,0.8848738687250367,1.0,0.011904761904761904
AQP7,0.14472544,2.2577066,0.8849276557846867,1.0,0.011904761904761904
STMND1,0.14472544,2.2074249,0.8849276557846867,1.0,0.011904761904761904
AC097500.1,0.14465731,2.0946794,0.884981443374626,1.0,0.011904761904761904
SMIM11B,0.14465731,2.0530233,0.884981443374626,1.0,0.011904761904761904
RORA-AS1,0.14465731,2.0552685,0.884981443374626,1.0,0.011904761904761904
LINC01063,0.14462325,0.84501827,0.8850083373683779,1.0,0.023809523809523808
AC004584.3,0.14458919,1.8994807,0.8850352314946104,1.0,0.011904761904761904
ANKZF1,0.14452107,0.27182418,0.8850890201443954,1.0,0.10714285714285714
AC046143.1,0.14448701,0.26843148,0.8851159146678867,1.0,0.047619047619047616
KCNN4,0.14445294,1.8659105,0.8851428093237366,1.0,0.011904761904761904
PCSK1N,0.14445294,1.666992,0.8851428093237366,1.0,0.011904761904761904
MYT1L,0.14445294,1.8938076,0.8851428093237366,1.0,0.011904761904761904
AC011445.2,0.14438483,1.4501821,0.8851965990323897,1.0,0.011904761904761904
LINC00461,0.14438483,1.896443,0.8851965990323897,1.0,0.011904761904761904
PTAFR,0.14438483,1.8082981,0.8851965990323897,1.0,0.011904761904761904
AC104596.1,0.14438483,1.8351507,0.8851965990323897,1.0,0.011904761904761904
AL109615.3,0.14438483,1.8136171,0.8851965990323897,1.0,0.011904761904761904
EDRF1,0.14435077,0.012887852,0.8852234940851317,1.0,0.10714285714285714
AF129075.1,0.1443167,1.7649395,0.88525038927011,1.0,0.011904761904761904
AL022157.1,0.1443167,1.715981,0.88525038927011,1.0,0.011904761904761904
AC083806.2,0.1443167,1.6047703,0.88525038927011,1.0,0.011904761904761904
C9orf139,0.14424857,1.5845264,0.8853041800366535,1.0,0.011904761904761904
AC009093.1,0.14424857,1.7645168,0.8853041800366535,1.0,0.011904761904761904
FAM27C,0.14421453,0.066879824,0.8853310756181574,1.0,0.14285714285714285
AC011455.6,0.14418046,1.5919079,0.8853579713317755,1.0,0.011904761904761904
AP002336.1,0.14418046,1.4799893,0.8853579713317755,1.0,0.011904761904761904
AL162431.1,0.14411233,1.2660652,0.8854117631552316,1.0,0.011904761904761904
TSTD2,0.14401016,0.27952597,0.8854924518805075,1.0,0.08333333333333333
SPRTN,0.14397609,-0.10216207,0.8855193483861685,1.0,0.15476190476190477
AVL9,0.14394203,0.08942811,0.8855462450237296,1.0,0.20238095238095238
GLIDR,0.14383985,0.10843552,0.8856269357275085,1.0,0.05952380952380952
MRPS27,0.14380579,0.025324466,0.8856538328923648,1.0,0.30952380952380953
BCL2L2,0.14380579,0.23677893,0.8856538328923648,1.0,0.08333333333333333
CREB3L1,0.14380579,0.2997409,0.8856538328923648,1.0,0.09523809523809523
FASTKD2,0.14373766,0.22085533,0.885707627617289,1.0,0.17857142857142858
CMC2,0.14360142,0.035533197,0.8858152186471285,1.0,0.4166666666666667
RNF216,0.14332893,0.0058039455,0.8860304070199252,1.0,0.30952380952380953
RGS5,0.14329487,0.33481625,0.8860573061577836,1.0,0.03571428571428571
ARHGAP11A,0.1432608,0.23411538,0.8860842054269309,1.0,0.07142857142857142
C20orf96,0.1430905,0.044269573,0.886218703740932,1.0,0.16666666666666666
ZDHHC6,0.14305644,0.12482534,0.8862456037971712,1.0,0.13095238095238096
PANK1,0.14261365,0.12035927,0.8865953164449758,1.0,0.05952380952380952
DENND5B,0.14247741,0.17157319,0.8867029247827627,1.0,0.14285714285714285
PBX2,0.14240928,0.053007543,0.88675672973511,1.0,0.13095238095238096
NBPF12,0.14237522,0.9198424,0.88678363240704,1.0,0.023809523809523808
C21orf58,0.1423071,0.22252801,0.8868374381422599,1.0,0.05952380952380952
RAB3IP,0.14227304,-0.14371364,0.8868643412054886,1.0,0.17857142857142858
BX322234.1,0.14223897,2.6173744,0.8868912443990892,1.0,0.011904761904761904
FAM216A,0.14223897,0.16368534,0.8868912443990892,1.0,0.2261904761904762
AP000781.1,0.14217086,2.6024914,0.8869450511772832,1.0,0.011904761904761904
AC125437.3,0.14217086,2.570286,0.8869450511772832,1.0,0.011904761904761904
LINC01001,0.14217086,2.529707,0.8869450511772832,1.0,0.011904761904761904
AC023830.2,0.14217086,2.3981597,0.8869450511772832,1.0,0.011904761904761904
ERN1,0.14210273,0.14038205,0.8869988584765973,1.0,0.07142857142857142
GTSF1,0.14210273,2.4060795,0.8869988584765973,1.0,0.011904761904761904
C8orf86,0.14210273,2.5513875,0.8869988584765973,1.0,0.011904761904761904
AC007950.2,0.14210273,2.339223,0.8869988584765973,1.0,0.011904761904761904
MAIP1,0.14210273,0.62140524,0.8869988584765973,1.0,0.09523809523809523
C11orf68,0.14206867,-0.016344326,0.8870257623215979,1.0,0.19047619047619047
AC103702.2,0.1420346,2.0777214,0.8870526662967868,1.0,0.011904761904761904
UBE2R2-AS1,0.1420346,2.3483431,0.8870526662967868,1.0,0.011904761904761904
CFAP74,0.1420346,2.1291275,0.8870526662967868,1.0,0.011904761904761904
TMEM202-AS1,0.14196649,2.1407247,0.8871064746376071,1.0,0.011904761904761904
AC010542.2,0.14189836,0.43599293,0.8871602834988134,1.0,0.023809523809523808
AL391095.1,0.14189836,2.132334,0.8871602834988134,1.0,0.011904761904761904
FLNB-AS1,0.14189836,2.1509573,0.8871602834988134,1.0,0.011904761904761904
LINC01088,0.14183025,1.9564805,0.8872140928801611,1.0,0.011904761904761904
PRRT1,0.14183025,2.1900578,0.8872140928801611,1.0,0.011904761904761904
LINC01611,0.14183025,2.1453843,0.8872140928801611,1.0,0.011904761904761904
AC093849.2,0.14176212,2.078755,0.8872679027814055,1.0,0.011904761904761904
AARS2,0.14176212,0.08667317,0.8872679027814055,1.0,0.07142857142857142
GRAMD1B,0.14172806,0.059923396,0.8872948079269126,1.0,0.05952380952380952
TMEM59L,0.141694,1.9075738,0.8873217132023021,1.0,0.011904761904761904
MAPK15,0.14155775,1.9001695,0.8874293356020724,1.0,0.011904761904761904
AC004908.3,0.14155775,1.8442247,0.8874293356020724,1.0,0.011904761904761904
AL122035.2,0.14148964,1.8080286,0.8874831475804568,1.0,0.011904761904761904
SRCIN1,0.14148964,1.331305,0.8874831475804568,1.0,0.011904761904761904
AC008453.2,0.14148964,1.4970196,0.8874831475804568,1.0,0.011904761904761904
AL031587.3,0.14142151,1.6502209,0.8875369600775144,1.0,0.011904761904761904
DET1,0.14142151,0.21042433,0.8875369600775144,1.0,0.03571428571428571
SOX15,0.14128527,1.3038272,0.8876445866266702,1.0,0.011904761904761904
REEP5,0.14121714,0.022121074,0.8876984006782791,1.0,0.6785714285714286
MAP3K12,0.14104684,0.20104744,0.8878329380716781,1.0,0.11904761904761904
AL358115.1,0.14080842,0.4882257,0.8880212958509446,1.0,0.03571428571428571
ZNF410,0.14070623,0.22502129,0.8881020225499454,1.0,0.10714285714285714
ALG10,0.14033157,0.701268,0.8883980303702724,1.0,0.023809523809523808
SAMD14,0.1402975,0.04200611,0.8884249409445003,1.0,0.03571428571428571
STRADB,0.140025,0.09536982,0.888640230165257,1.0,0.17857142857142858
KLF13,0.13999096,0.009005884,0.8886671418957591,1.0,0.23809523809523808
ZNF561,0.13992283,0.2608354,0.8887209657416987,1.0,0.05952380952380952
TMEM79,0.1398547,0.97925824,0.8887747901006808,1.0,0.023809523809523808
DLEU2,0.13978659,0.24718614,0.8888286149724608,1.0,0.07142857142857142
NELFB,0.13975252,0.14911671,0.8888555276005735,1.0,0.20238095238095238
NTMT1,0.13971846,-0.033938203,0.8888824403567938,1.0,0.39285714285714285
RAET1G,0.13965034,0.20684677,0.8889362662534346,1.0,0.023809523809523808
ZNF143,0.13951409,0.29179603,0.8890439195826606,1.0,0.10714285714285714
HS3ST1,0.13951409,0.8856166,0.8890439195826606,1.0,0.023809523809523808
LINC02154,0.13948004,2.9677,0.889070833234777,1.0,0.011904761904761904
PLAC8L1,0.13941191,2.4521916,0.889124660922567,1.0,0.011904761904761904
AC009754.1,0.13941191,2.7112987,0.889124660922567,1.0,0.011904761904761904
UQCRH,0.13937785,0.006072358,0.8891515749581796,1.0,0.9761904761904762
GSDMD,0.13937785,0.012389893,0.8891515749581796,1.0,0.2976190476190476
MT1G,0.13937785,1.2235218,0.8891515749581796,1.0,0.023809523809523808
SH2D5,0.13934378,2.3457398,0.8891784891215629,1.0,0.011904761904761904
AL136984.1,0.13927567,2.1705823,0.8892323178315198,1.0,0.011904761904761904
AC087239.1,0.1392416,-0.018562997,0.889259232378032,1.0,0.023809523809523808
LSP1,0.13920754,2.1505792,0.8892861470521926,1.0,0.011904761904761904
AC006460.2,0.13920754,2.1563969,0.8892861470521926,1.0,0.011904761904761904
TTLL9,0.13913943,2.146766,0.8893399767833362,1.0,0.011904761904761904
AL449363.2,0.1390713,2.0535939,0.889393807024706,1.0,0.011904761904761904
ARG2,0.13903724,0.058841396,0.889420722336649,1.0,0.07142857142857142
ATL2,0.13903724,0.14259225,0.889420722336649,1.0,0.09523809523809523
NUP214,0.13900317,0.047320858,0.8894476377760567,1.0,0.15476190476190477
AC068234.2,0.13893506,2.0007668,0.8895014690371436,1.0,0.011904761904761904
GCC2-AS1,0.13893506,1.979009,0.8895014690371436,1.0,0.011904761904761904
LINC02643,0.13893506,1.9673574,0.8895014690371436,1.0,0.011904761904761904
AC005288.1,0.13886693,1.8100593,0.8895553008077215,1.0,0.011904761904761904
AC092849.3,0.13886693,1.9968175,0.8895553008077215,1.0,0.011904761904761904
LINC01503,0.13879882,1.7121409,0.8896091330875454,1.0,0.011904761904761904
PLEKHG4B,0.13873069,1.5989215,0.8896629658763705,1.0,0.011904761904761904
AL136295.17,0.13873069,1.6405897,0.8896629658763705,1.0,0.011904761904761904
PTP4A3,0.13866256,0.008994684,0.8897167991739516,1.0,0.05952380952380952
NR2F2-AS1,0.13862851,0.11854033,0.8897437160134491,1.0,0.13095238095238096
OGFR,0.13862851,0.00851077,0.8897437160134491,1.0,0.27380952380952384
ALOX5AP,0.13852632,1.2017577,0.8898244672944021,1.0,0.011904761904761904
CLTRN,0.13852632,1.5568163,0.8898244672944021,1.0,0.011904761904761904
PID1,0.13852632,1.6606369,0.8898244672944021,1.0,0.011904761904761904
TOP2A,0.13849226,0.105585076,0.8898513846421043,1.0,0.14285714285714285
RYR3,0.1384582,1.3726915,0.8898783021167813,1.0,0.011904761904761904
ARHGAP5-AS1,0.13842414,0.71411073,0.8899052197184022,1.0,0.023809523809523808
NEK5,0.13842414,0.71133775,0.8899052197184022,1.0,0.023809523809523808
RHBDL2,0.13832195,1.3506521,0.8899859732846227,1.0,0.011904761904761904
AC026341.2,0.13832195,1.1229151,0.8899859732846227,1.0,0.011904761904761904
ZC3H11B,0.13832195,0.85637826,0.8899859732846227,1.0,0.011904761904761904
EGFL8,0.1381176,0.2394178,0.8901474838404162,1.0,0.03571428571428571
MANEA-DT,0.13808353,0.6587808,0.8901744027097923,1.0,0.047619047619047616
ZC3H4,0.13804947,0.03542827,0.8902013217057755,1.0,0.13095238095238096
ZNF529,0.1380154,0.6850551,0.8902282408283351,1.0,0.047619047619047616
SLC30A4,0.13798134,0.45925924,0.8902551600774404,1.0,0.05952380952380952
RNF121,0.13798134,0.044807725,0.8902551600774404,1.0,0.20238095238095238
LRRC8C,0.13787916,0.016436296,0.8903359185837246,1.0,0.23809523809523808
TSHR,0.13787916,0.32963774,0.8903359185837246,1.0,0.023809523809523808
SPRED2,0.13781103,0.48324245,0.8903897582200814,1.0,0.05952380952380952
TMEM219,0.13777699,-0.020647515,0.890416678227818,1.0,0.6309523809523809
IQCH-AS1,0.13777699,0.66014284,0.890416678227818,1.0,0.03571428571428571
CLN5,0.13770886,0.0015722493,0.8904705186222543,1.0,0.25
HEBP1,0.1376748,0.090190195,0.890497439008893,1.0,0.4880952380952381
SRP9,0.13750449,0.045501843,0.890632042835064,1.0,0.7976190476190477
ZFAND1,0.13750449,0.016023071,0.890632042835064,1.0,0.35714285714285715
SFI1,0.13743638,0.1911337,0.8906858852483501,1.0,0.05952380952380952
PHOSPHO2,0.13740231,0.2592277,0.890712806644046,1.0,0.023809523809523808
SLC39A8,0.13733418,0.4452586,0.8907666498133896,1.0,0.03571428571428571
TNR,0.13726607,0.34651372,0.8908204934864652,1.0,0.03571428571428571
CEP78,0.13699357,0.034699015,0.8910358732111829,1.0,0.14285714285714285
NECTIN1,0.1368914,-0.097299844,0.8911166426816322,1.0,0.07142857142857142
TMEM18,0.1367892,0.058408808,0.8911974132818925,1.0,0.32142857142857145
ANKRD49,0.13672109,0.1865055,0.8912512609759967,1.0,0.09523809523809523
UBIAD1,0.13665296,0.016501907,0.8913051091716263,1.0,0.09523809523809523
ZNF737,0.13665296,2.554199,0.8913051091716263,1.0,0.011904761904761904
NPFF,0.13665296,0.15552644,0.8913051091716263,1.0,0.023809523809523808
CERNA1,0.13665296,2.5689316,0.8913051091716263,1.0,0.011904761904761904
FCN1,0.13658485,2.4391358,0.8913589578685358,1.0,0.011904761904761904
AL137781.1,0.13658485,2.5582495,0.8913589578685358,1.0,0.011904761904761904
AC016027.2,0.13651672,2.415883,0.8914128070664801,1.0,0.011904761904761904
AC096537.1,0.13651672,2.4357796,0.8914128070664801,1.0,0.011904761904761904
TNFRSF14-AS1,0.13651672,2.4136288,0.8914128070664801,1.0,0.011904761904761904
ARMC5,0.13651672,0.11360681,0.8914128070664801,1.0,0.047619047619047616
CEP63,0.13641454,-0.0012652061,0.8914935818023001,1.0,0.21428571428571427
AC090559.1,0.13638048,2.2647517,0.8915205069644918,1.0,0.011904761904761904
AC104984.5,0.13638048,2.1429217,0.8915205069644918,1.0,0.011904761904761904
AC110285.2,0.13631235,2.1504893,0.891574357664069,1.0,0.011904761904761904
KCTD21-AS1,0.13631235,0.5174119,0.891574357664069,1.0,0.047619047619047616
AL513534.2,0.13627829,0.60891837,0.891601283201393,1.0,0.03571428571428571
RFXANK,0.13627829,0.07074698,0.891601283201393,1.0,0.2857142857142857
AL133520.1,0.13624424,1.8864981,0.8916282088636999,1.0,0.011904761904761904
PCDHGB5,0.13624424,2.0754142,0.8916282088636999,1.0,0.011904761904761904
PLK4,0.13621017,0.71137834,0.8916551346509588,1.0,0.023809523809523808
LINC00562,0.13617611,0.8295786,0.8916820605631393,1.0,0.023809523809523808
USP33,0.13614205,-0.060846254,0.8917089866002106,1.0,0.34523809523809523
ZNF189,0.13614205,0.11486259,0.8917089866002106,1.0,0.07142857142857142
AC026124.2,0.13610798,1.7521322,0.8917359127621419,1.0,0.011904761904761904
HSPB8,0.13603987,1.7120184,0.8917897654604625,1.0,0.011904761904761904
RNASET2,0.13603987,0.004011032,0.8917897654604625,1.0,0.3333333333333333
VIL1,0.13597174,1.7793515,0.8918436186578559,1.0,0.011904761904761904
AC004797.1,0.13569926,1.700019,0.8920590364332501,1.0,0.011904761904761904
AC073840.1,0.13563113,1.5034753,0.8921128921223275,1.0,0.011904761904761904
AC012676.1,0.13563113,1.355227,0.8921128921223275,1.0,0.011904761904761904
GPR137,0.13563113,0.08170751,0.8921128921223275,1.0,0.09523809523809523
SATB2-AS1,0.13556302,0.30114514,0.8921667483090056,1.0,0.023809523809523808
AC005400.1,0.13556302,1.2496923,0.8921667483090056,1.0,0.011904761904761904
LAT2,0.13549489,1.2203088,0.8922206049930392,1.0,0.011904761904761904
SP4,0.13542676,0.11852871,0.892274462174183,1.0,0.047619047619047616
AL356756.1,0.13542676,1.3070844,0.892274462174183,1.0,0.011904761904761904
BACE1-AS,0.13535865,0.19115436,0.8923283198521917,1.0,0.047619047619047616
PGAM5,0.1352224,0.4126562,0.8924360366978222,1.0,0.09523809523809523
SPARC,0.13518834,0.036645513,0.892462966219387,1.0,1.0
RWDD4,0.13515428,0.04748788,0.8924898958649533,1.0,0.44047619047619047
ADSSL1,0.13501804,0.33124155,0.8925976156866202,1.0,0.023809523809523808
IQSEC2,0.13481367,0.13626981,0.8927591991339517,1.0,0.07142857142857142
KRBOX4,0.13474555,0.15638612,0.8928130612727023,1.0,0.07142857142857142
SLC39A4,0.13464336,-0.00072899094,0.8928938554077721,1.0,0.30952380952380953
AGFG1,0.13443899,0.10028721,0.8930554470118728,1.0,0.39285714285714285
VRK1,0.13426869,-0.060802814,0.8931901100737205,1.0,0.11904761904761904
MRPL22,0.13423464,0.060209434,0.8932170430557326,1.0,0.6785714285714286
TOPORS,0.13420057,0.091263674,0.893243976160887,1.0,0.25
EMILIN2,0.13389403,0.13056073,0.8934863796436296,1.0,0.05952380952380952
AC010327.4,0.1338259,2.484819,0.8935402484362193,1.0,0.011904761904761904
AL359258.2,0.1338259,2.5548613,0.8935402484362193,1.0,0.011904761904761904
MYL4,0.13368966,2.287567,0.893647987494445,1.0,0.011904761904761904
AC087521.2,0.1336556,0.43287882,0.893674922565707,1.0,0.023809523809523808
ANKRD34C-AS1,0.13362153,2.059362,0.89370185775959,1.0,0.011904761904761904
WDSUB1,0.13362153,0.5404393,0.89370185775959,1.0,0.03571428571428571
AC135507.1,0.13362153,2.2350078,0.89370185775959,1.0,0.011904761904761904
NOG,0.13362153,2.252609,0.89370185775959,1.0,0.011904761904761904
AC131212.1,0.13362153,2.2926047,0.89370185775959,1.0,0.011904761904761904
HYAL3,0.13358746,0.35974178,0.893728793076063,1.0,0.05952380952380952
EGR3,0.13348529,1.9715556,0.8938095997607164,1.0,0.011904761904761904
GM2A,0.13345122,0.025643993,0.8938365355672433,1.0,0.19047619047619047
RHOF,0.13338311,0.15906487,0.8938904075475764,1.0,0.17857142857142858
C1S,0.13334905,1.9711266,0.8939173437213214,1.0,0.011904761904761904
AL049557.1,0.13328092,1.8519293,0.8939712164358145,1.0,0.011904761904761904
AL355377.3,0.13328092,1.6921785,0.8939712164358145,1.0,0.011904761904761904
KCND3,0.13328092,1.7531264,0.8939712164358145,1.0,0.011904761904761904
LTBP4,0.13324685,0.09115183,0.8939981529765013,1.0,0.16666666666666666
AC020978.7,0.13314468,1.7235143,0.894078963331954,1.0,0.011904761904761904
GPX7,0.13314468,1.9255347,0.894078963331954,1.0,0.011904761904761904
AL590062.1,0.13307655,1.6583704,0.8941328375131093,1.0,0.011904761904761904
AC114489.1,0.13307655,1.4190513,0.8941328375131093,1.0,0.011904761904761904
HIF1A-AS3,0.13300844,1.5254071,0.8941867121826609,1.0,0.011904761904761904
B3GNT4,0.13300844,1.4501427,0.8941867121826609,1.0,0.011904761904761904
POGZ,0.1329403,0.09004655,0.8942405873403632,1.0,0.2976190476190476
DAPK1,0.1328722,0.04311099,0.8942944629859705,1.0,0.36904761904761907
ABCC6,0.1328722,1.6016277,0.8942944629859705,1.0,0.011904761904761904
LMOD3,0.1328722,0.4427756,0.8942944629859705,1.0,0.03571428571428571
HIST1H4H,0.1328722,1.6299465,0.8942944629859705,1.0,0.011904761904761904
YEATS2-AS1,0.13280407,1.5396892,0.8943483391192373,1.0,0.011904761904761904
CAPS2,0.13277,0.59094524,0.8943752773686662,1.0,0.023809523809523808
AC005261.1,0.13273594,0.0526588,0.894402215739918,1.0,0.19047619047619047
HSPB1,0.13273594,-0.011902478,0.894402215739918,1.0,0.9642857142857143
COL9A3,0.13270189,0.6079869,0.8944291542329617,1.0,0.023809523809523808
MIR181A2HG,0.1325997,0.16572972,0.8945099704425384,1.0,0.03571428571428571
AL096870.8,0.13256563,0.16754745,0.8945369094224433,1.0,0.15476190476190477
SAP30L-AS1,0.13249752,0.38041368,0.8945907877471384,1.0,0.023809523809523808
AC027307.3,0.13222502,0.7195741,0.8948063059065472,1.0,0.023809523809523808
SMC2,0.13130538,0.11243866,0.8955337369317742,1.0,0.16666666666666666
PHYHIP,0.13113508,0.2131204,0.8956684560390871,1.0,0.023809523809523808
FGD5,0.13103288,0.03967924,0.8957492889479038,1.0,0.19047619047619047
AC132938.2,0.1309307,2.417122,0.8958301229390284,1.0,0.011904761904761904
CPT1B,0.13079447,2.0298846,0.8959379032760175,1.0,0.011904761904761904
AC011472.1,0.13079447,2.1608548,0.8959379032760175,1.0,0.011904761904761904
CATSPERZ,0.13079447,2.2634895,0.8959379032760175,1.0,0.011904761904761904
AC006566.1,0.13072634,2.0148716,0.8959917941648832,1.0,0.011904761904761904
POMT2,0.13072634,0.0045667686,0.8959917941648832,1.0,0.05952380952380952
ANGEL1,0.13069227,0.12114804,0.8960187397893012,1.0,0.05952380952380952
RAD54L,0.1305901,1.8822342,0.8960995773821275,1.0,0.011904761904761904
CCDC146,0.1305901,0.8017485,0.8960995773821275,1.0,0.023809523809523808
AC032044.1,0.1305901,1.9542515,0.8960995773821275,1.0,0.011904761904761904
AC004590.1,0.13045385,1.6917099,0.8962073625170838,1.0,0.011904761904761904
C9orf72,0.13045385,0.27240765,0.8962073625170838,1.0,0.11904761904761904
PHF20L1,0.13041979,0.027600877,0.8962343091002348,1.0,0.5833333333333334
LINC02206,0.13038573,1.6598438,0.8962612558030894,1.0,0.011904761904761904
EYS,0.13038573,1.4165626,0.8962612558030894,1.0,0.011904761904761904
AL354836.1,0.13028355,0.28764224,0.8963420966295654,1.0,0.03571428571428571
IL7,0.13024949,1.7332782,0.896369043810926,1.0,0.011904761904761904
TCF4-AS2,0.13018136,1.5783172,0.8964229385322653,1.0,0.011904761904761904
IL19,0.13018136,1.5774668,0.8964229385322653,1.0,0.011904761904761904
MRVI1,0.13004512,1.2403775,0.8965307294085569,1.0,0.011904761904761904
SYTL1,0.13004512,1.5044361,0.8965307294085569,1.0,0.011904761904761904
LINC01550,0.12984075,1.3110286,0.8966924193033384,1.0,0.011904761904761904
NANOS1,0.12984075,0.5743553,0.8966924193033384,1.0,0.023809523809523808
HMGA2-AS1,0.12984075,0.6793609,0.8966924193033384,1.0,0.03571428571428571
BX255923.1,0.12977263,0.9419798,0.896746316888707,1.0,0.011904761904761904
SOAT1,0.1295342,0.11678221,0.8969349621881443,1.0,0.15476190476190477
FRMD6-AS1,0.12943202,0.11357811,0.8970158119577956,1.0,0.10714285714285714
MRM2,0.12919359,-0.030234931,0.8972044655772999,1.0,0.10714285714285714
TRPV4,0.12902328,0.6572805,0.8973392217211785,1.0,0.023809523809523808
LINC00710,0.12881891,0.5929224,0.8975009330021153,1.0,0.023809523809523808
CAP2,0.12868267,0.04854479,0.8976087428883209,1.0,0.13095238095238096
RHOG,0.12868267,0.05891037,0.8976087428883209,1.0,0.2857142857142857
CUTC,0.12868267,0.11890962,0.8976087428883209,1.0,0.19047619047619047
CFAP97,0.12861456,0.02223344,0.89766264854036,1.0,0.5476190476190477
NUP42,0.12847832,0.17902309,0.8977704612610811,1.0,0.21428571428571427
KBTBD3,0.12844425,0.21998127,0.8977974147362158,1.0,0.08333333333333333
ZFAND4,0.12823988,0.7617875,0.8979591380622736,1.0,0.03571428571428571
TRAF2,0.12813771,0.2703121,0.8980400013151503,1.0,0.047619047619047616
RPS12,0.12813771,-0.012828211,0.8980400013151503,1.0,1.0
ATP1A3,0.12803552,2.2270439,0.8981208656268184,1.0,0.011904761904761904
AC113143.3,0.12803552,2.218426,0.8981208656268184,1.0,0.011904761904761904
LGALS3BP,0.1279674,1.998883,0.8981747757557377,1.0,0.011904761904761904
GPR75,0.1279674,2.2520263,0.8981747757557377,1.0,0.011904761904761904
PPP4R1-AS1,0.1279674,1.9987073,0.8981747757557377,1.0,0.011904761904761904
LINC02019,0.12776303,2.04519,0.8983365089612636,1.0,0.011904761904761904
ZNF829,0.1276949,1.8896987,0.8983904209685414,1.0,0.011904761904761904
AL355001.2,0.12766084,0.41311935,0.8984173771480609,1.0,0.023809523809523808
LMOD1,0.12762679,1.7517902,0.8984443334447935,1.0,0.011904761904761904
TRIM72,0.12749054,1.6439985,0.8985521598032362,1.0,0.011904761904761904
AL136040.1,0.12749054,1.469614,0.8985521598032362,1.0,0.011904761904761904
MAP3K19,0.12749054,1.635607,0.8985521598032362,1.0,0.011904761904761904
SEMA6C,0.12745649,0.39820778,0.8985791166855712,1.0,0.023809523809523808
DMWD,0.12738836,0.06331875,0.8986330308012954,1.0,0.16666666666666666
CDH3,0.1273543,1.4949012,0.898659988034623,1.0,0.011904761904761904
MDGA1,0.1273543,1.4725361,0.898659988034623,1.0,0.011904761904761904
SNX3,0.1273543,0.036508173,0.898659988034623,1.0,0.9166666666666666
TPD52L1,0.12732023,0.33798736,0.8986869453848864,1.0,0.023809523809523808
AL157838.1,0.12728618,1.5986625,0.898713902852055,1.0,0.011904761904761904
CISD3,0.12718399,0.06437592,0.8987947759546842,1.0,0.40476190476190477
AL360219.1,0.12701368,1.2614412,0.8989295667942977,1.0,0.011904761904761904
TMPPE,0.12701368,1.2381382,0.8989295667942977,1.0,0.011904761904761904
AL138999.1,0.12701368,1.3937793,0.8989295667942977,1.0,0.011904761904761904
SHC4,0.12694557,1.1880115,0.8989834839467563,1.0,0.011904761904761904
FAM72B,0.12687744,0.69699436,0.8990374015654815,1.0,0.011904761904761904
PRRG4,0.12687744,0.7021091,0.8990374015654815,1.0,0.011904761904761904
SLC4A5,0.12687744,0.81313694,0.8990374015654815,1.0,0.011904761904761904
DNAH7,0.12680931,1.1060658,0.8990913196502275,1.0,0.011904761904761904
PDE8B,0.12680931,0.7130815,0.8990913196502275,1.0,0.011904761904761904
AC010654.1,0.1267412,0.6132966,0.8991452382007478,1.0,0.011904761904761904
LRMDA,0.1267412,0.5980168,0.8991452382007478,1.0,0.011904761904761904
ZNF391,0.1265709,0.8157681,0.899280036613196,1.0,0.023809523809523808
PIK3CB,0.1265709,0.10970636,0.899280036613196,1.0,0.16666666666666666
HS6ST1,0.12643465,0.59209985,0.8993878774354465,1.0,0.023809523809523808
ASXL1,0.12636653,-0.01832029,0.8994417985433252,1.0,0.5476190476190477
AL731569.1,0.1262984,0.28180164,0.8994957201153779,1.0,0.023809523809523808
TESK2,0.1262984,0.5830899,0.8994957201153779,1.0,0.023809523809523808
GIMAP1,0.12616216,0.5475951,0.8996035646510208,1.0,0.03571428571428571
ZNF862,0.12609404,0.83335626,0.8996574876141182,1.0,0.023809523809523808
KLF4,0.12588967,0.07440439,0.8998192592815599,1.0,0.047619047619047616
EBP,0.12578748,0.017586606,0.899900146676466,1.0,0.47619047619047616
ZNF251,0.1256853,0.12168452,0.899981035111054,1.0,0.07142857142857142
CNRIP1,0.12561718,0.0050570895,0.9000349613113031,1.0,0.40476190476190477
CYB561,0.12544687,0.55624396,0.9001697788302969,1.0,0.03571428571428571
SYTL4,0.1253447,-0.026938243,0.9002506707244876,1.0,0.13095238095238096
CHCHD4,0.12531063,0.04120228,0.9002776349194987,1.0,0.20238095238095238
SAT1,0.12517439,0.011864115,0.9003854928501271,1.0,0.6428571428571429
ATP2A1,0.12514032,2.0016613,0.9004124576202763,1.0,0.011904761904761904
C20orf204,0.12507221,1.7523435,0.9004663875053492,1.0,0.011904761904761904
ERBB3,0.12507221,1.9260817,0.9004663875053492,1.0,0.011904761904761904
ANKRD23,0.12500408,1.9607222,0.9005203178499167,1.0,0.011904761904761904
PSCA,0.12493596,1.7572279,0.9005742486537323,1.0,0.011904761904761904
AC099506.1,0.12486784,1.7504919,0.9006281799165495,1.0,0.011904761904761904
HIST1H3E,0.12479971,1.839935,0.9006821116381222,1.0,0.011904761904761904
AC007529.1,0.12479971,1.6848252,0.9006821116381222,1.0,0.011904761904761904
NPFFR1,0.12473159,1.5980139,0.9007360438182039,1.0,0.011904761904761904
AC096992.2,0.12466347,0.7776759,0.9007899764565481,1.0,0.023809523809523808
NMNAT2,0.12466347,1.7020403,0.9007899764565481,1.0,0.011904761904761904
SERPINI1,0.12459535,1.4428238,0.9008439095529086,1.0,0.011904761904761904
ZNF14,0.12459535,0.35426727,0.9008439095529086,1.0,0.023809523809523808
AL596325.2,0.12459535,1.5333469,0.9008439095529086,1.0,0.011904761904761904
AL359764.2,0.12452723,1.4465129,0.9008978431070389,1.0,0.011904761904761904
KCNIP2-AS1,0.12452723,1.4984581,0.9008978431070389,1.0,0.011904761904761904
LCA5L,0.1244591,0.32003826,0.9009517771186927,1.0,0.023809523809523808
ZNRF3,0.1244591,0.059991114,0.9009517771186927,1.0,0.07142857142857142
THRIL,0.12439098,1.3142151,0.9010057115876234,1.0,0.011904761904761904
AL137802.2,0.12425474,1.1109997,0.9011135818963304,1.0,0.011904761904761904
NAIF1,0.12422068,0.66496736,0.9011405497589202,1.0,0.03571428571428571
NDUFS2,0.12422068,0.025816856,0.9011405497589202,1.0,0.6190476190476191
ADRM1,0.12422068,0.004639628,0.9011405497589202,1.0,0.5714285714285714
NMU,0.12411849,0.256397,0.9012214540311883,1.0,0.023809523809523808
ZFHX2-AS1,0.12411849,0.12784934,0.9012214540311883,1.0,0.03571428571428571
ZNF382,0.12405037,0.962802,0.9012753907828077,1.0,0.011904761904761904
CCZ1B,0.124016315,0.14370584,0.9013023593295573,1.0,0.11904761904761904
AP000787.1,0.12398225,0.95287216,0.9013293279902257,1.0,0.011904761904761904
C2orf69,0.12391413,0.1051772,0.9013832656531956,1.0,0.11904761904761904
PTK6,0.12391413,0.92402387,0.9013832656531956,1.0,0.011904761904761904
WARS2-AS1,0.123743825,-0.0067506675,0.9015181118020429,1.0,0.03571428571428571
METAP1D,0.12360758,0.5236744,0.9016259907674076,1.0,0.05952380952380952
C2orf49,0.12357352,0.12292648,0.9016529607926985,1.0,0.25
PIKFYVE,0.123471335,0.1014392,0.9017338715495579,1.0,0.16666666666666666
SH3BP4,0.12336915,0.14856803,0.9018147833272498,1.0,0.07142857142857142
LINC00592,0.12275606,0.090803124,0.9023002753842941,1.0,0.047619047619047616
DYNC1I2,0.12261981,0.03974606,0.9024081674766723,1.0,0.8333333333333334
CRTC2,0.12255169,0.20303622,0.9024621141989171,1.0,0.07142857142857142
KCND1,0.12251762,2.3762171,0.9024890877289455,1.0,0.011904761904761904
TSSK3,0.1224495,1.8998387,0.9025430351266605,1.0,0.011904761904761904
LINC00243,0.1224495,2.03444,0.9025430351266605,1.0,0.011904761904761904
PKD1L1,0.12238138,2.1101148,0.9025969829743805,1.0,0.011904761904761904
APOL5,0.12231326,2.0808897,0.902650931271859,1.0,0.011904761904761904
AC011921.1,0.12217701,1.7837101,0.9027588292151052,1.0,0.011904761904761904
AL021368.5,0.12217701,1.7169542,0.9027588292151052,1.0,0.011904761904761904
LINC02709,0.12210889,1.8204254,0.9028127788603797,1.0,0.011904761904761904
ZNF76,0.122074835,0.2482538,0.902839753851322,1.0,0.047619047619047616
AC139795.3,0.12197265,1.6081853,0.9029206794969983,1.0,0.011904761904761904
LTV1,0.121938586,-0.018740091,0.9029476549364043,1.0,0.2976190476190476
SUV39H1,0.121938586,1.0320015,0.9029476549364043,1.0,0.023809523809523808
KLHL2,0.121870466,0.041503325,0.903001606151302,1.0,0.14285714285714285
NCBP2-AS1,0.1218364,1.4390354,0.9030285819267321,1.0,0.011904761904761904
AC005726.3,0.121734224,0.6270504,0.9031095099245773,1.0,0.023809523809523808
AC108449.2,0.12170016,1.3915809,0.9031364861476079,1.0,0.011904761904761904
SLC44A4,0.12170016,1.3820434,0.9031364861476079,1.0,0.011904761904761904
ADAM22,0.12170016,1.4004703,0.9031364861476079,1.0,0.011904761904761904
USHBP1,0.12163204,1.4679937,0.9031904389291074,1.0,0.011904761904761904
C22orf23,0.12163204,1.3958716,0.9031904389291074,1.0,0.011904761904761904
CELSR2,0.12156392,1.1805739,0.9032443921576525,1.0,0.011904761904761904
PPP1R36,0.12156392,1.2444392,0.9032443921576525,1.0,0.011904761904761904
AL591623.1,0.121461734,0.7343156,0.9033253228381409,1.0,0.023809523809523808
AC005329.3,0.12142767,1.3465322,0.9033522999548925,1.0,0.011904761904761904
AQP3,0.12135955,1.291913,0.9034062545230941,1.0,0.011904761904761904
AC012313.5,0.12129143,1.0975626,0.9034602095373545,1.0,0.011904761904761904
GJA9,0.12115518,0.96864647,0.9035681209030648,1.0,0.011904761904761904
AL050343.2,0.12108706,1.0881163,0.9036220772540213,1.0,0.011904761904761904
AC018695.9,0.121053,0.5669474,0.9036490555964171,1.0,0.023809523809523808
IGFBP2,0.12095082,0.68376905,0.9037299912909036,1.0,0.011904761904761904
CAPS,0.12071239,0.64377046,0.9039188451333281,1.0,0.023809523809523808
NUB1,0.12061021,0.033181034,0.9039997841589149,1.0,0.39285714285714285
FUCA1,0.12061021,0.36999553,0.9039997841589149,1.0,0.07142857142857142
EGFL7,0.12054209,-0.03229172,0.9040537440635384,1.0,0.9047619047619048
CENPBD1,0.1204399,0.21135151,0.9041346847512054,1.0,0.03571428571428571
DLG3,0.1204399,1.0490073,0.9041346847512054,1.0,0.023809523809523808
LINC01719,0.1204399,0.52779835,0.9041346847512054,1.0,0.023809523809523808
AC008771.1,0.12040584,-0.09169482,0.9041616652018328,1.0,0.08333333333333333
NELFE,0.12037178,0.06367898,0.9041886457631113,1.0,0.4642857142857143
ZNF573,0.12023553,0.53363425,0.9042965691141194,1.0,0.023809523809523808
OSGIN1,0.11989492,0.5306669,0.9045663852221011,1.0,0.047619047619047616
COX7C,0.11975868,-0.014927544,0.9046743147522953,1.0,0.9880952380952381
MFSD4A,0.11962244,2.120034,0.9047822460435285,1.0,0.011904761904761904
AC027682.3,0.11962244,2.1171856,0.9047822460435285,1.0,0.011904761904761904
AL157786.1,0.11962244,2.1152658,0.9047822460435285,1.0,0.011904761904761904
C12orf54,0.11955431,0.42742598,0.9048362123489175,1.0,0.023809523809523808
AC012184.3,0.11955431,1.9833002,0.9048362123489175,1.0,0.011904761904761904
ZNF320,0.11955431,2.0347624,0.9048362123489175,1.0,0.011904761904761904
PTMS,0.11941807,-0.013729076,0.9049441462780065,1.0,0.9880952380952381
TMEM138,0.11941807,0.07733324,0.9049441462780065,1.0,0.17857142857142858
TFAP2A,0.11941807,1.904085,0.9049441462780065,1.0,0.011904761904761904
PCDHB7,0.11941807,1.8032626,0.9049441462780065,1.0,0.011904761904761904
ZNF454,0.11934995,1.791773,0.9049981139012124,1.0,0.011904761904761904
MTG1,0.119315885,0.02001922,0.9050250978773728,1.0,0.2857142857142857
AC007686.3,0.11914558,1.4697014,0.9051600194025144,1.0,0.011904761904761904
LINC02057,0.11914558,0.17837825,0.9051600194025144,1.0,0.14285714285714285
LINC01852,0.11907746,1.6404135,0.9052139887793536,1.0,0.011904761904761904
AC007384.1,0.11894122,1.5476346,0.9053219288461578,1.0,0.011904761904761904
PCDHGA9,0.11894122,1.4554621,0.9053219288461578,1.0,0.011904761904761904
SNRNP48,0.11887309,-0.13880232,0.9053758995356292,1.0,0.14285714285714285
AC087752.3,0.11887309,1.3244865,0.9053758995356292,1.0,0.011904761904761904
PRRT3,0.11877091,0.11309235,0.9054568563892285,1.0,0.05952380952380952
GAS6-AS1,0.11877091,0.26781678,0.9054568563892285,1.0,0.05952380952380952
AMPD2,0.11877091,0.17314643,0.9054568563892285,1.0,0.11904761904761904
STKLD1,0.11873685,1.2260323,0.9054838422254761,1.0,0.011904761904761904
AP000708.1,0.11866873,1.2813612,0.9055378142253575,1.0,0.011904761904761904
TTYH1,0.11866873,1.2499619,0.9055378142253575,1.0,0.011904761904761904
CPM,0.11863466,0.36802667,0.9055648003889298,1.0,0.03571428571428571
AL158832.2,0.11860061,1.2526602,0.9055917866615486,1.0,0.011904761904761904
BMF,0.11853248,1.2443376,0.9056457595338021,1.0,0.011904761904761904
AHRR,0.11853248,0.11088436,0.9056457595338021,1.0,0.047619047619047616
CHRNA5,0.11846436,0.021844916,0.9056997328418713,1.0,0.14285714285714285
AP001885.2,0.11846436,1.095509,0.9056997328418713,1.0,0.011904761904761904
AC073548.2,0.11846436,1.0106708,0.9056997328418713,1.0,0.011904761904761904
AL050403.2,0.11846436,1.0329514,0.9056997328418713,1.0,0.011904761904761904
WNT9A,0.11832812,0.9639251,0.9058076807644688,1.0,0.011904761904761904
AC114271.1,0.11832812,1.047585,0.9058076807644688,1.0,0.011904761904761904
AGER,0.118259996,-0.10216928,0.9058616553785032,1.0,0.023809523809523808
NUAK1,0.118259996,0.31890154,0.9058616553785032,1.0,0.10714285714285714
LDLRAD4,0.118259996,1.079303,0.9058616553785032,1.0,0.011904761904761904
AC012629.2,0.118259996,0.81773585,0.9058616553785032,1.0,0.011904761904761904
COA3,0.11819187,0.036034476,0.9059156304273652,1.0,0.5
AC099332.1,0.11805563,0.8710651,0.9060235818285849,1.0,0.011904761904761904
FAM169A,0.11805563,0.39456633,0.9060235818285849,1.0,0.03571428571428571
NRBF2,0.117578775,0.107631065,0.9064014253936209,1.0,0.21428571428571427
POLE4,0.117374405,0.048460957,0.9065633648403714,1.0,0.4523809523809524
RARRES1,0.117306285,0.032756887,0.9066173455195174,1.0,0.05952380952380952
PUS3,0.117306285,-0.07403902,0.9066173455195174,1.0,0.10714285714285714
DUSP16,0.117306285,-0.12200385,0.9066173455195174,1.0,0.05952380952380952
STAT5A,0.117306285,0.41613013,0.9066173455195174,1.0,0.07142857142857142
PIP5KL1,0.117306285,0.14621879,0.9066173455195174,1.0,0.023809523809523808
BLOC1S3,0.117033795,0.38355622,0.9068332725473267,1.0,0.03571428571428571
RFC4,0.116965674,0.20222375,0.9068872553808499,1.0,0.07142857142857142
MGARP,0.11693161,-0.012778826,0.9069142469589272,1.0,0.08333333333333333
POLE3,0.11679537,0.11379666,0.9070222143459544,1.0,0.30952380952380953
ACTR1B,0.116693184,0.10563414,0.9071031910138135,1.0,0.20238095238095238
NPR1,0.11665913,1.9628979,0.9071301834510473,1.0,0.011904761904761904
FAM110D,0.11665913,1.7715396,0.9071301834510473,1.0,0.011904761904761904
CCN5,0.11665913,1.8120495,0.9071301834510473,1.0,0.011904761904761904
ECD,0.116591,0.058780406,0.9071841686472507,1.0,0.16666666666666666
AC122719.3,0.116591,1.902779,0.9071841686472507,1.0,0.011904761904761904
GUCA1B,0.11652288,1.5952559,0.9072381542722292,1.0,0.011904761904761904
AL355347.1,0.11645476,1.7117375,0.9072921403257357,1.0,0.011904761904761904
ALX1,0.11642069,-0.020375548,0.9073191335131097,1.0,0.07142857142857142
SRCAP,0.11635257,0.076585986,0.9073731202089448,1.0,0.13095238095238096
FSBP,0.11628445,-0.0923239,0.90742710733269,1.0,0.047619047619047616
AC002550.1,0.11618227,1.5435663,0.9075080888200989,1.0,0.011904761904761904
AC091544.4,0.11618227,1.4591652,0.9075080888200989,1.0,0.011904761904761904
UBQLN2,0.11608008,-0.058555927,0.9075890712689154,1.0,0.13095238095238096
LINC02728,0.11604603,1.2931077,0.9076160656320228,1.0,0.011904761904761904
TMEM249,0.11604603,1.3394594,0.9076160656320228,1.0,0.011904761904761904
PLD4,0.11604603,1.3874875,0.9076160656320228,1.0,0.011904761904761904
SH2B2,0.115977906,1.264407,0.9076700546783053,1.0,0.011904761904761904
AC005856.1,0.115977906,1.4121035,0.9076700546783053,1.0,0.011904761904761904
ARSE,0.115977906,1.1987864,0.9076700546783053,1.0,0.011904761904761904
AC110769.2,0.11594384,0.5670816,0.9076970493614186,1.0,0.023809523809523808
PDGFRB,0.11590978,1.3329331,0.9077240441511386,1.0,0.011904761904761904
TBL3,0.11590978,0.04338104,0.9077240441511386,1.0,0.15476190476190477
PTCH1,0.11584166,1.2805601,0.9077780340502755,1.0,0.011904761904761904
LINC02609,0.115773536,1.2061615,0.9078320243754688,1.0,0.011904761904761904
MANEAL,0.115773536,1.3239864,0.9078320243754688,1.0,0.011904761904761904
PRKDC,0.115773536,-0.011162076,0.9078320243754688,1.0,0.8928571428571429
AL021707.6,0.115773536,1.1920569,0.9078320243754688,1.0,0.011904761904761904
FAM66B,0.115705416,1.0827589,0.9078860151264714,1.0,0.011904761904761904
AC007032.1,0.115705416,1.1081762,0.9078860151264714,1.0,0.011904761904761904
ALDH8A1,0.115705416,1.1089388,0.9078860151264714,1.0,0.011904761904761904
CD37,0.115637295,1.1490133,0.907940006303036,1.0,0.011904761904761904
PGM2,0.11560323,0.006724863,0.9079670020508268,1.0,0.23809523809523808
LANCL1,0.11553511,0.122990996,0.908020993865271,1.0,0.23809523809523808
CLEC2B,0.11546699,0.05103807,0.9080749861046592,1.0,0.16666666666666666
SLC2A10,0.115432926,0.98206264,0.90810198238363,1.0,0.011904761904761904
STXBP5-AS1,0.11539886,-0.06982173,0.9081289787687443,1.0,0.09523809523809523
AL513548.4,0.115228556,0.8178961,0.9082639622853831,1.0,0.011904761904761904
AC100858.3,0.115160435,0.5967798,0.9083179564339601,1.0,0.011904761904761904
TFDP1,0.115160435,0.07603026,0.9083179564339601,1.0,0.4642857142857143
BCL2L11,0.11512638,0.59655756,0.9083449536671082,1.0,0.023809523809523808
CBR3-AS1,0.11471764,0.22048591,0.9086689287135284,1.0,0.023809523809523808
ZNF71,0.11430891,0.32408178,0.9089929189511227,1.0,0.047619047619047616
ARHGEF17,0.11417267,0.5048392,0.9091009190635715,1.0,0.07142857142857142
PODXL2,0.114036426,0.38916153,0.9092089208560148,1.0,0.023809523809523808
AC127035.1,0.114036426,0.40072766,0.9092089208560148,1.0,0.023809523809523808
ZNF582-AS1,0.114036426,2.1849108,0.9092089208560148,1.0,0.011904761904761904
MADCAM1,0.114036426,2.1075716,0.9092089208560148,1.0,0.011904761904761904
TIMM23B-AGAP6,0.11390018,1.845628,0.9093169243264738,1.0,0.011904761904761904
PCBD2,0.11390018,-0.022587793,0.9093169243264738,1.0,0.07142857142857142
AC087473.1,0.11390018,1.9707844,0.9093169243264738,1.0,0.011904761904761904
LIX1L-AS1,0.11386612,0.09422262,0.9093439254560467,1.0,0.03571428571428571
FAM167A,0.11383206,1.897498,0.909370926690341,1.0,0.011904761904761904
WFDC3,0.11355957,1.4854343,0.9095869403309549,1.0,0.011904761904761904
PCSK4,0.113491446,1.446383,0.9096409447861579,1.0,0.011904761904761904
AC010245.1,0.113491446,1.4916066,0.9096409447861579,1.0,0.011904761904761904
TMEM140,0.113491446,0.3104215,0.9096409447861579,1.0,0.023809523809523808
STAU2,0.113355204,0.04384739,0.9097489549488915,1.0,0.27380952380952384
AC103871.1,0.11328708,1.2722807,0.9098029606559274,1.0,0.011904761904761904
AC025423.4,0.113218956,1.1778173,0.9098569667797461,1.0,0.011904761904761904
AC092803.1,0.113082714,1.2348874,0.9099649802767426,1.0,0.011904761904761904
STAR,0.113082714,1.2498991,0.9099649802767426,1.0,0.011904761904761904
CLEC4A,0.11301459,1.1530287,0.9100189876494255,1.0,0.011904761904761904
AC004908.2,0.112946466,1.184688,0.9100729954379014,1.0,0.011904761904761904
VWDE,0.112878345,0.79370695,0.9101270036419232,1.0,0.023809523809523808
PKP3,0.112878345,0.30517992,0.9101270036419232,1.0,0.023809523809523808
AC018742.1,0.112878345,0.9020075,0.9101270036419232,1.0,0.011904761904761904
AL445248.1,0.11267398,1.0446079,0.9102890307447887,1.0,0.011904761904761904
SAP25,0.11267398,1.0219456,0.9102890307447887,1.0,0.011904761904761904
AC016949.1,0.112605855,0.11863656,0.9103430406085191,1.0,0.03571428571428571
COTL1,0.112537734,0.0412813,0.9103970508865581,1.0,0.8809523809523809
AL353135.2,0.11240149,0.483488,0.9105050726845716,1.0,0.011904761904761904
CACYBP,0.11229931,0.03771472,0.910586090118801,1.0,0.5
UFSP2,0.11216307,0.025262753,0.9106941148104779,1.0,0.2857142857142857
AC026979.2,0.11199276,0.44569078,0.9108291479962789,1.0,0.03571428571428571
AP001318.2,0.1119587,0.53646696,0.9108561549426237,1.0,0.03571428571428571
UBE2J1,0.11192463,0.017474754,0.9108831619919578,1.0,0.4166666666666667
RXYLT1-AS1,0.11185651,0.10184637,0.9109371763994705,1.0,0.047619047619047616
AP4E1,0.11185651,0.2803402,0.9109371763994705,1.0,0.09523809523809523
ATP11A,0.111822456,-0.056927957,0.910964183757587,1.0,0.19047619047619047
MTHFS,0.11175433,-0.023920929,0.9110181987823859,1.0,0.10714285714285714
TBCEL,0.11168621,-0.07490581,0.9110722142183995,1.0,0.08333333333333333
SNHG3,0.11161809,0.06482065,0.9111262300653804,1.0,0.5714285714285714
PTPN22,0.111549966,0.07505455,0.911180246323081,1.0,0.13095238095238096
HSPA14-1,0.111481845,0.06765257,0.9112342629912538,1.0,0.08333333333333333
FDXACB1,0.11144778,0.61458063,0.9112612714791899,1.0,0.03571428571428571
AC245297.3,0.11144778,-0.038245454,0.9112612714791899,1.0,0.14285714285714285
NDUFS1,0.11141372,0.042256203,0.9112882800696512,1.0,0.5
RGS14,0.111209355,0.21633992,0.9114503337637154,1.0,0.05952380952380952
ITGA6-AS1,0.111073114,1.8167963,0.9115583716063426,1.0,0.011904761904761904
TMEM41B,0.111004986,0.13013837,0.9116123911408887,1.0,0.2976190476190476
LILRB3,0.110936865,1.7494496,0.9116664110839264,1.0,0.011904761904761904
ARID4A,0.110936865,0.0036404121,0.9116664110839264,1.0,0.19047619047619047
AL139260.1,0.110868745,0.4021522,0.9117204314352081,1.0,0.03571428571428571
STAT5B,0.11063032,0.022935977,0.9119095058760404,1.0,0.15476190476190477
C18orf32,0.11063032,-0.0055846428,0.9119095058760404,1.0,0.6190476190476191
Z92544.2,0.110528134,1.3753172,0.9119905393066097,1.0,0.011904761904761904
AC009063.2,0.110528134,1.3273821,0.9119905393066097,1.0,0.011904761904761904
AC087500.1,0.11049407,0.5908932,0.9120175506535532,1.0,0.023809523809523808
ZNF527,0.11042595,0.8467376,0.9120715736523851,1.0,0.023809523809523808
LINC00629,0.11018752,1.1704218,0.9122606573469676,1.0,0.011904761904761904
LIN28B-AS1,0.11018752,1.2112844,0.9122606573469676,1.0,0.011904761904761904
ABHD3,0.11001722,0.53253025,0.9123957201708316,1.0,0.03571428571428571
AC002070.1,0.11001722,0.87115777,0.9123957201708316,1.0,0.023809523809523808
SUMF1,0.10998315,0.027330074,0.9124227330394038,1.0,0.23809523809523808
AL359091.4,0.10998315,0.9852693,0.9124227330394038,1.0,0.011904761904761904
FBXL19-AS1,0.10988098,0.6196742,0.9125037722521622,1.0,0.023809523809523808
AC090114.2,0.10974473,0.39933568,0.9126118259511147,1.0,0.047619047619047616
HID1,0.10974473,0.19086796,0.9126118259511147,1.0,0.023809523809523808
PIGX,0.10967661,0.07303068,0.9126658534065799,1.0,0.15476190476190477
ZFP69,0.10957442,0.44922617,0.9127468953465674,1.0,0.011904761904761904
B4GALNT4,0.10957442,0.42285112,0.9127468953465674,1.0,0.011904761904761904
AL121601.1,0.10937006,0.36661193,0.912908981947919,1.0,0.011904761904761904
LMBRD1,0.109335996,0.15705581,0.9129359967338875,1.0,0.09523809523809523
AC073611.1,0.10923381,0.12720545,0.9130170416953046,1.0,0.10714285714285714
ZFAT,0.10902945,0.10969643,0.9131791343311548,1.0,0.03571428571428571
RINL,0.108995385,0.24117538,0.9132061501217892,1.0,0.047619047619047616
TFB1M,0.108722895,0.063534744,0.9134222800549275,1.0,0.32142857142857145
MAML1,0.108654775,0.1392884,0.9134763135393165,1.0,0.11904761904761904
FALEC,0.108654775,0.36941332,0.9134763135393165,1.0,0.023809523809523808
EPHA2,0.108450405,0.078944124,0.9136384163911689,1.0,0.40476190476190477
PGAM2,0.108382285,1.983023,0.9136924514738557,1.0,0.011904761904761904
ACOX2,0.108314164,2.1941714,0.9137464869554974,1.0,0.011904761904761904
TCF4,0.1082801,0.035404664,0.913773504845849,1.0,0.7619047619047619
SLFNL1-AS1,0.10817792,1.5705365,0.9138545591146545,1.0,0.011904761904761904
NOXA1,0.10817792,1.6625524,0.9138545591146545,1.0,0.011904761904761904
MSMP,0.10797355,0.23726928,0.9140166703393567,1.0,0.11904761904761904
R3HCC1L,0.10797355,0.41513324,0.9140166703393567,1.0,0.09523809523809523
FBXL3,0.10797355,-0.070483536,0.9140166703393567,1.0,0.13095238095238096
AC069234.2,0.10783731,1.4677844,0.9141247464769111,1.0,0.011904761904761904
ANKRD30B,0.10776919,1.4442837,0.9141787851412707,1.0,0.011904761904761904
MIR1915HG,0.10776919,0.3928118,0.9141787851412707,1.0,0.07142857142857142
IGF2BP1,0.10770106,1.205208,0.9142328242023547,1.0,0.011904761904761904
TTLL13P,0.10756482,1.3271335,0.9143409035137046,1.0,0.011904761904761904
BRPF1,0.1074967,0.6331906,0.9143949437634746,1.0,0.047619047619047616
BTN3A3,0.10746264,0.277668,0.914421964036775,1.0,0.07142857142857142
ZFPM2-AS1,0.10736045,0.5649099,0.9145030254499656,1.0,0.023809523809523808
NBPF15,0.10736045,0.04386117,0.9145030254499656,1.0,0.047619047619047616
AC011462.4,0.10736045,1.2289722,0.9145030254499656,1.0,0.011904761904761904
ATP6V0E2-AS1,0.10729233,1.0947187,0.9145570668861909,1.0,0.011904761904761904
AL592295.4,0.10722421,1.065587,0.9146111087174054,1.0,0.011904761904761904
MAP11,0.10715609,0.589105,0.9146651509433612,1.0,0.023809523809523808
SLC51A,0.10715609,1.0067455,0.9146651509433612,1.0,0.011904761904761904
PPM1L,0.10708797,0.87428206,0.9147191935638105,1.0,0.011904761904761904
PKN2-AS1,0.10708797,0.9208443,0.9147191935638105,1.0,0.011904761904761904
MARVELD3,0.10701984,0.9656706,0.9147732365785053,1.0,0.011904761904761904
SNORC,0.10701984,0.88565904,0.9147732365785053,1.0,0.011904761904761904
IL10RB-DT,0.1068836,0.8779162,0.9148813237896399,1.0,0.011904761904761904
PPARA,0.10684954,0.15757784,0.9149083458384396,1.0,0.17857142857142858
ASL,0.10684954,0.014007525,0.9149083458384396,1.0,0.39285714285714285
SMUG1,0.106781416,0.21581177,0.9149623902310414,1.0,0.15476190476190477
ELMO2,0.10674736,0.21136592,0.9149894125747815,1.0,0.05952380952380952
PRDM15,0.106645174,0.6178051,0.9150704801953866,1.0,0.03571428571428571
TLE6,0.106645174,0.2634243,0.9150704801953866,1.0,0.03571428571428571
IZUMO1,0.10661111,0.81950027,0.9150975029319467,1.0,0.011904761904761904
PRKN,0.10661111,0.39642057,0.9150975029319467,1.0,0.011904761904761904
PCGF2,0.10623644,0.049851935,0.9153947595037029,1.0,0.39285714285714285
ARHGAP12,0.106168315,-0.008183004,0.9154488074255469,1.0,0.13095238095238096
EEF1AKMT2,0.10613426,0.06889493,0.9154758315330713,1.0,0.19047619047619047
CDKL5,0.10572553,0.14736278,0.915800128434594,1.0,0.07142857142857142
RPL3,0.10562334,0.0088737225,0.9158812048518018,1.0,1.0
OR51M1,0.10555522,2.1768932,0.9159352562828013,1.0,0.011904761904761904
CPLX1,0.10555522,1.8872026,0.9159352562828013,1.0,0.011904761904761904
AL357054.4,0.10555522,2.2606642,0.9159352562828013,1.0,0.011904761904761904
NFAT5,0.10552116,0.012710481,0.9159622821440663,1.0,0.42857142857142855
GRB14,0.10548709,-0.08409144,0.9159893081024667,1.0,0.03571428571428571
AC005332.7,0.10548709,1.8192543,0.9159893081024667,1.0,0.011904761904761904
MPI,0.10541897,0.06320832,0.9160433603105502,1.0,0.11904761904761904
SUFU,0.105384916,0.106026486,0.9160703865601713,1.0,0.07142857142857142
DUSP28,0.10531679,0.14372364,0.9161244393504167,1.0,0.05952380952380952
AL034417.3,0.10521461,1.6989183,0.9162055192628282,1.0,0.011904761904761904
AC093690.1,0.10518055,0.61742514,0.916232546094053,1.0,0.023809523809523808
EPS8,0.10507836,1.4314536,0.9163136271685559,1.0,0.011904761904761904
AL390957.1,0.10507836,1.4325471,0.9163136271685559,1.0,0.011904761904761904
ACTN4,0.10501024,0.021035334,0.9163676817019383,1.0,0.7857142857142857
AC025614.2,0.10490806,0.67416465,0.9164487642269622,1.0,0.023809523809523808
AC009996.1,0.10490806,0.6911924,0.9164487642269622,1.0,0.023809523809523808
NCOA5,0.104839936,0.25566354,0.9165028197265833,1.0,0.07142857142857142
AP000941.1,0.10480588,1.2882618,0.9165298476211823,1.0,0.011904761904761904
NKRF,0.104499325,0.12517901,0.9167731030106469,1.0,0.09523809523809523
AC092747.4,0.1042609,-0.04743737,0.916962307035546,1.0,0.05952380952380952
CPLANE2,0.104090594,0.8025776,0.9170974556478798,1.0,0.023809523809523808
AC012668.3,0.10405653,0.71133,0.9171244856579696,1.0,0.011904761904761904
AF131216.1,0.10405653,0.9010461,0.9171244856579696,1.0,0.011904761904761904
CP,0.10405653,0.71217,0.9171244856579696,1.0,0.011904761904761904
N4BP3,0.10398841,0.74059236,0.9171785459655242,1.0,0.011904761904761904
SEMA3C,0.10392029,0.5445621,0.9172326066560383,1.0,0.011904761904761904
SLC25A5-AS1,0.10392029,0.7428965,0.9172326066560383,1.0,0.011904761904761904
ACOT4,0.10385217,0.32867017,0.9172866677292641,1.0,0.011904761904761904
CITED2,0.10378405,0.019878382,0.9173407291849535,1.0,0.10714285714285714
PCDHB10,0.10378405,0.5673704,0.9173407291849535,1.0,0.011904761904761904
AC138230.1,0.1036478,0.6722489,0.9174488532427295,1.0,0.011904761904761904
ZNF839,0.10354561,-0.048340384,0.917529947288182,1.0,0.047619047619047616
ANKRD39,0.10354561,0.010929565,0.917529947288182,1.0,0.16666666666666666
ZNF84,0.10347749,0.25948745,0.9175840104618854,1.0,0.10714285714285714
LRRC40,0.10340937,0.06096255,0.9176380740166871,1.0,0.16666666666666666
NFKBIL1,0.10334125,0.13612947,0.9176921379523391,1.0,0.14285714285714285
ISYNA1,0.103170946,0.105155714,0.9178272994560593,1.0,0.15476190476190477
RBM14,0.10306876,0.2543844,0.917908397498484,1.0,0.14285714285714285
GSPT1,0.10293252,0.04373111,0.9180165295502039,1.0,0.7976190476190477
TULP4,0.102762215,0.028556388,0.9181516967471294,1.0,0.27380952380952384
NDST2,0.10272815,0.092310525,0.9181787304705076,1.0,0.11904761904761904
ACVR2B,0.10272815,0.4101795,0.9181787304705076,1.0,0.03571428571428571
DDX11,0.10252378,-0.037612975,0.9183409347961219,1.0,0.09523809523809523
ZSWIM8-AS1,0.10252378,1.6695609,0.9183409347961219,1.0,0.011904761904761904
HIST1H3H,0.10238754,1.4148198,0.9184490729017271,1.0,0.011904761904761904
NCF2,0.1022513,1.4001676,0.9185572125158381,1.0,0.011904761904761904
AC023043.4,0.10211505,1.2942318,0.918665353636469,1.0,0.011904761904761904
GSTM3,0.10211505,0.04938951,0.918665353636469,1.0,0.25
HECW2,0.10211505,0.06989956,0.918665353636469,1.0,0.21428571428571427
APOA1-AS,0.10197881,1.3495964,0.9187734962616328,1.0,0.011904761904761904
AC103691.1,0.10197881,0.2750248,0.9187734962616328,1.0,0.023809523809523808
MIA3,0.101876624,0.04759673,0.9188546042166607,1.0,0.30952380952380953
GTPBP3,0.10177444,0.060058724,0.9189357130160329,1.0,0.10714285714285714
NFYB,0.10170632,0.076188676,0.9189897860176142,1.0,0.19047619047619047
GLS,0.10167226,0.024402313,0.9190168226589116,1.0,0.7023809523809523
FAM131B,0.10157008,0.9573659,0.9190979331444584,1.0,0.011904761904761904
USP20,0.10153601,-0.11644561,0.9191249701600888,1.0,0.047619047619047616
AL133243.2,0.10146789,0.2087105,0.9191790444718353,1.0,0.05952380952380952
AC105052.4,0.10143383,0.86513346,0.9192060817678894,1.0,0.011904761904761904
CRLF1,0.10129759,0.8524244,0.9193142318859203,1.0,0.011904761904761904
CEP295,0.10129759,0.19823828,0.9193142318859203,1.0,0.10714285714285714
EEF2K,0.10126352,0.1292889,0.9193412696487264,1.0,0.15476190476190477
UBE2A,0.10112728,-0.0022387167,0.9194494216322131,1.0,0.4166666666666667
SNED1,0.10109322,0.18793836,0.919476459860995,1.0,0.07142857142857142
AC010538.1,0.10109322,0.6077669,0.919476459860995,1.0,0.011904761904761904
AL049840.3,0.10109322,0.7585308,0.919476459860995,1.0,0.011904761904761904
SMAP1,0.10105916,-0.014713388,0.919503498182879,1.0,0.4880952380952381
MKRN1,0.1010251,0.13550912,0.919530536597834,1.0,0.23809523809523808
DSEL,0.10095698,0.30031395,0.9195846137068328,1.0,0.011904761904761904
AC099343.3,0.100888856,0.16419457,0.9196386911877428,1.0,0.03571428571428571
MTRNR2L4,0.100888856,0.34324718,0.9196386911877428,1.0,0.011904761904761904
LINC01812,0.100820735,0.41576615,0.9196927690403158,1.0,0.011904761904761904
FAM86C1,0.10078667,0.031754352,0.9197198081058984,1.0,0.047619047619047616
HOXB13,0.10075261,0.46603432,0.9197468472643034,1.0,0.023809523809523808
ARL8B,0.10068449,0.07432517,0.919800925859457,1.0,0.2857142857142857
ABCG4,0.10068449,0.15372631,0.919800925859457,1.0,0.011904761904761904
GK,0.100343876,0.13893318,0.9200713243940231,1.0,0.05952380952380952
ATP8B3,0.10030982,0.14115004,0.9200983647562959,1.0,0.03571428571428571
FBXO10,0.100275755,0.23030081,0.9201254052109566,1.0,0.023809523809523808
TUBGCP4,0.10013951,0.1754426,0.9202335679528569,1.0,0.15476190476190477
CRYBG3,0.10003733,0.12180699,0.9203146909778328,1.0,0.19047619047619047
AC093462.1,0.09990108,2.1585443,0.9204228563009402,1.0,0.011904761904761904
AC007823.1,0.09983296,1.7336042,0.9204769395147092,1.0,0.011904761904761904
PRDX2,0.099662654,0.067544565,0.920612149157766,1.0,0.9285714285714286
CNN2,0.0996286,0.055246543,0.9206391913618949,1.0,0.2857142857142857
AL121790.1,0.09956047,1.4540566,0.9206932760454214,1.0,0.011904761904761904
PCSK1,0.09949235,1.4970598,0.920747361095766,1.0,0.011904761904761904
FOXA1,0.09945829,-0.030124888,0.9207744037584176,1.0,0.19047619047619047
TRIP13,0.09935611,0.046144944,0.920855532295916,1.0,0.09523809523809523
AC007952.2,0.09935611,1.3470743,0.920855532295916,1.0,0.011904761904761904
RWDD2A,0.09925392,-0.1621236,0.9209366616570779,1.0,0.047619047619047616
AL022069.3,0.09921986,1.2603327,0.9209637049603565,1.0,0.011904761904761904
EPHX4,0.09898143,0.5738561,0.9211530106405967,1.0,0.047619047619047616
UVRAG,0.098947376,-0.027359707,0.9211800546741568,1.0,0.35714285714285715
MAS1,0.098947376,1.0410532,0.9211800546741568,1.0,0.011904761904761904
AL109946.1,0.098674886,0.8558644,0.9213964102212604,1.0,0.011904761904761904
AL359513.1,0.09847052,0.8648734,0.9215586807001241,1.0,0.011904761904761904
CASKIN1,0.098334275,0.7928185,0.9216668628339887,1.0,0.011904761904761904
PPP1R26-AS1,0.098334275,0.7745961,0.9216668628339887,1.0,0.011904761904761904
KLRG1,0.098266155,0.8681081,0.9217209544445618,1.0,0.011904761904761904
SRRM2-AS1,0.098266155,0.5533394,0.9217209544445618,1.0,0.011904761904761904
AC006213.1,0.098198034,0.686471,0.9217750464172306,1.0,0.011904761904761904
DYRK3,0.09816397,0.024155425,0.9218020925392733,1.0,0.11904761904761904
DCAF10,0.09789148,-0.034052696,0.9220184647685099,1.0,0.30952380952380953
SHISA4,0.09785742,0.15515827,0.9220455117033103,1.0,0.17857142857142858
LCORL,0.09782336,0.011647354,0.9220725587282617,1.0,0.20238095238095238
C1orf115,0.09738056,-0.046279665,0.9224241782422319,1.0,0.14285714285714285
CDK2AP1,0.09724432,0.004370554,0.9225323719154259,1.0,0.75
LGALS3,0.09710807,0.002000653,0.9226405670220851,1.0,0.5357142857142857
PHLDB3,0.09707402,0.31646836,0.9226676160224957,1.0,0.047619047619047616
AAAS,0.09693777,0.1738069,0.9227758129181886,1.0,0.11904761904761904
DGKG,0.09693777,0.46388605,0.9227758129181886,1.0,0.03571428571428571
IKZF3,0.09686965,1.6229061,0.9228299119020301,1.0,0.011904761904761904
AC091132.4,0.09686965,1.6996864,0.9228299119020301,1.0,0.011904761904761904
APBB2,0.09683559,0.055722043,0.9228569615278409,1.0,0.27380952380952384
MAST4-AS1,0.096665286,1.3728019,0.9229922109945511,1.0,0.011904761904761904
PMCH,0.096665286,1.3740087,0.9229922109945511,1.0,0.011904761904761904
BBC3,0.096665286,0.05176584,0.9229922109945511,1.0,0.16666666666666666
OSGEPL1-AS1,0.09659716,1.3874143,0.9230463114048945,1.0,0.011904761904761904
HAUS5,0.09659716,0.21743342,0.9230463114048945,1.0,0.047619047619047616
ADAP1,0.09659716,1.2218103,0.9230463114048945,1.0,0.011904761904761904
FBXL7,0.0965631,-0.031660188,0.9230733617435831,1.0,0.10714285714285714
MEIOC,0.096460916,1.1808254,0.9231545132933435,1.0,0.011904761904761904
INSL6,0.096460916,1.2641802,0.9231545132933435,1.0,0.011904761904761904
STARD6,0.096324675,1.182025,0.9232627166038174,1.0,0.011904761904761904
TRPV1,0.096324675,1.0221953,0.9232627166038174,1.0,0.011904761904761904
KLF6,0.096324675,0.008856681,0.9232627166038174,1.0,0.5595238095238095
CYTOR,0.09625655,-0.010679292,0.923316818791692,1.0,0.7857142857142857
SNX30,0.09625655,-0.07011458,0.923316818791692,1.0,0.03571428571428571
AC010422.2,0.09625655,1.0775646,0.923316818791692,1.0,0.011904761904761904
IL12A-AS1,0.096188426,1.0226618,0.9233709213343265,1.0,0.011904761904761904
AC119800.1,0.096188426,1.1465602,0.9233709213343265,1.0,0.011904761904761904
IL17RD,0.096120305,0.66008186,0.9234250242314723,1.0,0.023809523809523808
GALNT7,0.09608624,-0.036414843,0.9234520758129092,1.0,0.38095238095238093
ITGB4,0.096052185,0.25496608,0.9234791274828806,1.0,0.023809523809523808
BOLA1,0.09601812,0.16196088,0.9235061792413555,1.0,0.08333333333333333
PKHD1L1,0.095984064,0.77408487,0.9235332310883027,1.0,0.011904761904761904
SEMA4G,0.095984064,0.074953035,0.9235332310883027,1.0,0.047619047619047616
SKA2,0.095915936,0.008093784,0.9235873350474898,1.0,0.35714285714285715
PIK3C2B,0.095915936,0.04676624,0.9235873350474898,1.0,0.08333333333333333
VPS45,0.095915936,0.10799925,0.9235873350474898,1.0,0.11904761904761904
IL15,0.095915936,0.98314786,0.9235873350474898,1.0,0.011904761904761904
PPP2R2A,0.09588188,-0.023813099,0.9236143871596675,1.0,0.6666666666666666
EIF4E2,0.095847815,-0.0043132654,0.9236414393601932,1.0,0.5714285714285714
NTNG2,0.09564345,0.8187922,0.923803754416913,1.0,0.011904761904761904
ABCG2,0.09557533,0.7171363,0.9238578601411936,1.0,0.011904761904761904
RWDD3,0.09554127,0.13813646,0.9238849131354516,1.0,0.13095238095238096
AL391422.4,0.095439084,0.27441874,0.9239660726463231,1.0,0.03571428571428571
DEF6,0.09537096,0.7327427,0.9240201794266745,1.0,0.011904761904761904
GBP2,0.09530284,0.7469576,0.9240742865585516,1.0,0.011904761904761904
LINC00511,0.09523472,0.57275176,0.9241283940417061,1.0,0.011904761904761904
RAB3IL1,0.09523472,0.60546666,0.9241283940417061,1.0,0.011904761904761904
ANKFN1,0.095166594,0.18740289,0.9241825018758888,1.0,0.011904761904761904
LINC01011,0.09509847,0.39279693,0.924236610060851,1.0,0.011904761904761904
AL161756.1,0.09509847,0.4167251,0.924236610060851,1.0,0.011904761904761904
FAM214A,0.09496223,0.2019762,0.9243448274821188,1.0,0.13095238095238096
GALNT9,0.09496223,0.1749889,0.9243448274821188,1.0,0.011904761904761904
LPIN2,0.09489411,-0.019350711,0.9243989367179266,1.0,0.2857142857142857
ZNF45,0.09479193,-0.06470292,0.924480101227406,1.0,0.03571428571428571
IPPK,0.09458756,-0.09061581,0.9246424326040485,1.0,0.03571428571428571
MZT2B,0.09458756,-0.00018358967,0.9246424326040485,1.0,0.9166666666666666
ELK1,0.0945535,0.17937447,0.9246694881387517,1.0,0.08333333333333333
BBIP1,0.09441725,-0.0040884153,0.9247777111486033,1.0,0.35714285714285715
DHX9,0.094383195,-0.016474156,0.9248047671186703,1.0,0.39285714285714285
DELE1,0.09421289,0.13781904,0.924940048273075,1.0,0.21428571428571427
ZC3H11A,0.094178826,1.5745478,0.924967104764552,1.0,0.011904761904761904
NLRP12,0.094110705,1.5291313,0.9250212180078532,1.0,0.011904761904761904
FZD1,0.09407664,0.3491355,0.9250482747596153,1.0,0.023809523809523808
HM13-IT1,0.094042584,1.6347455,0.9250753315980768,1.0,0.011904761904761904
ZNF215,0.09400852,0.20125397,0.9251023885232065,1.0,0.047619047619047616
CDKL3,0.0939404,0.28364828,0.9251565026333466,1.0,0.047619047619047616
AC022087.1,0.093906336,1.469713,0.9251835598182947,1.0,0.011904761904761904
LINC01556,0.093906336,1.361495,0.9251835598182947,1.0,0.011904761904761904
C3orf38,0.09380415,0.009348804,0.9252647318922778,1.0,0.10714285714285714
LAPTM4B,0.09373603,0.08883603,0.925318847040571,1.0,0.3333333333333333
LRRC75B,0.093633845,0.22712632,0.9254000204108453,1.0,0.05952380952380952
CLPX,0.09359979,0.032719385,0.9254270783735682,1.0,0.25
TMCC2,0.093497604,1.1207559,0.9255082527791954,1.0,0.011904761904761904
LETM1,0.093497604,-0.014111899,0.9255082527791954,1.0,0.27380952380952384
AC007448.4,0.09342948,1.176241,0.9255623694805177,1.0,0.011904761904761904
LINC02166,0.09336136,1.1654412,0.9256164865262732,1.0,0.011904761904761904
PSMB8-AS1,0.09325918,-0.002953661,0.9256976627401735,1.0,0.03571428571428571
RTN4R,0.09302075,0.8524262,0.925887076912832,1.0,0.011904761904761904
FZD4-DT,0.092952624,0.79985005,0.9259411960199575,1.0,0.011904761904761904
AP001029.2,0.092952624,0.7012914,0.9259411960199575,1.0,0.011904761904761904
MAT2A,0.0928845,0.0023188493,0.9259953154697732,1.0,0.5
ALOXE3,0.0928845,0.95804816,0.9259953154697732,1.0,0.011904761904761904
TXLNB,0.09281638,0.8100521,0.9260494352620302,1.0,0.011904761904761904
CBWD3,0.0927142,0.56718457,0.9261306155919485,1.0,0.047619047619047616
AC084824.4,0.09268014,0.7201813,0.9261576758728722,1.0,0.011904761904761904
NECTIN4,0.09268014,0.65374094,0.9261576758728722,1.0,0.011904761904761904
UST,0.09261201,0.56141484,0.9262117966909593,1.0,0.011904761904761904
YARS2,0.09257796,0.27814487,0.9262388572280604,1.0,0.11904761904761904
AC022007.1,0.09254389,0.67445153,0.9262659178504917,1.0,0.011904761904761904
IPO13,0.092441715,0.22247109,0.9263471002294557,1.0,0.09523809523809523
AC004771.5,0.09240765,0.45875445,0.9263741611928965,1.0,0.011904761904761904
LINC00954,0.09240765,0.46283007,0.9263741611928965,1.0,0.011904761904761904
RP1L1,0.09233953,0.44779292,0.9264282833752708,1.0,0.011904761904761904
RRM2B,0.09220328,0.028063131,0.9265365287611185,1.0,0.6666666666666666
SMIM30,0.092169225,-0.016319692,0.9265635903201278,1.0,0.4166666666666667
ENTPD1,0.09203298,0.064100526,0.9266718374054204,1.0,0.023809523809523808
CPOX,0.09203298,0.287297,0.9266718374054204,1.0,0.16666666666666666
AP001057.1,0.09199892,0.07672107,0.9266988993889018,1.0,0.011904761904761904
SULT1B1,0.09199892,0.010088841,0.9266988993889018,1.0,0.5595238095238095
AAMP,0.09186267,0.19917485,0.9268071481705265,1.0,0.2261904761904762
EVC2,0.09186267,0.054111265,0.9268071481705265,1.0,0.03571428571428571
PURPL,0.091760494,0.10344237,0.9268883356459572,1.0,0.19047619047619047
MAGEH1,0.091692366,0.2702135,0.9269424610525452,1.0,0.07142857142857142
ARSD,0.09145394,0.009350213,0.9271319026363755,1.0,0.27380952380952384
LINC02535,0.091351755,1.6456238,0.9272130931517548,1.0,0.011904761904761904
AC006064.1,0.091351755,1.7896307,0.9272130931517548,1.0,0.011904761904761904
C6orf226,0.09121551,0.12609456,0.9273213483510484,1.0,0.08333333333333333
AL450384.2,0.09121551,1.6032645,0.9273213483510484,1.0,0.011904761904761904
HIC2,0.09104521,0.22298715,0.9274566692418433,1.0,0.03571428571428571
AP006248.4,0.091011144,1.3984152,0.9274837336719147,1.0,0.011904761904761904
AL606834.2,0.09094302,1.3423272,0.9275378627837206,1.0,0.011904761904761904
DAG1,0.09090897,-0.039358445,0.927564927465393,1.0,0.3333333333333333
AL358472.4,0.0908749,1.210092,0.9275919922308701,1.0,0.011904761904761904
NAA80,0.0908749,0.26529428,0.9275919922308701,1.0,0.10714285714285714
CERS6-AS1,0.0908749,1.2550292,0.9275919922308701,1.0,0.011904761904761904
TRMT5,0.09084084,0.059027668,0.9276190570801206,1.0,0.15476190476190477
ZNF808,0.09080678,0.18862227,0.9276461220131137,1.0,0.047619047619047616
AL137003.2,0.09067053,1.1180228,0.9277543825818874,1.0,0.011904761904761904
PRR36,0.09060241,1.1721913,0.9278085133679191,1.0,0.011904761904761904
AC233280.1,0.09060241,1.1269114,0.9278085133679191,1.0,0.011904761904761904
OXLD1,0.09053429,-0.0058440925,0.9278626444880487,1.0,0.40476190476190477
AC096586.1,0.09005744,0.85486764,0.9282415716627644,1.0,0.011904761904761904
CACFD1,0.09005744,0.482712,0.9282415716627644,1.0,0.03571428571428571
UBN1,0.090023376,0.05962744,0.928268638513238,1.0,0.36904761904761907
NRF1,0.08998931,0.47816318,0.9282957054467067,1.0,0.03571428571428571
AQP1,0.08978495,0.59854746,0.9284581087886685,1.0,0.011904761904761904
OTUD3,0.08971683,0.19830424,0.9285122438985368,1.0,0.05952380952380952
ZFHX4,0.08937622,0.064391,0.9287829244057731,1.0,0.13095238095238096
SPIN4,0.0893081,0.7614448,0.9288370614970549,1.0,0.023809523809523808
ATP6AP1,0.089274034,0.010538142,0.9288641301662226,1.0,0.5833333333333334
RAPGEF5,0.08913779,-0.07851126,0.9289724056656783,1.0,0.32142857142857145
EMC1-AS1,0.08910373,0.11380363,0.9289994747460828,1.0,0.023809523809523808
LRRC70,0.08903561,0.42323723,0.9290536131533222,1.0,0.023809523809523808
MREG,0.08896749,0.6939896,0.929107751888928,1.0,0.023809523809523808
ZNF592,0.08896749,-0.08778112,0.929107751888928,1.0,0.08333333333333333
PHPT1,0.08893342,-0.023682512,0.9291348213797903,1.0,0.9166666666666666
PSAP,0.08893342,-0.00021454266,0.9291348213797903,1.0,0.9047619047619048
PEX12,0.088695,0.5294534,0.9293243101100296,1.0,0.023809523809523808
RGS17,0.08866093,0.10093403,0.9293513802560045,1.0,0.11904761904761904
CEP57L1,0.08862688,0.053259693,0.9293784504837282,1.0,0.19047619047619047
PDE1C,0.08859281,1.6368046,0.9294055207931697,1.0,0.011904761904761904
AL159166.1,0.08855875,0.35132417,0.9294325911842978,1.0,0.023809523809523808
AC027307.1,0.08845657,1.4877883,0.9295138028474895,1.0,0.011904761904761904
AC090739.1,0.08838844,1.5051281,0.9295679443641455,1.0,0.011904761904761904
AC093627.5,0.08832032,1.3510588,0.9296220862067996,1.0,0.011904761904761904
TTC7B,0.08832032,0.063833974,0.9296220862067996,1.0,0.16666666666666666
PIK3CG,0.088286266,0.02127913,0.9296491572502983,1.0,0.05952380952380952
PLAAT1,0.0882522,1.280854,0.9296762283752029,1.0,0.011904761904761904
TLE4,0.08821814,0.24888149,0.9297032995814825,1.0,0.10714285714285714
AC100800.1,0.08811596,1.1817493,0.9297845136882592,1.0,0.011904761904761904
FHIT,0.08804783,1.2556213,0.9298386568324137,1.0,0.011904761904761904
DDX10,0.08797971,0.024701437,0.9298928003013202,1.0,0.6666666666666666
H2AFV,0.087945655,0.027296262,0.9299198721574773,1.0,0.7023809523809523
ASB16-AS1,0.087945655,0.21184543,0.9299198721574773,1.0,0.047619047619047616
MSS51,0.08791159,1.053933,0.929946944094729,1.0,0.011904761904761904
AC107214.1,0.08784347,0.26837474,0.930001088212391,1.0,0.03571428571428571
RPL4,0.08777535,3.101278e-05,0.9300552326540569,1.0,1.0
LINC02328,0.0876391,0.13573062,0.930163522508403,1.0,0.03571428571428571
CCDC126,0.0876391,0.24413149,0.930163522508403,1.0,0.08333333333333333
TGM2,0.087605044,0.033937022,0.9301905951741023,1.0,1.0
PLTP,0.087605044,0.22073866,0.9301905951741023,1.0,0.023809523809523808
AMD1,0.08757098,0.034854323,0.9302176679205844,1.0,0.4166666666666667
AL354696.2,0.08757098,0.8377087,0.9302176679205844,1.0,0.011904761904761904
JAK2,0.087468795,0.14716867,0.930298886644416,1.0,0.08333333333333333
OXNAD1,0.08726443,0.27983776,0.930461326269007,1.0,0.05952380952380952
AL031595.2,0.08723037,0.6681723,0.9304883998216028,1.0,0.011904761904761904
REPS2,0.08716225,0.7465977,0.9305425471680833,1.0,0.011904761904761904
POGLUT2,0.087060064,-0.027000075,0.930623768790558,1.0,0.13095238095238096
CSF3,0.08699194,0.033304352,0.9306779169403467,1.0,0.13095238095238096
TRPS1,0.08675352,0.089454286,0.9308674379899559,1.0,0.05952380952380952
AK2,0.08661727,0.034341313,0.9309757374933529,1.0,0.34523809523809523
HIST1H2AM,0.08654915,0.48605925,0.9310298877244492,1.0,0.011904761904761904
CHGB,0.08641291,0.16887158,0.9311381891441899,1.0,0.011904761904761904
ZBED6,0.08634478,0.092655316,0.9311923403323356,1.0,0.011904761904761904
GRASP,0.08597011,0.15904489,0.9314901775539518,1.0,0.15476190476190477
CTNNBL1,0.08590199,-0.017831689,0.9315443308080036,1.0,0.38095238095238093
PPP2R3B,0.08590199,0.2457531,0.9315443308080036,1.0,0.08333333333333333
ZFYVE1,0.08569762,-0.1390521,0.9317067924705389,1.0,0.07142857142857142
NRM,0.08569762,0.0076881014,0.9317067924705389,1.0,0.07142857142857142
BORCS8,0.08569762,0.23917337,0.9317067924705389,1.0,0.14285714285714285
ARHGAP9,0.0856295,1.4733487,0.9317609469906791,1.0,0.011904761904761904
LINC02340,0.0856295,1.4161226,0.9317609469906791,1.0,0.011904761904761904
CBX1,0.08556138,0.011214469,0.9318151018267179,1.0,0.5357142857142857
LRRC59,0.08556138,0.06097428,0.9318151018267179,1.0,0.47619047619047616
AC024075.2,0.08549326,0.32266107,0.9318692569784056,1.0,0.03571428571428571
DCAF16,0.085391074,0.09427869,0.9319504902972333,1.0,0.14285714285714285
POLA2,0.08535701,0.3405695,0.93197756822773,1.0,0.03571428571428571
CKB,0.08522077,-0.08747161,0.9320858807366568,1.0,0.023809523809523808
NPIPB2,0.08508452,1.045365,0.9321941945031897,1.0,0.011904761904761904
AC023355.1,0.08494828,1.0121292,0.9323025095253331,1.0,0.011904761904761904
EBPL,0.084914215,-0.011053548,0.9323295884768241,1.0,0.6071428571428571
FUT1,0.08474391,0.33360106,0.9324649844084509,1.0,0.03571428571428571
SIX5,0.08470985,0.18467274,0.9324920638293924,1.0,0.05952380952380952
OR7A17,0.08460767,0.78885084,0.9325733025608871,1.0,0.011904761904761904
POLR3H,0.08453955,0.08436442,0.9326274621054639,1.0,0.16666666666666666
DNAJC27-AS1,0.08453955,0.43624994,0.9326274621054639,1.0,0.023809523809523808
KLHL8,0.08436924,0.2230835,0.9327628623309504,1.0,0.15476190476190477
AC093227.1,0.08426706,0.62563443,0.9328441034003395,1.0,0.011904761904761904
AC124242.1,0.08426706,0.73555344,0.9328441034003395,1.0,0.011904761904761904
AC004494.1,0.084130816,0.6035368,0.9329524259142249,1.0,0.011904761904761904
EHD2,0.08409675,0.033154942,0.9329795067367799,1.0,0.75
RHBDF2,0.08406269,0.23989527,0.9330065876369059,1.0,0.11904761904761904
TRIM73,0.08402863,0.08627605,0.9330336686145719,1.0,0.14285714285714285
SAMD10,0.08399457,0.63552,0.9330607496697465,1.0,0.023809523809523808
EXOC3,0.08399457,0.07192697,0.9330607496697465,1.0,0.17857142857142858
AP001442.1,0.08396051,-0.08663017,0.9330878308023987,1.0,0.03571428571428571
NRGN,0.08396051,-0.045555558,0.9330878308023987,1.0,0.4166666666666667
CFAP221,0.08392645,0.5470719,0.9331149120124972,1.0,0.011904761904761904
GKAP1,0.083858326,0.30317724,0.9331690746649082,1.0,0.05952380952380952
HES4,0.08382426,0.32089603,0.9331961561071582,1.0,0.03571428571428571
POMGNT1,0.083790205,0.07547193,0.9332232376267299,1.0,0.23809523809523808
AL035252.3,0.08372208,0.30797514,0.9332774008977129,1.0,0.011904761904761904
RAB33A,0.08365396,0.38709003,0.9333315644776076,1.0,0.011904761904761904
CDK1,0.083585836,-0.017140303,0.9333857283661642,1.0,0.09523809523809523
DNAJB5,0.08355177,-0.048197903,0.9334128104261128,1.0,0.047619047619047616
LYVE1,0.083177105,-0.25652412,0.9337107181654295,1.0,0.07142857142857142
PAM,0.08304086,-0.00513874,0.9338190505564987,1.0,0.36904761904761907
RBBP9,0.08304086,-0.03812011,0.9338190505564987,1.0,0.14285714285714285
EXO5,0.082972735,-0.051904526,0.9338732172117814,1.0,0.023809523809523808
GGACT,0.082904615,-0.023886483,0.93392738417323,1.0,0.023809523809523808
AL590064.1,0.08280243,1.5699772,0.9340086351889179,1.0,0.011904761904761904
ZBTB17,0.08273431,0.46033144,0.9340628029146889,1.0,0.05952380952380952
ZC3H8,0.08252995,-0.11647846,0.9342253079227564,1.0,0.20238095238095238
ZNF205,0.08249588,0.26464614,0.934252392357425,1.0,0.08333333333333333
DDX41,0.08242776,0.036184113,0.9343065614550445,1.0,0.16666666666666666
HSD17B1,0.08229151,-0.11756411,0.9344149005625402,1.0,0.023809523809523808
PAPLN,0.08212121,0.9519279,0.9345503261548153,1.0,0.011904761904761904
AC007773.1,0.08212121,0.909555,0.9345503261548153,1.0,0.011904761904761904
RUNDC3A-AS1,0.08212121,0.91698563,0.9345503261548153,1.0,0.011904761904761904
PWWP2B,0.08205309,0.35850626,0.9346044969222728,1.0,0.03571428571428571
KREMEN1,0.0819509,-0.27104703,0.9346857536411223,1.0,0.03571428571428571
MGST1,0.08171248,0.0014080469,0.9348753552964969,1.0,0.9047619047619048
AC009126.1,0.081644356,0.7555528,0.9349295278769812,1.0,0.011904761904761904
AC055764.2,0.081644356,0.8163188,0.9349295278769812,1.0,0.011904761904761904
SMIM17,0.081576236,0.6370459,0.9349837007587627,1.0,0.011904761904761904
SAMMSON,0.081576236,0.74477005,0.9349837007587627,1.0,0.011904761904761904
DEXI,0.08154217,0.12791961,0.9350107873125617,1.0,0.2261904761904762
Z69720.1,0.081508115,0.61591935,0.9350378739415915,1.0,0.011904761904761904
MEGF6,0.08140593,0.16019434,0.9351191342797525,1.0,0.03571428571428571
DHRSX-IT1,0.081371866,0.6945435,0.9351462212093926,1.0,0.011904761904761904
ROGDI,0.08133781,0.108542755,0.9351733082141074,1.0,0.10714285714285714
HIST1H2AG,0.081303746,0.6106457,0.9352003952938654,1.0,0.011904761904761904
GLT8D1,0.081303746,-0.026699599,0.9352003952938654,1.0,0.42857142857142855
EIF1B-AS1,0.08106532,0.17993465,0.9353900069507634,1.0,0.047619047619047616
MAP3K21,0.081031255,0.45673725,0.9354170946297443,1.0,0.011904761904761904
RNF111,0.080895014,-0.09800646,0.9355254460929797,1.0,0.16666666666666666
AL009179.1,0.080895014,0.24671584,0.9355254460929797,1.0,0.011904761904761904
ADORA2B,0.08086095,0.09533174,0.9355525341454605,1.0,0.15476190476190477
AL161891.1,0.08082689,0.2902376,0.9355796222725474,1.0,0.011904761904761904
TMEM132A,0.08079283,-0.049145043,0.9356067104742094,1.0,0.25
PRR7,0.080758765,0.068727426,0.9356337987504152,1.0,0.27380952380952384
ZBTB20-AS2,0.080622524,0.10151296,0.9357421526000524,1.0,0.011904761904761904
STAG1,0.080622524,-0.05502239,0.9357421526000524,1.0,0.19047619047619047
ME3,0.08048628,0.055450927,0.9358505076398932,1.0,0.08333333333333333
UBTD1,0.080418155,-0.010440748,0.9359046856055154,1.0,0.19047619047619047
RARA,0.08031598,0.023925003,0.9359859531103737,1.0,0.17857142857142858
TGIF1,0.08021379,-0.013416021,0.9360672212821923,1.0,0.17857142857142858
TEP1,0.08017973,0.43847576,0.9360943108208661,1.0,0.07142857142857142
TBC1D16,0.08014567,0.09700827,0.9361214004335219,1.0,0.13095238095238096
LMCD1,0.080077544,-0.029521486,0.9361755798806538,1.0,0.17857142857142858
PLCB2,0.07997537,1.4110619,0.9362568496054345,1.0,0.011904761904761904
LINC00471,0.07983912,1.3376347,0.936365210271452,1.0,0.011904761904761904
LAMB3,0.07980506,0.0149557395,0.9363923006222084,1.0,0.10714285714285714
ADHFE1,0.079771,1.2345985,0.9364193910466029,1.0,0.011904761904761904
YTHDF3-AS1,0.079771,0.30890658,0.9364193910466029,1.0,0.023809523809523808
NLRC5,0.07970288,0.35605425,0.9364735721161821,1.0,0.047619047619047616
MAD1L1,0.079634756,0.31707355,0.9365277534799397,1.0,0.05952380952380952
AC023908.3,0.079566635,1.0943406,0.9365819351376259,1.0,0.011904761904761904
AL353796.1,0.07949851,0.45143047,0.936636117088991,1.0,0.023809523809523808
CEP85,0.079294145,0.103806056,0.9367986647026603,1.0,0.047619047619047616
AC018809.1,0.079294145,1.0971642,0.9367986647026603,1.0,0.011904761904761904
AL596244.1,0.079294145,1.019373,0.9367986647026603,1.0,0.011904761904761904
AL355353.1,0.079089776,0.8794429,0.9369612149504438,1.0,0.011904761904761904
LINC00294,0.079089776,0.3046402,0.9369612149504438,1.0,0.05952380952380952
RAVER2,0.07898759,0.15472601,0.9370424910600201,1.0,0.08333333333333333
AL122125.1,0.078953534,0.71916795,0.9370695832423648,1.0,0.011904761904761904
ZNF530,0.078681044,0.6881841,0.9372863233213676,1.0,0.011904761904761904
CCDC13,0.078408554,0.47384274,0.9375030680472576,1.0,0.011904761904761904
EML6,0.07827231,0.09664568,0.9376114421477871,1.0,0.023809523809523808
SMN1,0.07827231,0.6848126,0.9376114421477871,1.0,0.023809523809523808
PPP1R8,0.07820419,0.1020863,0.9376656296315733,1.0,0.13095238095238096
ZFP28,0.07799982,0.5722611,0.9378281938140185,1.0,0.047619047619047616
FUT4,0.0779317,0.5789905,0.9378823824510294,1.0,0.023809523809523808
AC008686.1,0.07786358,0.22196285,0.9379365713757215,1.0,0.011904761904761904
AP000944.7,0.07779545,0.40497676,0.9379907605878451,1.0,0.011904761904761904
CENPA,0.077693276,0.31061855,0.9380720449444175,1.0,0.07142857142857142
NETO2,0.07748891,0.13098288,0.9382346155926625,1.0,0.14285714285714285
AC145207.3,0.07728454,2.5554924,0.938397188815417,1.0,0.011904761904761904
TXNDC5,0.07725048,0.004669908,0.9384242846023684,1.0,0.75
AC007996.1,0.07718236,-0.42933887,0.9384784763901262,1.0,0.023809523809523808
NRROS,0.077012055,1.2730622,0.9386139571055501,1.0,0.011904761904761904
RNF38,0.07697799,0.025971452,0.9386410534619899,1.0,0.15476190476190477
FOXM1,0.07694393,0.1866712,0.9386681498894751,1.0,0.08333333333333333
RDH10,0.07677363,-0.15384105,0.9388036330914892,1.0,0.14285714285714285
GAREM2,0.0767055,0.7864455,0.938857826868519,1.0,0.023809523809523808
AC092040.1,0.07656926,-0.09718173,0.938966215271874,1.0,0.023809523809523808
ZNF92,0.07650114,0.23523054,0.939020409897699,1.0,0.08333333333333333
SLC25A39,0.07650114,0.030133365,0.939020409897699,1.0,0.4166666666666667
CENPU,0.07643302,0.51252574,0.9390746048059556,1.0,0.047619047619047616
SYDE1,0.07643302,0.14859384,0.9390746048059556,1.0,0.05952380952380952
TMEM191C,0.076398954,0.89636844,0.9391017023659177,1.0,0.011904761904761904
DTL,0.07629677,0.40318552,0.9391829954687637,1.0,0.023809523809523808
MEMO1,0.07622865,0.14619397,0.9392371912228151,1.0,0.10714285714285714
GMNN,0.07605834,0.16458309,0.9393726818386596,1.0,0.15476190476190477
OTUD1,0.07602428,0.101047136,0.9393997801725584,1.0,0.023809523809523808
TEX264,0.07585397,0.046900813,0.9395352728939821,1.0,0.2857142857142857
AC006504.5,0.07578585,0.018396394,0.9395894704728688,1.0,0.09523809523809523
PALMD,0.0757518,0.008150141,0.939616569367255,1.0,0.5238095238095238
JAG2,0.07551336,0.47520596,0.9398062635839765,1.0,0.011904761904761904
ATPAF1,0.07524088,-0.04921941,0.9400230611559781,1.0,0.17857142857142858
ZNF782,0.075138696,0.3538344,0.9401043613922861,1.0,0.023809523809523808
FBXL14,0.07510463,0.28232843,0.9401314616098123,1.0,0.011904761904761904
SPATA24,0.075070575,-0.07396914,0.9401585618966649,1.0,0.047619047619047616
ITM2B,0.07503651,-0.00036919655,0.9401856622528125,1.0,0.9642857142857143
COIL,0.074934326,-0.045946106,0.940266963736713,1.0,0.21428571428571427
KLHL35,0.07490027,0.44870034,0.9402940643697283,1.0,0.03571428571428571
RNF180,0.074866205,0.24421684,0.9403211650718822,1.0,0.05952380952380952
ENDOD1,0.07462778,0.0698145,0.9405108719202186,1.0,0.2857142857142857
NSUN3,0.074525595,0.06603743,0.9405921758891745,1.0,0.09523809523809523
AL138762.1,0.07438935,1.4444474,0.9407005821440972,1.0,0.011904761904761904
AL035587.2,0.074321225,0.27792826,0.9407547856837023,1.0,0.03571428571428571
PCDH12,0.074321225,0.06299369,0.9407547856837023,1.0,0.08333333333333333
GEMIN7-AS1,0.074184984,1.2885249,0.9408631935859485,1.0,0.011904761904761904
ZNF500,0.07415092,0.03459522,0.9408902957327936,1.0,0.07142857142857142
AC007952.7,0.07404874,1.1165764,0.940971602583909,1.0,0.011904761904761904
ADPRHL1,0.073980615,1.2350172,0.9410258074931566,1.0,0.011904761904761904
UBE2N,0.073980615,-0.014486549,0.9410258074931566,1.0,0.5952380952380952
RAB33B,0.07384437,0.16081658,0.9411342181309358,1.0,0.07142857142857142
HOXA10,0.07370813,1.0162683,0.9412426298594259,1.0,0.011904761904761904
IAPP,0.07364001,0.8140035,0.9412968361320619,1.0,0.011904761904761904
AC130324.1,0.07364001,0.8430179,0.9412968361320619,1.0,0.011904761904761904
CCNT2-AS1,0.07350376,0.12873107,0.9414052494928655,1.0,0.023809523809523808
DPH2,0.073469706,0.3267738,0.9414323530027864,1.0,0.07142857142857142
USP28,0.073469706,0.2871073,0.9414323530027864,1.0,0.11904761904761904
AC007383.3,0.07343564,0.8337589,0.9414594565805325,1.0,0.011904761904761904
TTC25,0.07343564,0.8463767,0.9414594565805325,1.0,0.011904761904761904
AP000553.2,0.07343564,0.72356844,0.9414594565805325,1.0,0.011904761904761904
ZNF200,0.07336752,0.0902649,0.9415136639393762,1.0,0.07142857142857142
GVQW2,0.0732994,0.75010604,0.9415678715691462,1.0,0.011904761904761904
DNAJC9,0.07323127,0.17206873,0.9416220794695924,1.0,0.19047619047619047
TAS2R30,0.07323127,0.76666886,0.9416220794695924,1.0,0.011904761904761904
TBC1D7,0.073129095,0.05443227,0.9417033918272322,1.0,0.23809523809523808
FOXC1,0.07302691,0.027917951,0.9417847047924859,1.0,0.11904761904761904
AC018647.2,0.07289066,0.017977668,0.9418931230232086,1.0,0.03571428571428571
VAV3,0.07289066,0.38942498,0.9418931230232086,1.0,0.023809523809523808
STYXL1,0.07289066,0.12336897,0.9418931230232086,1.0,0.16666666666666666
RPL10A,0.072856605,0.016745584,0.9419202277492017,1.0,1.0
HEXIM1,0.07275442,0.07834275,0.9420015423306307,1.0,0.09523809523809523
ADAMTSL4-AS1,0.07261818,0.0783063,0.9421099627127505,1.0,0.023809523809523808
MAP4K4,0.072584115,0.014874235,0.9421370679759673,1.0,0.9047619047619048
SLC46A3,0.07255005,0.38733423,0.9421641733061964,1.0,0.05952380952380952
ACBD4,0.072515994,-0.34240058,0.9421912787034064,1.0,0.03571428571428571
AC005306.1,0.07241381,0.3553256,0.942272595296609,1.0,0.011904761904761904
C8orf37,0.072311625,0.3730033,0.9423539124915137,1.0,0.03571428571428571
AC138207.2,0.07214132,0.18624504,0.9424894424845102,1.0,0.011904761904761904
MGST2,0.0720732,-0.04927068,0.9425436549481665,1.0,0.4523809523809524
AC074032.1,0.07190289,0.1623138,0.9426791872712617,1.0,0.07142857142857142
TGFB2,0.0716304,1.994331,0.9428960424386872,1.0,0.011904761904761904
LINC02245,0.07152822,0.42120382,0.9429773642185804,1.0,0.023809523809523808
CPEB1-AS1,0.07149416,1.3156905,0.9430044716106711,1.0,0.011904761904761904
AC147651.1,0.07128979,1.1540266,0.9431671173483543,1.0,0.011904761904761904
LINC01341,0.07128979,1.1113241,0.9431671173483543,1.0,0.011904761904761904
AP002748.4,0.07111949,-0.04920807,0.9433026572735197,1.0,0.05952380952380952
CDIPT,0.07094918,0.057946138,0.9434381988403581,1.0,0.27380952380952384
LDAH,0.070915125,-0.054236773,0.9434653073503824,1.0,0.09523809523809523
UCKL1-AS1,0.07088106,0.91476256,0.9434924159258857,1.0,0.011904761904761904
H2AFY,0.070847,0.02292726,0.943519524566837,1.0,0.6785714285714286
NOS3,0.07081294,0.10263361,0.9435466332732049,1.0,0.2857142857142857
AC083862.3,0.07074482,0.8863517,0.9436008508820651,1.0,0.011904761904761904
TM4SF1-AS1,0.07047233,0.810611,0.9438177239279111,1.0,0.011904761904761904
AC068700.1,0.07047233,0.57580864,0.9438177239279111,1.0,0.011904761904761904
OCEL1,0.070438266,0.063674085,0.943844833351796,1.0,0.16666666666666666
C12orf76,0.070438266,0.10212994,0.943844833351796,1.0,0.2619047619047619
NOTCH2NLA,0.070370145,0.24614957,0.9438990523946579,1.0,0.03571428571428571
ARAP1,0.07026796,-0.01723047,0.9439803814462108,1.0,0.05952380952380952
AC104564.5,0.07019984,0.553203,0.9440346011383878,1.0,0.011904761904761904
RAP2C-AS1,0.07016578,0.45876643,0.9440617110817249,1.0,0.023809523809523808
DNAH10OS,0.0700636,0.52591795,0.9441430413003553,1.0,0.011904761904761904
AP000759.1,0.06999548,0.48988727,0.9441972617696451,1.0,0.011904761904761904
HDAC11,0.06992735,0.039272834,0.9442514824974717,1.0,0.03571428571428571
ZNF613,0.06989329,0.5541102,0.944278592958258,1.0,0.023809523809523808
USP53,0.069757044,0.040947363,0.9443870354464935,1.0,0.30952380952380953
CLP1,0.06941643,-0.14876342,0.9446581461717581,1.0,0.05952380952380952
ZDHHC16,0.06934831,0.024857022,0.9447123690870379,1.0,0.17857142857142858
REEP4,0.06924613,-0.099998884,0.9447937039401756,1.0,0.08333333333333333
AC015967.1,0.06924613,0.18603238,0.9447937039401756,1.0,0.011904761904761904
AC011472.3,0.06917801,0.10478237,0.9448479274953809,1.0,0.011904761904761904
HELZ2,0.06914395,0.045398645,0.9448750393688237,1.0,0.07142857142857142
CDKL1,0.06907582,0.085791536,0.944929263307233,1.0,0.08333333333333333
TOP3B,0.06907582,0.12334315,0.944929263307233,1.0,0.07142857142857142
B3GAT2,0.06887146,0.49475983,0.9450919366523969,1.0,0.023809523809523808
NAA35,0.0688374,-0.038623326,0.9451190490993778,1.0,0.25
ATP13A1,0.068769276,0.24319592,0.9451732741840183,1.0,0.08333333333333333
SCLT1,0.06873521,0.061247014,0.9452003868216152,1.0,0.10714285714285714
MIR210HG,0.06866709,0.5287316,0.9452546122872056,1.0,0.023809523809523808
AC089999.2,0.06859897,1.2898208,0.9453088380064498,1.0,0.011904761904761904
LINC00653,0.06859897,1.0402893,0.9453088380064498,1.0,0.011904761904761904
NFIA,0.06853085,0.023252826,0.9453630639790972,1.0,0.6547619047619048
MIR133A1HG,0.0683946,1.0121583,0.9454715166835995,1.0,0.011904761904761904
ZNF880,0.0683946,-0.045315653,0.9454715166835995,1.0,0.023809523809523808
BRCA2,0.068360545,0.29883224,0.9454986300177107,1.0,0.05952380952380952
HULC,0.06832648,0.987554,0.9455257434149535,1.0,0.011904761904761904
LNX1,0.06832648,0.21181877,0.9455257434149535,1.0,0.05952380952380952
CDK5RAP1,0.068292424,-0.03011813,0.9455528568752968,1.0,0.15476190476190477
RHOBTB2,0.06812212,0.34615484,0.945688425122422,1.0,0.05952380952380952
AP001160.2,0.06778151,0.7727853,0.9459595663311939,1.0,0.011904761904761904
HCN3,0.06764526,0.7012731,0.9460680245692383,1.0,0.011904761904761904
ADCY9,0.06764526,-0.03282394,0.9460680245692383,1.0,0.047619047619047616
SETD1B,0.06750902,0.16742215,0.9461764838068684,1.0,0.07142857142857142
ABHD16A,0.06750902,0.014345589,0.9461764838068684,1.0,0.15476190476190477
AC073332.1,0.06716841,0.48688594,0.9464476362609793,1.0,0.011904761904761904
ZNF214,0.06696404,0.47291702,0.9466103307131636,1.0,0.011904761904761904
RPL35A,0.06692998,-0.005076821,0.9466374466718444,1.0,1.0
AC008883.3,0.06689592,0.24870045,0.9466645626923414,1.0,0.011904761904761904
PIFO,0.06689592,0.5447253,0.9466645626923414,1.0,0.023809523809523808
SNAPC1,0.06679373,-0.06995992,0.9467459111244187,1.0,0.17857142857142858
ZNF804A,0.066759676,0.23784079,0.9467730273918687,1.0,0.047619047619047616
CDYL2,0.066759676,-0.030365216,0.9467730273918687,1.0,0.14285714285714285
TMEM185A,0.066691555,0.03197965,0.9468272601117169,1.0,0.10714285714285714
IFI27L1,0.06665749,-0.06277733,0.9468543765640526,1.0,0.21428571428571427
CMIP,0.06662343,-0.0028386486,0.9468814930779542,1.0,0.7261904761904762
SEC61A2,0.06662343,0.04109328,0.9468814930779542,1.0,0.07142857142857142
UBXN4,0.06658937,0.012061815,0.9469086096533904,1.0,0.8095238095238095
AL590705.1,0.06655531,0.8892245,0.9469357262903298,1.0,0.023809523809523808
LINC00324,0.066487186,0.22074462,0.9469899597485935,1.0,0.011904761904761904
MZF1,0.066419065,-0.0392261,0.9470441934524944,1.0,0.11904761904761904
PTGES2,0.066419065,0.101553224,0.9470441934524944,1.0,0.36904761904761907
NCMAP-DT,0.066419065,-0.05779806,0.9470441934524944,1.0,0.011904761904761904
TCEA3,0.066350944,-0.022920724,0.947098427401782,1.0,0.011904761904761904
NDUFAF7,0.06631688,-0.009653445,0.9471255444683675,1.0,0.10714285714285714
TUSC3,0.066214696,-0.03168231,0.9472068960355152,1.0,0.011904761904761904
CATSPER1,0.065942205,-0.1885441,0.9474238362365976,1.0,0.08333333333333333
AC105052.5,0.06590815,1.3489242,0.9474509540361485,1.0,0.011904761904761904
HARBI1,0.06573784,-0.47693923,0.9475865439464297,1.0,0.023809523809523808
KIF3B,0.06573784,0.07266481,0.9475865439464297,1.0,0.2857142857142857
PRDX5,0.06566972,-0.020793047,0.947640780335803,1.0,0.9166666666666666
CEP70,0.065533474,0.18384218,0.94774925384219,1.0,0.09523809523809523
ING1,0.06546535,0.20699514,0.9478034909587023,1.0,0.08333333333333333
CACNG6,0.06519286,0.11219135,0.9480204418410304,1.0,0.023809523809523808
DYNLL2,0.06509068,0.1851736,0.9481017994163784,1.0,0.17857142857142858
SCAMP5,0.06502256,0.11372599,0.948156038100621,1.0,0.03571428571428571
TRIM56,0.0649885,-0.028526906,0.9481831575328514,1.0,0.35714285714285715
HEXB,0.06488632,0.04678315,0.9482645161896036,1.0,0.5119047619047619
PLCG1,0.06478413,0.024420196,0.9483458753857891,1.0,0.13095238095238096
TOR1A,0.064477585,-0.0074941707,0.9485899562024854,1.0,0.2619047619047619
CCM2L,0.064477585,-0.2282955,0.9485899562024854,1.0,0.03571428571428571
LINC02175,0.06440946,0.4024611,0.9486441970399493,1.0,0.011904761904761904
C11orf98,0.06434134,-0.22009909,0.9486984381154066,1.0,0.03571428571428571
GPR161,0.06430728,-0.06087175,0.9487255587423045,1.0,0.13095238095238096
CCDC190,0.064273216,0.3895719,0.9487526794286067,1.0,0.011904761904761904
PLXNC1,0.064273216,0.40761712,0.9487526794286067,1.0,0.011904761904761904
CABLES2,0.06417103,0.4831157,0.9488340418436265,1.0,0.023809523809523808
GIPC2,0.064136975,0.3340302,0.948861162767233,1.0,0.011904761904761904
RPS6KA4,0.064136975,0.032262716,0.948861162767233,1.0,0.09523809523809523
NBPF19,0.06396667,0.24421734,0.9489967682733541,1.0,0.023809523809523808
PSMG1,0.06383042,0.059694503,0.9491052537420774,1.0,0.2619047619047619
PSMA6,0.06383042,-0.018138701,0.9491052537420774,1.0,0.6309523809523809
SPAG8,0.06372824,0.26547244,0.9491866184628694,1.0,0.011904761904761904
FAM83G,0.063660115,-0.20907955,0.9492408619044745,1.0,0.03571428571428571
AC137932.3,0.063660115,-0.25755695,0.9492408619044745,1.0,0.03571428571428571
SNX22,0.06362606,0.27936926,0.9492679837135063,1.0,0.023809523809523808
AC009318.1,0.06355794,0.25904292,0.9493222275078714,1.0,0.03571428571428571
ATP9B,0.06338763,0.13008952,0.949457838020748,1.0,0.08333333333333333
TTC12,0.06335357,-0.08470406,0.9494849602991235,1.0,0.023809523809523808
LPCAT3,0.06318326,0.04987348,0.9496205725682785,1.0,0.13095238095238096
LINC02361,0.06318326,-0.2675183,0.9496205725682785,1.0,0.011904761904761904
ZNF19,0.06318326,-0.20302135,0.9496205725682785,1.0,0.011904761904761904
POLD3,0.06297889,0.13199013,0.9497833092171376,1.0,0.11904761904761904
EIF2B5,0.06294484,-0.014565682,0.949810432195768,1.0,0.19047619047619047
TAF15,0.06294484,0.055204388,0.949810432195768,1.0,0.3333333333333333
TNFRSF10A,0.06291077,-0.007253725,0.9498375552325492,1.0,0.2976190476190476
CEP170,0.06284265,0.059624184,0.9498918014804388,1.0,0.7380952380952381
INKA2-AS1,0.06280859,-0.10070361,0.9499189246914845,1.0,0.023809523809523808
TRIB2,0.06274047,0.11187274,0.9499731712876212,1.0,0.08333333333333333
FSTL3,0.06270641,-0.07304256,0.9500002946726492,1.0,0.17857142857142858
ARRDC2,0.06267235,-0.13709114,0.9500274181156089,1.0,0.03571428571428571
WEE2-AS1,0.06246798,0.88360703,0.9501901599881716,1.0,0.011904761904761904
MTM1,0.06246798,0.05203226,0.9501901599881716,1.0,0.05952380952380952
AC079866.2,0.062331736,0.17529461,0.9502986557245389,1.0,0.03571428571428571
NFATC2IP,0.06222955,-0.06404966,0.950380028131584,1.0,0.38095238095238093
PRPS1,0.06219549,0.20617458,0.9504071523822927,1.0,0.11904761904761904
AC009948.3,0.06212737,0.7981965,0.9504614010560626,1.0,0.011904761904761904
STK11IP,0.062059246,-0.18721208,0.950515649959427,1.0,0.03571428571428571
AL135925.1,0.062059246,0.3971051,0.950515649959427,1.0,0.023809523809523808
ERP27,0.061923005,0.6512462,0.9506241484539353,1.0,0.011904761904761904
MAMDC2-AS1,0.06185488,0.5876491,0.9506783980445778,1.0,0.011904761904761904
ROPN1L,0.061582394,0.40928504,0.950895398690552,1.0,0.011904761904761904
RNF167,0.06151427,0.039002676,0.9509496494216425,1.0,0.27380952380952384
TUFT1,0.06151427,0.18083884,0.9509496494216425,1.0,0.047619047619047616
RAB35,0.06151427,-0.18749654,0.9509496494216425,1.0,0.11904761904761904
ADGRB2,0.06151427,0.3832029,0.9509496494216425,1.0,0.011904761904761904
CSAD,0.06137803,-0.03320354,0.9510581515655844,1.0,0.07142857142857142
AL020996.1,0.06137803,0.56525844,0.9510581515655844,1.0,0.023809523809523808
AC010896.1,0.06137803,0.42291877,0.9510581515655844,1.0,0.011904761904761904
ZADH2,0.061343964,0.035809148,0.9510852772434205,1.0,0.21428571428571427
XPA,0.061343964,-0.02130762,0.9510852772434205,1.0,0.23809523809523808
BICRA,0.061275844,0.3125788,0.951139528769094,1.0,0.03571428571428571
AC079174.2,0.061241783,0.4178983,0.9511666546168687,1.0,0.011904761904761904
LSMEM1,0.061241783,0.31310195,0.9511666546168687,1.0,0.011904761904761904
TMEM19,0.061241783,0.00038419504,0.9511666546168687,1.0,0.10714285714285714
TAGLN,0.0611396,0.06696893,0.9512480324995682,1.0,0.20238095238095238
SCARF1,0.061037418,-0.06369991,0.9513294108906727,1.0,0.23809523809523808
PHKG1,0.060833048,0.049741007,0.9514921691947101,1.0,0.09523809523809523
AC083855.2,0.060833048,-0.03764921,0.9514921691947101,1.0,0.19047619047619047
C19orf47,0.060798988,0.33935252,0.9515192957756247,1.0,0.03571428571428571
RAP1GAP2,0.060764927,-0.3299693,0.951546422412715,1.0,0.047619047619047616
PNKD,0.060594622,0.028333431,0.951682056439708,1.0,0.44047619047619047
STARD13-AS,0.06056056,0.09644686,0.9517091834131954,1.0,0.011904761904761904
VARS2,0.06056056,0.14577104,0.9517091834131954,1.0,0.05952380952380952
KLF3-AS1,0.060492437,-0.05032237,0.9517634375280078,1.0,0.011904761904761904
HNRNPA3,0.060458377,-0.05657905,0.9517905646692704,1.0,0.7976190476190477
FHOD1,0.060458377,-0.021278648,0.9517905646692704,1.0,0.2261904761904762
KBTBD8,0.060424317,-0.046239283,0.9518176918663952,1.0,0.011904761904761904
SMARCAL1,0.06028807,0.16261214,0.9519262012128906,1.0,0.09523809523809523
CD160,0.06018589,1.1611661,0.9520075838077803,1.0,0.011904761904761904
RPS29,0.06015183,0.0063122297,0.9520347114506749,1.0,1.0
ACY1,0.060049646,0.10344494,0.9521160947127141,1.0,0.10714285714285714
PRX,0.059981525,1.0815513,0.9521703504982227,1.0,0.011904761904761904
CD33,0.059981525,1.1059078,0.9521703504982227,1.0,0.011904761904761904
LINC01220,0.05984528,0.98268527,0.9522788627340689,1.0,0.011904761904761904
GBX2,0.05984528,0.12460426,0.9522788627340689,1.0,0.05952380952380952
ARID5A,0.059743095,0.4028947,0.9523602474916912,1.0,0.047619047619047616
SNRPA1,0.05953873,0.05994221,0.9525230184965916,1.0,0.39285714285714285
PAPOLG,0.059436545,0.08831294,0.9526044047421763,1.0,0.10714285714285714
RFC3,0.059402484,0.23852386,0.9526315336005895,1.0,0.05952380952380952
SPHK2,0.059368424,0.54993975,0.9526586625138928,1.0,0.05952380952380952
KIF24,0.059300303,0.77568287,0.9527129205050445,1.0,0.011904761904761904
MPHOSPH6,0.05926624,0.018257884,0.9527400495828303,1.0,0.2619047619047619
TMEM50B,0.059095934,0.038119886,0.9528756957926026,1.0,0.42857142857142855
PDCL3,0.058959693,-0.028232804,0.952984213743551,1.0,0.2619047619047619
CBR4,0.058789387,-0.03123968,0.9531198624078567,1.0,0.25
GP1BB,0.058755327,0.51996976,0.9531469923038202,1.0,0.011904761904761904
MYO5C,0.058721263,0.3478436,0.9531741222540779,1.0,0.03571428571428571
AL590004.3,0.058721263,0.2557367,0.9531741222540779,1.0,0.023809523809523808
KMT2E-AS1,0.058721263,-0.39292502,0.9531741222540779,1.0,0.03571428571428571
R3HDM4,0.058687203,0.054958884,0.9532012522585985,1.0,0.23809523809523808
SARAF,0.05827847,-0.012448226,0.9535268165339343,1.0,0.7261904761904762
MYCL,0.058074106,0.16256914,0.9536896015831662,1.0,0.011904761904761904
PINK1-AS,0.058074106,0.15032591,0.9536896015831662,1.0,0.011904761904761904
NMI,0.0579038,0.033308554,0.9538252572669866,1.0,0.2857142857142857
C17orf100,0.057869736,0.1496501,0.9538523885644064,1.0,0.011904761904761904
LINC02516,0.057801615,0.0805506,0.9539066513196505,1.0,0.011904761904761904
BDNF,0.057767555,0.05357082,0.9539337827774121,1.0,0.08333333333333333
PAQR9-AS1,0.057733495,0.06753669,0.9539609142885583,1.0,0.011904761904761904
ANXA1,0.05763131,-0.04067512,0.9540423091419905,1.0,0.9523809523809523
CSNK1D,0.05763131,0.020529984,0.9540423091419905,1.0,0.40476190476190477
AC006504.7,0.057426944,1.3146077,0.9542051002860028,1.0,0.011904761904761904
AL359504.2,0.057426944,-0.09110013,0.9542051002860028,1.0,0.047619047619047616
VSIG10L,0.05735882,0.3441352,0.9542593644255749,1.0,0.023809523809523808
MICA,0.05732476,0.022430664,0.9542864965748887,1.0,0.6071428571428571
TBCE,0.05732476,-0.2147486,0.9542864965748887,1.0,0.05952380952380952
SOX9-AS1,0.05732476,-0.245993,0.9542864965748887,1.0,0.011904761904761904
AL358472.2,0.05722258,1.0354784,0.9543678933405652,1.0,0.011904761904761904
MALINC1,0.057086334,0.9317215,0.9544764231016768,1.0,0.011904761904761904
PEBP4,0.056881968,0.7976604,0.9546392193254295,1.0,0.011904761904761904
LHPP,0.056779783,-0.03524544,0.9547206181474086,1.0,0.13095238095238096
GMPS,0.056575418,0.01015475,0.9548834172073368,1.0,0.36904761904761907
NCBP1,0.056473233,0.038361076,0.9549648174435914,1.0,0.16666666666666666
C5orf63,0.056200746,0.41099095,0.9551818870344305,1.0,0.03571428571428571
ZNF586,0.056132622,0.10871917,0.9552361549521805,1.0,0.03571428571428571
AC022034.1,0.05599638,0.5415284,0.9553446914099717,1.0,0.011904761904761904
SKIDA1,0.055860136,0.37002656,0.9554532286958105,1.0,0.011904761904761904
PEX6,0.05572389,0.039360616,0.9555617668076887,1.0,0.13095238095238096
RTN4RL2,0.05565577,0.31797335,0.9556160361727649,1.0,0.011904761904761904
TRERF1,0.055519525,0.31990016,0.9557245755199362,1.0,0.011904761904761904
AC018761.2,0.055451404,0.25374183,0.9557788455015291,1.0,0.011904761904761904
AC087741.1,0.05531516,0.4942881,0.9558873860794742,1.0,0.023809523809523808
IFI27,0.05531516,-0.06401937,0.9558873860794742,1.0,0.9761904761904762
GCKR,0.05531516,-0.2607225,0.9558873860794742,1.0,0.047619047619047616
DDX47,0.05531516,0.104262345,0.9558873860794742,1.0,0.011904761904761904
LASP1,0.05470206,-0.06741258,0.9563758287740411,1.0,0.32142857142857145
CHRNA9,0.054667998,1.3669714,0.956402964961308,1.0,0.011904761904761904
GPR153,0.054565813,-0.23002738,0.9564843738261571,1.0,0.011904761904761904
VTI1B,0.054531753,0.043179784,0.9565115102153516,1.0,0.5714285714285714
ISCA2,0.054463632,0.016668484,0.9565657831449195,1.0,0.27380952380952384
CALHM5,0.054361448,0.35019246,0.9566471929167476,1.0,0.047619047619047616
LRRTM2,0.054327387,1.0115088,0.9566743296078919,1.0,0.011904761904761904
LEO1,0.054191142,-0.03970834,0.9567828768743057,1.0,0.27380952380952384
FBXL19,0.053918656,0.0688123,0.9569999738094218,1.0,0.05952380952380952
ICMT,0.053918656,-0.06360783,0.9569999738094218,1.0,0.2619047619047619
TNFSF9,0.053884596,0.2319501,0.9570271111509138,1.0,0.14285714285714285
NDUFV2-AS1,0.05378241,0.6291269,0.957108523474106,1.0,0.011904761904761904
TARSL2,0.05378241,-0.12209152,0.957108523474106,1.0,0.25
SRBD1,0.05378241,0.13042037,0.957108523474106,1.0,0.19047619047619047
LINC00847,0.05374835,-0.08805663,0.9571356610146375,1.0,0.03571428571428571
HSF2BP,0.05371429,0.61085206,0.9571627986048507,1.0,0.011904761904761904
LINC01301,0.05350992,0.5100198,0.9573256251876809,1.0,0.011904761904761904
AL109976.1,0.0534418,0.095722824,0.9573799011113194,1.0,0.03571428571428571
STC2,0.0534418,-0.09900147,0.9573799011113194,1.0,0.14285714285714285
DDX1,0.053237434,-0.009987611,0.9575427300668037,1.0,0.4523809523809524
AL117335.1,0.05310119,0.397873,0.9576512836884222,1.0,0.011904761904761904
BCL2A1,0.05310119,0.3385274,0.9576512836884222,1.0,0.011904761904761904
GOLGA8N,0.05303307,0.2561575,0.9577055607938667,1.0,0.011904761904761904
AP000695.1,0.052930884,0.025022173,0.9577869768196212,1.0,0.023809523809523808
RPA4,0.052896824,0.28193507,0.9578141155927704,1.0,0.011904761904761904
AL499604.1,0.05276058,0.28790358,0.9579226711740191,1.0,0.011904761904761904
NPHP3,0.05272652,-0.12095199,0.9579498101913372,1.0,0.20238095238095238
HHAT,0.052692458,0.30180863,0.9579769492573948,1.0,0.011904761904761904
LINC01118,0.052692458,0.24636152,0.9579769492573948,1.0,0.011904761904761904
AP4S1,0.052658394,0.09518882,0.9580040883721607,1.0,0.047619047619047616
DLX2,0.052624334,0.31809267,0.9580312275356033,1.0,0.011904761904761904
AL050309.1,0.052590273,0.3391933,0.9580583667476913,1.0,0.047619047619047616
PILRB,0.05245403,0.1771975,0.9581669240818691,1.0,0.07142857142857142
AC008124.1,0.05245403,0.017981613,0.9581669240818691,1.0,0.08333333333333333
PPP1R32,0.052351847,0.206783,0.9582483425917404,1.0,0.011904761904761904
TOB1,0.052215602,0.018002868,0.9583569012822742,1.0,0.15476190476190477
LINC02551,0.05214748,0.101128094,0.9584111809172783,1.0,0.011904761904761904
LINC00705,0.051943112,-0.040277485,0.9585740209782243,1.0,0.011904761904761904
SP140L,0.05190905,0.06713261,0.958601161156626,1.0,0.15476190476190477
UCN,0.05180687,-0.37088603,0.9586825819796212,1.0,0.011904761904761904
Z83745.1,0.05180687,-0.062942475,0.9586825819796212,1.0,0.011904761904761904
EVI2A,0.051704686,0.11480368,0.9587640032336424,1.0,0.023809523809523808
HDHD5-AS1,0.051670626,-0.33950976,0.9587911437472865,1.0,0.011904761904761904
GOLGA8R,0.051636565,0.6423484,0.9588182843086966,1.0,0.023809523809523808
YBX1,0.05156844,0.005434218,0.9588725655746899,1.0,1.0
STK32C,0.05150032,0.10070796,0.9589268470313709,1.0,0.30952380952380953
DNMT3B,0.051432196,-0.03330512,0.9589811286784885,1.0,0.023809523809523808
DIABLO,0.051364075,0.77886474,0.9590354105157914,1.0,0.011904761904761904
TOP3A,0.051295955,0.044666104,0.9590896925430283,1.0,0.07142857142857142
TCEANC,0.05122783,0.77225584,0.9591439747599482,1.0,0.011904761904761904
RRNAD1,0.05115971,0.1860389,0.9591982571662997,1.0,0.07142857142857142
PTK2B,0.05115971,0.12318336,0.9591982571662997,1.0,0.023809523809523808
RBPMS-AS1,0.05115971,0.7728443,0.9591982571662997,1.0,0.011904761904761904
GSK3A,0.051057525,-0.023516776,0.9592796811304615,1.0,0.21428571428571427
AP000654.1,0.051023465,0.6891245,0.9593068225462924,1.0,0.011904761904761904
ATP6AP2,0.051023465,0.02730575,0.9593068225462924,1.0,0.6190476190476191
HMCES,0.05088722,-0.095068924,0.9594153886809965,1.0,0.11904761904761904
LEMD3,0.05085316,0.12591664,0.9594425303323607,1.0,0.13095238095238096
NUTM2A-AS1,0.05085316,0.04507133,0.9594425303323607,1.0,0.42857142857142855
AC146944.4,0.0508191,0.54114753,0.9594696720307373,1.0,0.011904761904761904
SLC4A11,0.05075098,0.20202428,0.9595239555684021,1.0,0.05952380952380952
ZNF232,0.05075098,-0.11813003,0.9595239555684021,1.0,0.023809523809523808
ABCE1,0.050716914,0.003287745,0.9595510974076276,1.0,0.5952380952380952
MEI1,0.050682854,-0.10749601,0.9595782392937398,1.0,0.07142857142857142
AC022211.2,0.05054661,0.5354492,0.9596868073064286,1.0,0.011904761904761904
PFN4,0.050410368,0.4515805,0.9597953760667937,1.0,0.011904761904761904
CTTNBP2NL,0.050376303,-0.0043401727,0.9598225183734738,1.0,0.35714285714285715
DNAJC15,0.050376303,-0.0036254656,0.9598225183734738,1.0,0.6190476190476191
SCD5,0.050069757,0.0026119656,0.9600668012255976,1.0,0.2619047619047619
PIK3CD,0.04993351,0.2211779,0.9601753725869989,1.0,0.011904761904761904
AC012063.1,0.049865387,-0.21648064,0.9602296585448115,1.0,0.023809523809523808
ARIH2OS,0.049797267,0.20715705,0.9602839446870303,1.0,0.011904761904761904
PI4KA,0.049729146,-0.092670426,0.960338231013404,1.0,0.13095238095238096
ZNF628,0.04966102,0.4602686,0.9603925175236814,1.0,0.023809523809523808
MAD2L1BP,0.04962696,0.047806963,0.9604196608477054,1.0,0.09523809523809523
IPO4,0.0495929,-0.067921974,0.960446804217611,1.0,0.09523809523809523
GCHFR,0.0495929,0.19417037,0.960446804217611,1.0,0.047619047619047616
DCXR-DT,0.0495929,0.19924499,0.960446804217611,1.0,0.011904761904761904
DOCK11,0.0495929,-0.054520406,0.960446804217611,1.0,0.07142857142857142
AC139099.2,0.049524777,0.18568365,0.9605010910949418,1.0,0.011904761904761904
C6orf163,0.049524777,0.13356122,0.9605010910949418,1.0,0.011904761904761904
SLC9A9,0.049456656,0.17190231,0.9605553781554221,1.0,0.011904761904761904
ACBD7,0.049388535,0.19694833,0.960609665398801,1.0,0.011904761904761904
OTULIN,0.04928635,0.0053200857,0.9606910966062541,1.0,0.27380952380952384
GTF2IRD2,0.04921823,0.265727,0.9607453843057795,1.0,0.03571428571428571
RNF217,0.04921823,0.047822054,0.9607453843057795,1.0,0.13095238095238096
ZDHHC23,0.04918417,-0.15185282,0.960772528223815,1.0,0.011904761904761904
HMGB3,0.04918417,0.05785631,0.960772528223815,1.0,0.30952380952380953
STARD3,0.04918417,-0.10202607,0.960772528223815,1.0,0.13095238095238096
C1orf50,0.0489798,0.03886763,0.9609353926858673,1.0,0.20238095238095238
ESCO2,0.048502948,-0.124255784,0.9613154160921317,1.0,0.047619047619047616
FAS,0.048502948,-0.10418856,0.9613154160921317,1.0,0.09523809523809523
TMCO1,0.048400763,-0.012381661,0.9613968508256723,1.0,0.6071428571428571
HNRNPH1,0.04829858,0.018155977,0.9614782859619693,1.0,0.6428571428571429
BST1,0.04826452,0.52201617,0.9615054310967563,1.0,0.05952380952380952
TGDS,0.048162337,0.38606167,0.961586866768742,1.0,0.08333333333333333
CCL26,0.048128273,0.70344335,0.9616140120818407,1.0,0.011904761904761904
LINC01426,0.047719542,0.45637158,0.9619397593009877,1.0,0.011904761904761904
NFATC3,0.04768548,0.06675311,0.9619669051901271,1.0,0.09523809523809523
METTL23,0.04765142,0.019323235,0.9619940511233573,1.0,0.2261904761904762
PARD6A,0.047583297,0.3944352,0.9620483431219649,1.0,0.011904761904761904
DNER,0.04741299,0.0031298604,0.9621840738878743,1.0,0.07142857142857142
MTFR1L,0.04727675,0.036034174,0.9622926592899014,1.0,0.15476190476190477
RNF123,0.047242686,-0.06594641,0.9623198057497712,1.0,0.10714285714285714
TRIM3,0.047242686,0.4622739,0.9623198057497712,1.0,0.05952380952380952
AC007785.3,0.047106445,0.3125955,0.96242839202576,1.0,0.011904761904761904
ULK1,0.04700426,0.19529417,0.9625098321902068,1.0,0.08333333333333333
SLC4A2,0.046868015,5.078568e-05,0.9626184196844629,1.0,0.08333333333333333
C21orf62-AS1,0.046799894,0.40606338,0.9626727136917369,1.0,0.023809523809523808
AC100793.2,0.04673177,0.7592539,0.9627270078721064,1.0,0.023809523809523808
AL118508.1,0.04662959,0.016724491,0.9628084494666644,1.0,0.011904761904761904
JPH2,0.04662959,0.14318386,0.9628084494666644,1.0,0.011904761904761904
SLCO2B1,0.046561465,-0.022502106,0.9628627440786726,1.0,0.011904761904761904
MTMR12,0.04628898,-0.027349424,0.9630799242463455,1.0,0.17857142857142858
AC003102.1,0.046220858,0.13930996,0.9631342197169168,1.0,0.023809523809523808
AC211476.6,0.046186794,1.3262283,0.9631613675163275,1.0,0.011904761904761904
OR2AG2,0.046050552,1.015428,0.963269959140738,1.0,0.011904761904761904
PIK3R3,0.045948368,-0.09454199,0.9633514033062716,1.0,0.11904761904761904
TRAIP,0.045846183,1.0286587,0.9634328478541987,1.0,0.011904761904761904
DCUN1D1,0.045778062,0.030452656,0.9634871444315051,1.0,0.25
HOXA11-AS,0.045778062,0.9405914,0.9634871444315051,1.0,0.011904761904761904
FAM172A,0.045744002,0.10978509,0.9635142927836706,1.0,0.20238095238095238
ZNF860,0.045641817,0.8164797,0.9635957380938388,1.0,0.011904761904761904
AL162386.2,0.04536933,0.5334464,0.9638129274423485,1.0,0.011904761904761904
GAL3ST4,0.04536933,-0.53283423,0.9638129274423485,1.0,0.023809523809523808
PGBD1,0.045335267,0.029026544,0.9638400763000344,1.0,0.05952380952380952
TRADD,0.045267146,0.019219913,0.9638943741411423,1.0,0.17857142857142858
MED1,0.04516496,0.008049452,0.963975821216672,1.0,0.2619047619047619
CYP4F26P,0.04516496,0.530921,0.963975821216672,1.0,0.011904761904761904
FBXO43,0.04516496,0.5498718,0.963975821216672,1.0,0.011904761904761904
PTGES3,0.044960596,-0.039206937,0.9641387164945445,1.0,0.8571428571428571
Z83843.1,0.044960596,-0.026647631,0.9641387164945445,1.0,0.15476190476190477
FBXO42,0.044960596,-0.04159833,0.9641387164945445,1.0,0.10714285714285714
CHRNB1,0.044892475,0.008840277,0.9641930152534505,1.0,0.09523809523809523
CARD16,0.04479029,0.18186545,0.964274463703084,1.0,0.05952380952380952
CYTH4,0.04475623,0.3354491,0.9643016132691762,1.0,0.011904761904761904
NEMP1,0.04475623,0.38943565,0.9643016132691762,1.0,0.03571428571428571
TMEM161B,0.04472217,0.39699027,0.9643287628766563,1.0,0.11904761904761904
ZNF620,0.04468811,-0.33841267,0.964355912525493,1.0,0.023809523809523808
CIT,0.044517804,-0.08492729,0.9644916613889254,1.0,0.05952380952380952
ZNF696,0.04444968,0.05370699,0.9645459612226944,1.0,0.08333333333333333
POLN,0.044211254,0.14989391,0.9647360119340468,1.0,0.011904761904761904
ZNF746,0.044211254,0.6693363,0.9647360119340468,1.0,0.05952380952380952
CCNB2,0.044177193,-0.30921662,0.9647631621994603,1.0,0.10714285714285714
AC087672.2,0.044143133,0.12918541,0.9647903125057276,1.0,0.011904761904761904
RHPN2,0.044143133,0.23114824,0.9647903125057276,1.0,0.011904761904761904
AC007566.1,0.044006888,0.7296852,0.9648989141387037,1.0,0.023809523809523808
ZNF501,0.044006888,0.2515126,0.9648989141387037,1.0,0.011904761904761904
SPAG16,0.043972827,-0.08439464,0.9649260646487674,1.0,0.10714285714285714
ZNF230,0.043870643,-0.042293947,0.965007516422823,1.0,0.023809523809523808
IRAK4,0.043870643,0.15982017,0.965007516422823,1.0,0.14285714285714285
E2F3-IT1,0.043870643,0.11885046,0.965007516422823,1.0,0.011904761904761904
MATN2,0.043870643,0.13994546,0.965007516422823,1.0,0.011904761904761904
PTPRM,0.043632217,0.04052084,0.9651975719807929,1.0,0.21428571428571427
AC245140.2,0.043598153,0.015815502,0.9652247229364426,1.0,0.011904761904761904
CEP162,0.043564092,0.2681946,0.9652518739324115,1.0,0.05952380952380952
FAM71E1,0.04346191,0.060926612,0.9653333271619188,1.0,0.011904761904761904
SPTBN1,0.043393787,0.0012045,0.9653876295159431,1.0,0.8095238095238095
MAPKAPK3,0.043359727,-0.10474271,0.9654147807531669,1.0,0.13095238095238096
ISY1,0.043325666,0.09877594,0.9654419320304897,1.0,0.2857142857142857
ZNF546,0.043291606,0.41043755,0.9654690833478802,1.0,0.03571428571428571
PDE4A,0.0431213,0.09807364,0.9656048405347469,1.0,0.07142857142857142
ECM1,0.04308724,0.14276421,0.9656319920918831,1.0,0.11904761904761904
TCF7L1,0.043053176,0.012086339,0.9656591436888669,1.0,0.17857142857142858
ZNF616,0.043019116,0.2244443,0.9656862953256667,1.0,0.03571428571428571
SLC9A1,0.043019116,-0.0055995807,0.9656862953256667,1.0,0.2261904761904762
SRPRB,0.042985056,0.009477459,0.9657134470022513,1.0,0.32142857142857145
ZNF91,0.042950995,0.038642377,0.9657405987185891,1.0,0.09523809523809523
LRRC38,0.04288287,0.07821331,0.9657949022703987,1.0,0.3333333333333333
LEPR,0.042712566,-0.018959407,0.9659306618434034,1.0,0.11904761904761904
EDF1,0.042644445,-0.0118817305,0.9659849659493374,1.0,0.8452380952380952
AP001094.2,0.04254226,0.6166874,0.9660664224039508,1.0,0.011904761904761904
TAF4,0.04254226,-0.050877914,0.9660664224039508,1.0,0.05952380952380952
IDUA,0.0425082,0.32166266,0.9660935746342195,1.0,0.023809523809523808
RAP2C,0.04244008,0.10861963,0.9661478792126647,1.0,0.10714285714285714
CD99,0.04240602,-0.018487653,0.9661750315607781,1.0,1.0
UBE2S,0.042235713,-0.025327593,0.9663107938889975,1.0,0.5714285714285714
SCYL3,0.042235713,0.29496118,0.9663107938889975,1.0,0.047619047619047616
DHRS4,0.04209947,0.15520535,0.9664194044548684,1.0,0.13095238095238096
DDHD2,0.04209947,0.024017999,0.9664194044548684,1.0,0.23809523809523808
SETD1A,0.042065408,-0.14315942,0.966446557193754,1.0,0.05952380952380952
BRD9,0.041929163,0.06289151,0.9665551685380247,1.0,0.4880952380952381
CDH15,0.041758858,0.38736132,0.966690933590643,1.0,0.023809523809523808
ATAD1,0.041724797,0.041295927,0.9667180867171561,1.0,0.3333333333333333
AC010761.1,0.041656673,0.41750205,0.9667723930859204,1.0,0.011904761904761904
ASPHD2,0.041622613,-0.22186857,0.9667995463281086,1.0,0.023809523809523808
GTF2A2,0.04152043,0.004793204,0.9668810062855202,1.0,0.6428571428571429
NKTR,0.041350126,0.043544035,0.9670167736488092,1.0,0.44047619047619047
COA7,0.041316062,0.3481241,0.9670439272363245,1.0,0.13095238095238096
AP000897.1,0.041316062,0.15443867,0.9670439272363245,1.0,0.011904761904761904
DCUN1D2,0.041316062,-0.34698457,0.9670439272363245,1.0,0.03571428571428571
TTK,0.041282002,-0.16608742,0.9670710808620521,1.0,0.047619047619047616
AP001816.1,0.041282002,-0.22820854,0.9670710808620521,1.0,0.05952380952380952
FTCDNL1,0.04124794,0.29982105,0.9670982345259607,1.0,0.011904761904761904
BLOC1S2,0.04117982,0.024286548,0.967152541968195,1.0,0.40476190476190477
SMO,0.04117982,-0.007934559,0.967152541968195,1.0,0.03571428571428571
POLH,0.04117982,0.18361695,0.967152541968195,1.0,0.10714285714285714
PPP1R16A,0.041145757,0.08764386,0.9671796957464579,1.0,0.08333333333333333
ATR,0.041111697,-0.02278586,0.9672068495627759,1.0,0.27380952380952384
MOSPD2,0.041077636,0.0360505,0.9672340034171176,1.0,0.15476190476190477
FAM126B,0.041077636,0.14274207,0.9672340034171176,1.0,0.11904761904761904
AL512770.1,0.0404986,0.0010423579,0.9676956247280831,1.0,0.011904761904761904
AC020910.5,0.0404986,-0.22559933,0.9676956247280831,1.0,0.011904761904761904
ANO7,0.040464535,0.045502357,0.9677227792614741,1.0,0.047619047619047616
LINC01521,0.040464535,1.2723851,0.9677227792614741,1.0,0.011904761904761904
AC002454.1,0.040328294,0.8585147,0.9678313977689849,1.0,0.011904761904761904
PSMD6-AS2,0.040328294,0.9819648,0.9678313977689849,1.0,0.011904761904761904
LINC01232,0.04015799,-0.3267734,0.9679671717423954,1.0,0.011904761904761904
CYBC1,0.039987683,0.114766955,0.9681029466443835,1.0,0.15476190476190477
GNGT2,0.039953623,0.04298175,0.9681301017358643,1.0,0.05952380952380952
GTF2IRD2B,0.03985144,0.64299196,0.9682115672319075,1.0,0.011904761904761904
TIPRL,0.03985144,-0.0359719,0.9682115672319075,1.0,0.4642857142857143
ENTPD3-AS1,0.039715193,0.057103787,0.9683201884091917,1.0,0.09523809523809523
ADAMTS7,0.039544888,-0.005466911,0.9684559657070804,1.0,0.14285714285714285
AL035530.2,0.039510828,0.4923758,0.9684831212765146,1.0,0.011904761904761904
CABP4,0.03930646,0.34696442,0.9686460554594742,1.0,0.011904761904761904
IRF2BP2,0.03930646,-0.0029536828,0.9686460554594742,1.0,0.39285714285714285
ACKR4,0.039238337,0.4140511,0.9687003671449835,1.0,0.011904761904761904
GSTO2,0.039238337,0.44972408,0.9687003671449835,1.0,0.011904761904761904
SOGA3,0.039238337,0.28972107,0.9687003671449835,1.0,0.023809523809523808
ARHGEF19,0.039170217,0.68049645,0.968754678975668,1.0,0.023809523809523808
CAND2,0.03903397,0.2606405,0.9688633030715561,1.0,0.011904761904761904
AC005076.1,0.038897727,0.3308483,0.9689719277451254,1.0,0.011904761904761904
ZP3,0.03869336,-0.052391663,0.9691348658342275,1.0,0.03571428571428571
AC138761.1,0.03869336,0.2633876,0.9691348658342275,1.0,0.011904761904761904
GGT7,0.03862524,0.28837535,0.9691891788172543,1.0,0.05952380952380952
TMEM40,0.03835275,0.12183923,0.9694064321759481,1.0,0.011904761904761904
HYPK,0.03828463,-0.023649344,0.9694607458710097,1.0,0.023809523809523808
ZNF606,0.03821651,0.18527226,0.9695150597077233,1.0,0.011904761904761904
AC016394.2,0.038080264,-0.0029900994,0.9696236878050996,1.0,0.011904761904761904
ZBED8,0.038080264,0.04460584,0.9696236878050996,1.0,0.011904761904761904
NBPF1,0.03790996,0.13857704,0.9697594737191289,1.0,0.08333333333333333
ASB18,0.037807774,-0.057085913,0.969840945688601,1.0,0.011904761904761904
AC110058.1,0.037603408,-0.24712151,0.9700038905709543,1.0,0.011904761904761904
BCDIN3D-AS1,0.037501223,0.9756096,0.9700853634821364,1.0,0.011904761904761904
DUOX1,0.037399042,-0.06494785,0.9701668367055227,1.0,0.023809523809523808
AP002762.3,0.037262797,-0.5564071,0.9702754681542208,1.0,0.011904761904761904
USP18,0.037194677,0.13504127,0.9703297840855105,1.0,0.11904761904761904
TIAL1,0.037160613,-0.032351542,0.9703569421027805,1.0,0.4166666666666667
PDE7B,0.037126552,-0.40521705,0.970384100154425,1.0,0.011904761904761904
SLAIN2,0.037126552,-0.0662503,0.970384100154425,1.0,0.2976190476190476
UQCRQ,0.03702437,0.028716438,0.9704655745152926,1.0,0.9642857142857143
CRYGS,0.036956247,0.62156916,0.9705198909271677,1.0,0.011904761904761904
SFTPD-AS1,0.036888126,0.58407414,0.9705742074757867,1.0,0.011904761904761904
CAVIN4,0.03668376,0.48286805,0.9707371579395893,1.0,0.011904761904761904
PROSER2,0.036581576,0.19527893,0.9708186336300274,1.0,0.05952380952380952
KIF21A,0.03637721,-0.015938949,0.9709815859237294,1.0,0.14285714285714285
RUSC1,0.03634315,0.11672498,0.9710087447573086,1.0,0.15476190476190477
ZNF556,0.036275025,0.3175381,0.9710630625252942,1.0,0.011904761904761904
TBCE-1,0.036240965,0.12646228,0.9710902214596375,1.0,0.047619047619047616
PACRGL,0.036138784,-0.09752922,0.971171698463693,1.0,0.11904761904761904
HDGFL3,0.03610472,0.01619118,0.9711988575319483,1.0,0.5119047619047619
ZNF441,0.03607066,-0.24596661,0.971226016633603,1.0,0.03571428571428571
CKAP5,0.035934415,0.0009619276,0.9713346533735848,1.0,0.32142857142857145
TK1,0.035866294,0.04054295,0.9713889719431534,1.0,0.05952380952380952
NPL,0.035832234,0.8390823,0.971416131277722,1.0,0.023809523809523808
HMBOX1,0.0354235,0.03572999,0.9717420458690529,1.0,0.17857142857142858
AC083799.1,0.0354235,-0.37129918,0.9717420458690529,1.0,0.023809523809523808
SLC19A2,0.03538944,0.059076987,0.971769205632085,1.0,0.05952380952380952
AC091271.1,0.035355378,0.30082265,0.9717963654278555,1.0,0.023809523809523808
SOCS1,0.035219133,0.26731947,0.9719050049376926,1.0,0.023809523809523808
ZNF589,0.035048828,0.06859933,0.9720408050578275,1.0,0.05952380952380952
AGAP3,0.034878522,-0.0014800662,0.9721766059885558,1.0,0.20238095238095238
CDCA7,0.0348104,-0.025779758,0.9722309265869322,1.0,0.14285714285714285
ZNF691,0.03477634,-0.106909886,0.9722580869344413,1.0,0.03571428571428571
ZDHHC9,0.03474228,-0.004584713,0.9722852473141222,1.0,0.2857142857142857
LINC00910,0.034674156,0.94223744,0.9723395681698743,1.0,0.011904761904761904
ZNF252P-AS1,0.034606036,1.002749,0.9723938891539365,1.0,0.011904761904761904
ZNF578,0.034571975,-0.20919332,0.9724210496940053,1.0,0.011904761904761904
BPGM,0.03453791,0.04092359,0.9724482102660572,1.0,0.14285714285714285
BVES,0.03440167,-0.20559572,0.9725568528734666,1.0,0.023809523809523808
PHF13,0.034299485,-0.08797486,0.9726383351633043,1.0,0.08333333333333333
AC073130.2,0.0341973,0.5967592,0.9727198177387242,1.0,0.011904761904761904
PPP1R21,0.03416324,-0.0023220212,0.9727469786605133,1.0,0.13095238095238096
LINC01703,0.03416324,-0.5592564,0.9727469786605133,1.0,0.011904761904761904
ZNF598,0.03409512,0.016308874,0.9728013005988763,1.0,0.10714285714285714
IFNE,0.03378857,0.0366991,0.9730457508792285,1.0,0.023809523809523808
TMEM47,0.03375451,-0.025911238,0.9730729121782057,1.0,0.10714285714285714
LSM11,0.03368639,-0.055880018,0.9731272348698117,1.0,0.05952380952380952
ETNK2,0.033584204,-0.029332746,0.9732087191408781,1.0,0.047619047619047616
FBXW9,0.033584204,-0.0712799,0.9732087191408781,1.0,0.13095238095238096
AL138820.1,0.033516083,0.44694734,0.9732630421436601,1.0,0.011904761904761904
RCBTB2,0.033516083,0.26883844,0.9732630421436601,1.0,0.023809523809523808
ARHGAP1,0.033311713,-0.07717463,0.9734260118951767,1.0,0.17857142857142858
ZNF469,0.033141408,0.36625594,0.9735618208692396,1.0,0.05952380952380952
AL109955.1,0.03283486,0.09158952,0.9738062789515627,1.0,0.011904761904761904
MNS1,0.03283486,0.076684594,0.9738062789515627,1.0,0.03571428571428571
USP38,0.032732677,0.11287999,0.9738877655269387,1.0,0.11904761904761904
AL590399.3,0.03256237,-0.002178421,0.9740235770911477,1.0,0.011904761904761904
H1FX-AS1,0.03249425,0.06107717,0.974077901927934,1.0,0.011904761904761904
ZNF285,0.03249425,0.068655014,0.974077901927934,1.0,0.011904761904761904
LZTS3,0.032358006,0.05660483,0.9741865519620118,1.0,0.03571428571428571
AC108053.1,0.03228988,-0.018949386,0.9742408771587996,1.0,0.011904761904761904
DLD,0.03211958,-0.07185691,0.9743766906730168,1.0,0.30952380952380953
AC007114.1,0.032017395,0.21352556,0.9744581791384007,1.0,0.023809523809523808
CIAO3,0.031949274,0.17954242,0.9745125049301542,1.0,0.07142857142857142
DNAJB1,0.03177897,0.03517371,0.9746483199262767,1.0,0.30952380952380953
AL117339.4,0.031642724,0.80173975,0.9747569724525994,1.0,0.011904761904761904
ADCK1,0.03150648,0.17392346,0.9748656254473392,1.0,0.03571428571428571
IDI1,0.03147242,0.05432808,0.9748927887689783,1.0,0.6785714285714286
TRMT11,0.031438358,-0.07002886,0.974919952119736,1.0,0.14285714285714285
GOLGA8A,0.031302113,-0.18525606,0.9750286058133236,1.0,0.023809523809523808
PMM1,0.031268053,0.2737044,0.9750557693092023,1.0,0.09523809523809523
SNHG32,0.03123399,-0.00931863,0.9750829328340108,1.0,0.6428571428571429
PAX9,0.031199928,0.02473546,0.9751100963877176,1.0,0.047619047619047616
CRYBG1,0.030961502,0.34872603,0.9753002420701722,1.0,0.03571428571428571
FSD1,0.03089338,0.0066633257,0.9753545696663063,1.0,0.10714285714285714
SPATA6L,0.03085932,0.16421714,0.9753817335072642,1.0,0.023809523809523808
ERO1B,0.030791197,-0.21743785,0.9754360612748044,1.0,0.023809523809523808
SALL4,0.030757135,0.23431323,0.9754632252013238,1.0,0.011904761904761904
AP1S3,0.030654952,0.024427343,0.975544717151501,1.0,0.05952380952380952
SEC24D,0.03058683,-0.0020400851,0.9755990452601535,1.0,0.39285714285714285
NACC2,0.030518709,-0.06849711,0.9756533734820063,1.0,0.13095238095238096
TNFSF18,0.030518709,-0.03311185,0.9756533734820063,1.0,0.023809523809523808
RPTOR,0.030246219,-0.116426066,0.9758706874963832,1.0,0.05952380952380952
HIST1H3B,0.030212158,0.14264168,0.9758978518744443,1.0,0.011904761904761904
TCP11L1,0.02990561,0.25429797,0.976142332531135,1.0,0.047619047619047616
GNG12,0.029769365,-0.009296681,0.976250991321569,1.0,0.5952380952380952
PINX1,0.029701242,-0.033836544,0.9763053208821785,1.0,0.19047619047619047
BX640514.2,0.029667182,-0.008406608,0.976332485703721,1.0,0.011904761904761904
KIF1BP,0.029564999,0.046509713,0.9764139803329226,1.0,0.2261904761904762
Z99572.1,0.02929251,-0.14457934,0.9766313005454588,1.0,0.023809523809523808
AHCYL2,0.02929251,0.27750903,0.9766313005454588,1.0,0.11904761904761904
LYRM9,0.029258449,-0.07259968,0.9766584656943225,1.0,0.09523809523809523
CRPPA,0.029258449,-0.08181598,0.9766584656943225,1.0,0.011904761904761904
RNF32,0.029156266,0.9123348,0.9767399613032203,1.0,0.011904761904761904
FKBP1C,0.029122205,-0.13192433,0.9767671265601835,1.0,0.011904761904761904
CD79B,0.0289519,0.004188463,0.9769029532485615,1.0,0.05952380952380952
AC067852.5,0.0289519,0.82258964,0.9769029532485615,1.0,0.011904761904761904
LRP2BP,0.028917838,-0.24014153,0.9769301186667291,1.0,0.011904761904761904
POC1B-AS1,0.028883778,0.129554,0.9769572841116538,1.0,0.023809523809523808
ZNF397,0.028883778,0.028233133,0.9769572841116538,1.0,0.11904761904761904
KLHL15,0.028713472,-0.49668998,0.9770931117365337,1.0,0.011904761904761904
RBM22,0.02864535,-0.061512798,0.9771474429726837,1.0,0.2857142857142857
POMT1,0.028577227,-0.07320776,0.977201774314855,1.0,0.09523809523809523
SPAAR,0.028577227,-0.107244745,0.977201774314855,1.0,0.16666666666666666
ANAPC11,0.028543167,0.021508532,0.9772289400256198,1.0,0.9285714285714286
CTSS,0.028509106,-0.71218544,0.9772561057627953,1.0,0.011904761904761904
INPP5A,0.028509106,0.007676811,0.9772561057627953,1.0,0.13095238095238096
ZFAND3,0.028475044,0.037457276,0.9772832715263502,1.0,0.25
PRNP,0.028440984,0.0032125248,0.977310437316253,1.0,0.6071428571428571
RAB7B,0.028440984,-0.70567346,0.977310437316253,1.0,0.011904761904761904
MAPT,0.028440984,-0.5680141,0.977310437316253,1.0,0.011904761904761904
AC093849.4,0.028440984,-0.59313124,0.977310437316253,1.0,0.011904761904761904
RSL1D1,0.028406922,0.029175906,0.977337603132472,1.0,0.7023809523809523
BMPR1A,0.028338801,0.5368545,0.9773919348437331,1.0,0.011904761904761904
AL355075.4,0.028270679,0.5817219,0.9774462666598817,1.0,0.011904761904761904
RPRD1A,0.028168496,0.059832476,0.9775277645802172,1.0,0.25
PLXND1,0.027930068,-0.00045760642,0.9777179273051179,1.0,0.32142857142857145
FAM234B,0.027793823,-0.67579794,0.9778265922886066,1.0,0.023809523809523808
MED22,0.027759762,0.123650745,0.9778537585988525,1.0,0.05952380952380952
AC025470.2,0.027725702,0.012688342,0.9778809249347848,1.0,0.023809523809523808
WIPF1,0.027521335,-0.0035342153,0.9780439234880316,1.0,0.2619047619047619
SCG5,0.027316969,-0.0230002,0.9782069229580556,1.0,0.047619047619047616
AC069366.2,0.027180724,0.10601474,0.9783155897773663,1.0,0.011904761904761904
ZNF774,0.027180724,-0.34008625,0.9783155897773663,1.0,0.023809523809523808
ZNF316,0.02704448,-0.3044794,0.9784242569990946,1.0,0.047619047619047616
ZNF383,0.026976358,0.120113954,0.9784785907602356,1.0,0.047619047619047616
AC090204.1,0.026976358,0.3322399,0.9784785907602356,1.0,0.023809523809523808
APOO,0.026942298,-0.10851059,0.9785057576782649,1.0,0.13095238095238096
CAPRIN2,0.026840113,-0.0679352,0.9785872585818108,1.0,0.17857142857142858
PCDHB13,0.02670387,-0.07623032,0.9786959268007644,1.0,0.011904761904761904
DPY30,0.026601687,-0.02880189,0.9787774282245467,1.0,0.5476190476190477
LINC00539,0.026431382,-0.079520114,0.9789132644227441,1.0,0.011904761904761904
AC005332.4,0.02636326,-0.20120634,0.9789675990734509,1.0,0.023809523809523808
AL035106.1,0.026295137,-0.19266357,0.9790219338217385,1.0,0.011904761904761904
HSPA2,0.026295137,-0.14481738,0.9790219338217385,1.0,0.03571428571428571
AC008522.1,0.026192954,0.04746607,0.9791034361265829,1.0,0.05952380952380952
LINC02599,0.026158893,-0.20443274,0.9791306036100484,1.0,0.011904761904761904
ZNF528,0.026090771,0.033181164,0.9791849386495667,1.0,0.023809523809523808
B3GNT10,0.025954526,-0.3852929,0.97929360901807,1.0,0.011904761904761904
EED,0.02575016,0.022220254,0.9794566152907125,1.0,0.14285714285714285
AC009404.1,0.025682038,-0.026976202,0.9795109509058887,1.0,0.023809523809523808
C16orf95,0.025647977,0.5055885,0.9795381187491404,1.0,0.05952380952380952
AC080013.1,0.025613915,-0.6796734,0.9795652866161259,1.0,0.011904761904761904
NUDT22,0.025613915,0.1152817,0.9795652866161259,1.0,0.27380952380952384
LPP-AS2,0.025511732,0.46532887,0.9796467903591699,1.0,0.011904761904761904
FAM91A1,0.025477672,0.0014487815,0.9796739583207755,1.0,0.36904761904761907
GPSM2,0.025477672,0.19779587,0.9796739583207755,1.0,0.11904761904761904
DTX3,0.025273304,-0.011690774,0.9798369665844081,1.0,0.023809523809523808
RASGRF2,0.025171122,0.47143748,0.9799184710323778,1.0,0.011904761904761904
SNX15,0.024932694,0.061512914,0.980108648891418,1.0,0.07142857142857142
SIRT7,0.024932694,0.08994412,0.980108648891418,1.0,0.09523809523809523
RGPD5,0.02479645,-0.023786852,0.9802173224620099,1.0,0.03571428571428571
ZNF177,0.024762388,0.22365758,0.9802444909121022,1.0,0.011904761904761904
DVL1,0.024728328,-0.063081004,0.9802716593851094,1.0,0.10714285714285714
EEFSEC,0.02445584,0.16066253,0.9804890079903191,1.0,0.10714285714285714
MICOS13,0.02442178,0.047743164,0.9805161766681418,1.0,0.9047619047619048
AC118553.1,0.024285534,0.05328992,0.9806248516051154,1.0,0.011904761904761904
C12orf66,0.024047107,0.14477994,0.9808150336088465,1.0,0.03571428571428571
KRAS,0.023944924,0.038876284,0.980896540516303,1.0,0.39285714285714285
ACAD11,0.02380868,0.07546092,0.9810052167029871,1.0,0.11904761904761904
SLC5A3,0.023774618,-0.12736759,0.9810323858048188,1.0,0.14285714285714285
TMEM175,0.023774618,0.07677214,0.9810323858048188,1.0,0.07142857142857142
AL031666.1,0.023740558,-0.07157987,0.9810595549286517,1.0,0.011904761904761904
AC108463.3,0.023706496,0.17978515,0.9810867240744543,1.0,0.047619047619047616
AP003168.2,0.02353619,-0.14175847,0.9812225701319109,1.0,0.011904761904761904
SLC9B1,0.02350213,0.94351363,0.9812497394088705,1.0,0.011904761904761904
AC008467.1,0.02350213,-0.19478141,0.9812497394088705,1.0,0.023809523809523808
EPS8L1,0.02346807,0.076289825,0.9812769087075792,1.0,0.21428571428571427
HTRA3,0.023434008,-0.052463084,0.9813040780280056,1.0,0.09523809523809523
PLEKHA2,0.023365885,0.22390158,0.9813584167338856,1.0,0.047619047619047616
AL391121.1,0.023229642,0.6668444,0.9814670944048719,1.0,0.011904761904761904
TACO1,0.023093397,0.053854484,0.9815757724198133,1.0,0.21428571428571427
AC079313.2,0.023093397,0.19685477,0.9815757724198133,1.0,0.023809523809523808
NPIPA1,0.023059336,-0.22633585,0.9816029419770553,1.0,0.011904761904761904
CEBPG,0.023025276,-0.110319406,0.9816301115556371,1.0,0.17857142857142858
CNNM4,0.022889031,-0.17160332,0.9817387900827305,1.0,0.023809523809523808
ANKS1A,0.022684665,0.17598492,0.9819018085082049,1.0,0.09523809523809523
PRPH,0.022650603,-0.66322196,0.9819289783194437,1.0,0.011904761904761904
C20orf27,0.02254842,-0.044207726,0.9820104878788036,1.0,0.5238095238095238
RALBP1,0.02251436,-0.026862083,0.9820376577736998,1.0,0.7023809523809523
RHBDD3,0.022480298,0.13688038,0.9820648276894316,1.0,0.09523809523809523
PSG4,0.022480298,0.4115515,0.9820648276894316,1.0,0.011904761904761904
RNF227,0.022412175,0.41131723,0.9821191675832759,1.0,0.011904761904761904
DPH6,0.022241872,0.15094046,0.9822550176803042,1.0,0.15476190476190477
RPRD1B,0.022105627,0.027394349,0.9823636981286197,1.0,0.20238095238095238
KDM7A-DT,0.022071566,0.22527984,0.9823908682919211,1.0,0.011904761904761904
AC127164.1,0.022071566,0.25336435,0.9823908682919211,1.0,0.011904761904761904
BOLA2B,0.021935321,-0.09322987,0.982499549149072,1.0,0.11904761904761904
AC110611.1,0.021935321,0.23793873,0.982499549149072,1.0,0.011904761904761904
LINC02256,0.021867199,0.0432891,0.9825538896995735,1.0,0.07142857142857142
BCO2,0.021799076,0.18192142,0.9826082303310227,1.0,0.011904761904761904
SH2D4A,0.021730956,0.14973235,0.982662571043168,1.0,0.011904761904761904
ZNF74,0.021662833,0.51691055,0.9827169118357569,1.0,0.03571428571428571
KRBA1,0.021662833,0.2315713,0.9827169118357569,1.0,0.023809523809523808
ZSCAN2,0.021322222,-0.22509642,0.982988616996537,1.0,0.07142857142857142
SPATA33,0.021322222,-0.042221725,0.982988616996537,1.0,0.17857142857142858
RELA-DT,0.021117857,0.015037634,0.9831516410421988,1.0,0.05952380952380952
ZNF646,0.021049734,0.07020765,0.9832059825474393,1.0,0.023809523809523808
SLC18B1,0.020981612,0.15922599,0.983260324130603,1.0,0.047619047619047616
POU2F1,0.020947551,-0.024271777,0.9832874949513274,1.0,0.10714285714285714
AC004076.2,0.020572878,-0.26790056,0.9835863752518565,1.0,0.011904761904761904
AC092164.1,0.020504758,-0.26901966,0.9836407173734246,1.0,0.011904761904761904
GNS,0.020470696,0.081614695,0.9836678884626895,1.0,0.5238095238095238
DNAH1,0.020334452,0.7191427,0.983776573008885,1.0,0.011904761904761904
AC005540.1,0.020061962,0.6615686,0.9839939430025765,1.0,0.011904761904761904
AC116407.2,0.019993842,0.39174476,0.9840482856872999,1.0,0.011904761904761904
LINC00598,0.01992572,0.39338332,0.9841026284460392,1.0,0.011904761904761904
AP002852.1,0.019721353,0.46487007,0.9842656571638326,1.0,0.011904761904761904
AC114760.2,0.019687291,-0.8314217,0.9842928286808638,1.0,0.011904761904761904
FGFBP3,0.019585108,0.40219948,0.9843743433411535,1.0,0.011904761904761904
AL158212.3,0.019551048,0.19553214,0.9844015149308771,1.0,0.023809523809523808
AC108471.2,0.019516986,0.2820188,0.9844286865386952,1.0,0.011904761904761904
CBWD2,0.019516986,0.06257987,0.9844286865386952,1.0,0.03571428571428571
CLDND2,0.019482926,-0.03218779,0.9844558581645761,1.0,0.047619047619047616
KIAA0895,0.019414803,-0.37577438,0.9845102014704005,1.0,0.023809523809523808
TAP1,0.019414803,-0.1264739,0.9845102014704005,1.0,0.25
LRRC7,0.019278558,0.10787766,0.9846188882974168,1.0,0.023809523809523808
C1orf159,0.019210437,0.0036140184,0.9846732318181047,1.0,0.047619047619047616
ZNF649,0.019074192,-0.039548103,0.9847819190725793,1.0,0.023809523809523808
SESN2,0.019040132,0.060087275,0.9848090909304098,1.0,0.09523809523809523
GPI,0.01897201,0.004020865,0.9848634346989042,1.0,0.5714285714285714
CHCHD6,0.01839297,0.030780561,0.9853253595413851,1.0,0.2619047619047619
LBHD1,0.01835891,-0.03844512,0.9853525317456621,1.0,0.011904761904761904
ARRDC3-AS1,0.01832485,-0.016288344,0.9853797039669303,1.0,0.023809523809523808
DIP2C,0.018290788,-0.075238556,0.9854068762051585,1.0,0.011904761904761904
WDR19,0.0180183,0.1060968,0.9856242547177597,1.0,0.10714285714285714
ST3GAL5,0.01798424,0.07554923,0.9856514271072091,1.0,0.23809523809523808
NXF1,0.01798424,0.08927091,0.9856514271072091,1.0,0.07142857142857142
AC124016.1,0.017950177,-0.1286171,0.9856785995133033,1.0,0.011904761904761904
AL135999.1,0.017745811,-0.128859,0.985841634297644,1.0,0.011904761904761904
ZBTB42,0.017745811,-0.16166095,0.985841634297644,1.0,0.011904761904761904
IGFLR1,0.017575506,-0.32222778,0.9859774970698818,1.0,0.023809523809523808
PTPRE,0.017473323,-0.031527538,0.986059014928676,1.0,0.6309523809523809
ZNF213-AS1,0.017439261,0.10671921,0.9860861875806602,1.0,0.047619047619047616
ZNF33B,0.017439261,0.35892463,0.9860861875806602,1.0,0.05952380952380952
ZNF148,0.017439261,0.014747243,0.9860861875806602,1.0,0.40476190476190477
STXBP2,0.017166773,0.08057262,0.9863035693749466,1.0,0.16666666666666666
VOPP1,0.017132713,0.01887719,0.9863307421710611,1.0,0.39285714285714285
ZNF623,0.01703053,-0.21195406,0.9864122606544204,1.0,0.09523809523809523
FAM189A2,0.016928345,-0.6234235,0.9864937792796411,1.0,0.011904761904761904
NME2,0.016792102,-0.02695755,0.9866024709991378,1.0,1.0
DPF1,0.016758041,0.3080591,0.9866296439679452,1.0,0.011904761904761904
APBA1,0.016758041,-0.30653235,0.9866296439679452,1.0,0.023809523809523808
AC114811.2,0.01672398,-0.7706466,0.9866568169522627,1.0,0.011904761904761904
TUBG1,0.016587736,0.049095444,0.9867655090440052,1.0,0.25
ENG,0.016519614,-0.025601728,0.9868198551821185,1.0,0.8809523809523809
ARHGAP6,0.016247125,0.026780654,0.9870372403436353,1.0,0.44047619047619047
AC008735.1,0.015940575,0.050803334,0.9872817997999066,1.0,0.011904761904761904
AC107021.2,0.015804332,0.018659744,0.9873904932765483,1.0,0.03571428571428571
AL359643.2,0.015804332,0.00061351643,0.9873904932765483,1.0,0.011904761904761904
Z82217.1,0.01573621,-0.10772988,0.9874448401027619,1.0,0.023809523809523808
MFSD4B,0.01542966,0.06882756,0.9876894015380372,1.0,0.13095238095238096
C15orf40,0.015191232,-0.05441358,0.9878796167886128,1.0,0.27380952380952384
AC026748.3,0.0150209265,0.83038384,0.9880154852471821,1.0,0.011904761904761904
HOXA3,0.0150209265,-0.40681428,0.9880154852471821,1.0,0.023809523809523808
APOM,0.014986865,-0.17291346,0.9880426589807306,1.0,0.011904761904761904
TICAM1,0.014952805,-0.23512334,0.9880698327281504,1.0,0.03571428571428571
SYNJ2,0.014918744,0.02591172,0.9880970064894101,1.0,0.5238095238095238
ZCWPW2,0.01481656,0.7545937,0.9881785278559128,1.0,0.011904761904761904
SNX25,0.01481656,-0.063966066,0.9881785278559128,1.0,0.05952380952380952
Z99289.2,0.014680316,0.5508558,0.988287223203095,1.0,0.011904761904761904
ZNRF3-AS1,0.014646255,-0.4079594,0.9883143970739386,1.0,0.011904761904761904
LLGL2,0.014612194,0.62458324,0.9883415709583383,1.0,0.011904761904761904
PBXIP1,0.014612194,-0.014928226,0.9883415709583383,1.0,0.15476190476190477
TAPBP,0.014441889,-0.01634543,0.9884774405825758,1.0,0.6190476190476191
AL163051.1,0.014135339,0.42233723,0.9887220067456788,1.0,0.011904761904761904
MAP3K6,0.014067217,-0.11506591,0.9887763549266497,1.0,0.03571428571428571
INTS1,0.0140331555,0.12127464,0.9888035290366816,1.0,0.19047619047619047
ZBTB22,0.013965034,0.27002227,0.9888578772956799,1.0,0.047619047619047616
CLTB,0.013351935,0.023331316,0.9893470139230419,1.0,0.6785714285714286
SNRK-AS1,0.013215691,-0.044261742,0.9894557115015858,1.0,0.03571428571428571
PRKAG1,0.013011324,0.014577238,0.9896187582357405,1.0,0.2619047619047619
LAMP2,0.0126707135,0.0010477388,0.9898905037527569,1.0,0.5238095238095238
ZNF248,0.012534469,-0.17040178,0.9899992022897115,1.0,0.10714285714285714
NAF1,0.012534469,-0.063386895,0.9899992022897115,1.0,0.08333333333333333
PYGO2,0.012534469,0.021379773,0.9899992022897115,1.0,0.07142857142857142
MARVELD1,0.012500408,-0.048704714,0.9900263769530336,1.0,0.2976190476190476
EXOC3L2,0.012500408,-0.17418815,0.9900263769530336,1.0,0.011904761904761904
CEP350,0.012466347,-0.0042722505,0.9900535516279262,1.0,0.30952380952380953
TMEM147-AS1,0.012466347,0.3092281,0.9900535516279262,1.0,0.03571428571428571
AL606834.1,0.0124322865,-0.21126255,0.9900807263143575,1.0,0.011904761904761904
AC011815.1,0.0124322865,-0.114837855,0.9900807263143575,1.0,0.011904761904761904
ZNF446,0.012261981,0.08382688,0.9902165999184934,1.0,0.03571428571428571
AC012291.3,0.012193859,0.80368716,0.9902709494398163,1.0,0.011904761904761904
CCHCR1,0.012159797,0.3249698,0.9902981242174235,1.0,0.07142857142857142
MTA2,0.012159797,-0.10019042,0.9902981242174235,1.0,0.11904761904761904
SSTR2,0.012125737,0.75966144,0.9903252990062859,1.0,0.011904761904761904
AL365436.2,0.0120576145,0.6687143,0.9903796486176498,1.0,0.011904761904761904
GLIPR1,0.011887309,0.069252625,0.9905155228408179,1.0,0.2261904761904762
PXYLP1,0.011853248,0.54076666,0.9905426977185865,1.0,0.011904761904761904
AC008549.2,0.011819188,-0.28713208,0.9905698726073264,1.0,0.011904761904761904
EIF2AK3,0.011648882,0.025103875,0.9907057472144946,1.0,0.047619047619047616
PRPSAP1,0.011648882,0.017643522,0.9907057472144946,1.0,0.2976190476190476
DDN-AS1,0.011614821,-0.32118544,0.9907329221684011,1.0,0.011904761904761904
EFNB1,0.011410454,-0.070731014,0.9908959721165036,1.0,0.2261904761904762
TIMM10,0.011410454,-0.0017169364,0.9908959721165036,1.0,0.5476190476190477
AC097468.3,0.011342333,-0.61615205,0.9909503221840337,1.0,0.011904761904761904
PABPC1L,0.011308271,-0.0032668724,0.9909774972335624,1.0,0.023809523809523808
SHOX2,0.011172027,-0.032594707,0.9910861975360326,1.0,0.05952380952380952
FASTKD1,0.011172027,0.041813355,0.9910861975360326,1.0,0.11904761904761904
ITGA6,0.011137966,-0.008083736,0.9911133726375814,1.0,0.7261904761904762
EDA2R,0.011001722,-0.007639791,0.9912220731465556,1.0,0.10714285714285714
MGST3,0.010933599,-0.03154414,0.991276423462269,1.0,0.8690476190476191
PABPC1,0.010899538,-0.02052702,0.9913035986353218,1.0,0.9761904761904762
AC093866.1,0.010831417,0.3564943,0.9913579490116624,1.0,0.023809523809523808
AC125807.2,0.010558928,0.17489085,0.9915753509155322,1.0,0.011904761904761904
AC069185.1,0.010218318,0.08628272,0.9918471041730965,1.0,0.011904761904761904
UNC5B-AS1,0.010048012,0.026879668,0.9919829811585352,1.0,0.03571428571428571
CHKA,0.00997989,0.021164592,0.9920373320180361,1.0,0.07142857142857142
TRIT1,0.009809584,0.14029501,0.9921732093278951,1.0,0.10714285714285714
ZNF229,0.009741463,-0.05301556,0.9922275603156194,1.0,0.011904761904761904
AC019080.1,0.00967334,0.23202701,0.9922819113394116,1.0,0.047619047619047616
PITPNC1,0.009468975,-0.067555405,0.9924449646246729,1.0,0.07142857142857142
AC008429.1,0.009196485,-0.27422175,0.9926623694946707,1.0,0.011904761904761904
ZNF575,0.009128364,-0.24417146,0.9927167207979262,1.0,0.011904761904761904
AL133523.1,0.009060241,-0.33150986,0.9927710721349796,1.0,0.011904761904761904
MMP11,0.009060241,0.21115158,0.9927710721349796,1.0,0.03571428571428571
POLR1B,0.00902618,-0.10818536,0.9927982478161018,1.0,0.10714285714285714
AC000403.1,0.00899212,-0.33028293,0.992825423505579,1.0,0.011904761904761904
P2RY11,0.008958058,0.57344055,0.9928525992033795,1.0,0.011904761904761904
DNAH9,0.008923997,-0.30446136,0.9928797749094719,1.0,0.011904761904761904
AC012615.2,0.008787753,-0.30767173,0.9929884778161296,1.0,0.011904761904761904
STAMBPL1,0.008719631,-0.5611537,0.9930428293183902,1.0,0.011904761904761904
AL136454.1,0.008719631,-0.43967348,0.9930428293183902,1.0,0.011904761904761904
SNX5,0.00868557,-0.007864488,0.993070005081643,1.0,0.6071428571428571
SAMD4A,0.008617448,0.056519207,0.9931243566322361,1.0,0.2261904761904762
CEACAM19,0.008583386,-0.52459013,0.9931515324195134,1.0,0.011904761904761904
WSB2,0.008549325,-0.04686801,0.9931787082147356,1.0,0.2619047619047619
CSTF2,0.008481204,0.1573455,0.9932330598288895,1.0,0.05952380952380952
LINC00663,0.008379021,-0.6192612,0.9933145873089204,1.0,0.011904761904761904
SH3BGR,0.0083449595,0.2864728,0.9933417631511512,1.0,0.011904761904761904
EPOP,0.008310898,-0.8358942,0.9933689390011065,1.0,0.011904761904761904
SAMD15,0.008242776,-0.7054231,0.9934232907240641,1.0,0.011904761904761904
EFL1,0.008208715,-0.13731359,0.9934504665970035,1.0,0.08333333333333333
C2CD5,0.008208715,-0.1131642,0.9934504665970035,1.0,0.05952380952380952
MBLAC2,0.008106532,0.011172784,0.9935319942612852,1.0,0.05952380952380952
HACD4,0.007970287,0.2309661,0.993640697918566,1.0,0.03571428571428571
TIMELESS,0.007902166,-0.014237718,0.9936950497915983,1.0,0.047619047619047616
PSMG4,0.007868105,0.0063556125,0.9937222257391021,1.0,0.5595238095238095
YJU2,0.007834043,-0.015080716,0.9937494016938888,1.0,0.07142857142857142
NDUFA6-DT,0.0076977992,0.09296365,0.9938581055852359,1.0,0.023809523809523808
AC107993.1,0.007663738,0.11931295,0.993885281575965,1.0,0.011904761904761904
PPM1G,0.007459372,-0.023924297,0.9940483376682079,1.0,0.7976190476190477
PLCZ1,0.007118761,-0.064479314,0.9943200983709614,1.0,0.011904761904761904
GNPDA2,0.0070847003,0.051619723,0.9943472744779989,1.0,0.19047619047619047
ATP6AP1L,0.0070847003,-0.22230859,0.9943472744779989,1.0,0.023809523809523808
IFIT3,0.007050639,-0.09648366,0.9943744505915943,1.0,0.011904761904761904
AC240274.1,0.007050639,-0.19855417,0.9943744505915943,1.0,0.011904761904761904
CASC3,0.007050639,0.0044406233,0.9943744505915943,1.0,0.2976190476190476
TESK1,0.006914395,-0.006858774,0.9944831551109251,1.0,0.05952380952380952
TEFM,0.0066078454,0.013206984,0.9947277406507627,1.0,0.11904761904761904
PPIG,0.0065397234,0.019459277,0.9947820930610402,1.0,0.7142857142857143
UBE2F,0.006505662,0.093306884,0.9948092692752749,1.0,0.39285714285714285
CUL4B,0.006505662,-0.023245653,0.9948092692752749,1.0,0.5833333333333334
PHF19,0.006471601,-0.13280487,0.9948364454955316,1.0,0.2619047619047619
ZNF655,0.0062672347,-0.37033275,0.9949995029417676,1.0,0.09523809523809523
NRG4,0.0062672347,0.59006,0.9949995029417676,1.0,0.011904761904761904
CTXN1,0.0062672347,-0.026379846,0.9949995029417676,1.0,0.23809523809523808
FBXL6,0.0062672347,-0.025874127,0.9949995029417676,1.0,0.09523809523809523
ABCB1,0.0062331734,-0.2665733,0.9950266792032954,1.0,0.011904761904761904
SNHG15,0.0061650514,-0.113443315,0.9950810317436285,1.0,0.32142857142857145
CWC15,0.0061309906,-0.011006457,0.9951082080223709,1.0,0.5119047619047619
ELFN2,0.0060628685,0.44371435,0.9951625605968496,1.0,0.011904761904761904
Z98884.1,0.0060628685,0.47214636,0.9951625605968496,1.0,0.011904761904761904
XAF1,0.005960685,-0.39850995,0.9952440895005799,1.0,0.03571428571428571
TTC13,0.005858502,0.35421532,0.9953256184539678,1.0,0.03571428571428571
TMEM128,0.005858502,-0.03703988,0.9953256184539678,1.0,0.13095238095238096
LINC01273,0.005756319,-0.63463145,0.9954071474561623,1.0,0.011904761904761904
LINC01003,0.0055860137,-0.07889823,0.9955430292326334,1.0,0.047619047619047616
NHLRC2,0.0055519524,0.05714888,0.9955702056035659,1.0,0.20238095238095238
NAXE,0.0055519524,0.06498204,0.9955702056035659,1.0,0.38095238095238093
C9orf64,0.0055178916,0.34162778,0.9955973819796377,1.0,0.011904761904761904
KLHDC8B,0.005313525,-0.034333725,0.9957604403422254,1.0,0.047619047619047616
PIM2,0.005245403,-0.09515014,0.9958147931694391,1.0,0.03571428571428571
ZSWIM3,0.005109159,0.16225833,0.9959234988818794,1.0,0.023809523809523808
ALMS1-IT1,0.0050410368,0.1934185,0.9959778517666017,1.0,0.011904761904761904
MORN1,0.0050410368,0.09623198,0.9959778517666017,1.0,0.023809523809523808
MNT,0.0050069755,0.37780356,0.996005028215978,1.0,0.10714285714285714
LINC02454,0.004768548,0.049077522,0.9961952634896197,1.0,0.03571428571428571
RDH13,0.0045301206,-0.1550108,0.9963854989795501,1.0,0.05952380952380952
ASH1L-AS1,0.0043598153,-0.075709775,0.9965213815987888,1.0,0.011904761904761904
SLC7A8,0.004291693,-0.08386733,0.9965757346749549,1.0,0.047619047619047616
N6AMT1,0.004155449,0.08044094,0.9966844408747068,1.0,0.09523809523809523
LINS1,0.004121388,-0.15442774,0.9967116174343399,1.0,0.05952380952380952
RPP14,0.004121388,-0.05277203,0.9967116174343399,1.0,0.13095238095238096
AC005520.2,0.004019205,0.045465935,0.9967931471360034,1.0,0.023809523809523808
TONSL,0.0038148386,0.1527894,0.9969562066389306,1.0,0.023809523809523808
GPS1,0.0036104722,-0.04843528,0.9971192662689831,1.0,0.27380952380952384
TRIM34,0.0036104722,-0.1423945,0.9971192662689831,1.0,0.11904761904761904
DLG4,0.0035082889,0.05669728,0.997200796129553,1.0,0.08333333333333333
MTRNR2L11,0.0034742279,-0.092176355,0.9972279727562801,1.0,0.023809523809523808
CASP1,0.0034742279,-0.17927156,0.9972279727562801,1.0,0.011904761904761904
OR7D2,0.0033379837,-0.31554464,0.9973366792950327,1.0,0.011904761904761904
ADAMTSL4,0.0033039227,0.08162227,0.9973638559375242,1.0,0.10714285714285714
ABHD6,0.0032698617,-0.035552856,0.9973910325830742,1.0,0.047619047619047616
AC040977.1,0.002861129,-0.073627025,0.9977171525567463,1.0,0.023809523809523808
ZNF20,0.002861129,-0.52883273,0.9977171525567463,1.0,0.011904761904761904
B3GALNT1,0.0027930068,0.17688628,0.9977715059242412,1.0,0.11904761904761904
C19orf12,0.0027930068,0.055940982,0.9977715059242412,1.0,0.13095238095238096
BCAP31,0.0027589458,0.042765256,0.9977986826118826,1.0,0.8214285714285714
LRTOMT,0.0027248845,-0.09027548,0.9978258593020779,1.0,0.023809523809523808
AL929472.2,0.0026567625,-0.5549537,0.9978802126900038,1.0,0.011904761904761904
GPR37,0.0026567625,0.0021629606,0.9978802126900038,1.0,0.023809523809523808
DOCK4,0.0025886404,0.0031540052,0.9979345660877669,1.0,0.4642857142857143
AL008721.2,0.0025886404,-0.7255437,0.9979345660877669,1.0,0.011904761904761904
FAM111B,0.0025886404,-0.75075525,0.9979345660877669,1.0,0.011904761904761904
TRMT1L,0.0025886404,-0.08308207,0.9979345660877669,1.0,0.13095238095238096
AL049597.2,0.002452396,-0.93292546,0.9980432729117953,1.0,0.011904761904761904
LINC02021,0.002452396,-0.8275943,0.9980432729117953,1.0,0.011904761904761904
ADM2,0.002350213,-0.2812942,0.9981248030537632,1.0,0.03571428571428571
AC079781.5,0.00224803,-0.9256297,0.9982063332153106,1.0,0.011904761904761904
CDK5RAP2,0.0022139687,0.00064273464,0.9982335099400302,1.0,0.14285714285714285
LLGL1,0.0022139687,0.23446651,0.9982335099400302,1.0,0.011904761904761904
MOV10L1,0.0021799076,-0.39503482,0.9982606866667993,1.0,0.07142857142857142
ZNF674-AS1,0.0021117856,0.42449355,0.9983150401263597,1.0,0.023809523809523808
YAE1,0.0020096025,0.18455772,0.9983965703302824,1.0,0.05952380952380952
GSKIP,0.0019755415,0.031115822,0.9984237470686859,1.0,0.16666666666666666
FAAP24,0.0018733582,-0.12312223,0.9985052772947421,1.0,0.03571428571428571
TUBGCP3,0.0018052361,-0.036883067,0.9985596307875028,1.0,0.10714285714285714
ACD,0.0017030529,0.08508696,0.9986411610390977,1.0,0.08333333333333333
MTURN,0.0016689919,-0.32662302,0.9986683377928243,1.0,0.03571428571428571
MCM3AP,0.0014986865,-0.007778537,0.9988042215840008,1.0,0.20238095238095238
IL1A,0.0012602592,-0.18273723,0.9989944589490313,1.0,0.011904761904761904
METTL18,0.001226198,0.4092585,0.9990216357203827,1.0,0.047619047619047616
MIR17HG,0.00091964856,-0.25320613,0.99926622670984,1.0,0.011904761904761904
CYP26B1,0.00091964856,-0.3386748,0.99926622670984,1.0,0.011904761904761904
SZT2-AS1,0.00091964856,-0.2269716,0.99926622670984,1.0,0.011904761904761904
KRT34,0.0008174654,0.7245868,0.9993477570561174,1.0,0.011904761904761904
ZNF184,0.00068122114,0.29572675,0.9994564641949341,1.0,0.023809523809523808
PPFIA3,0.0005449769,-0.080854684,0.9995651713438399,1.0,0.03571428571428571
PUDP,0.0005449769,0.06919309,0.9995651713438399,1.0,0.16666666666666666
POLR1E,0.00047685482,-0.2053237,0.9996195249214459,1.0,0.13095238095238096
CACNA1A,0.00047685482,-0.24849308,0.9996195249214459,1.0,0.023809523809523808
C1orf74,0.00037467162,-0.3609488,0.9997010552910864,1.0,0.011904761904761904
TTC30A,0.0003065495,-0.34441516,0.9997554088726335,1.0,0.011904761904761904
KNG1,0.0,0.0,1.0,1.0,0.0
TRGV8,0.0,0.0,1.0,1.0,0.0
LINC02391,0.0,0.0,1.0,1.0,0.0
AC073569.1,0.0,0.0,1.0,1.0,0.0
CLLU1,0.0,0.0,1.0,1.0,0.0
AL359378.1,0.0,0.0,1.0,1.0,0.0
LIN7A,0.0,0.0,1.0,1.0,0.0
AC115284.3,0.0,0.0,1.0,1.0,0.0
RPGRIP1,0.0,0.0,1.0,1.0,0.0
PFN3,0.0,0.0,1.0,1.0,0.0
LRFN5,0.0,0.0,1.0,1.0,0.0
RNASE7,0.0,0.0,1.0,1.0,0.0
LINC01010,0.0,0.0,1.0,1.0,0.0
HRG,0.0,0.0,1.0,1.0,0.0
AC072026.3,0.0,0.0,1.0,1.0,0.0
AL133257.1,0.0,0.0,1.0,1.0,0.0
AC138123.1,0.0,0.0,1.0,1.0,0.0
TARID,0.0,0.0,1.0,1.0,0.0
TRGV4,0.0,0.0,1.0,1.0,0.0
AC073655.3,0.0,0.0,1.0,1.0,0.0
AC123567.2,0.0,0.0,1.0,1.0,0.0
AL133371.3,0.0,0.0,1.0,1.0,0.0
AC044893.1,0.0,0.0,1.0,1.0,0.0
KIF25-AS1,0.0,0.0,1.0,1.0,0.0
AC079362.1,0.0,0.0,1.0,1.0,0.0
AC011290.1,0.0,0.0,1.0,1.0,0.0
AC073655.1,0.0,0.0,1.0,1.0,0.0
RNASE13,0.0,0.0,1.0,1.0,0.0
ADRB3,0.0,0.0,1.0,1.0,0.0
EDDM3A,0.0,0.0,1.0,1.0,0.0
GOT1L1,0.0,0.0,1.0,1.0,0.0
AL163636.1,0.0,0.0,1.0,1.0,0.0
AL049870.2,0.0,0.0,1.0,1.0,0.0
AC068993.2,0.0,0.0,1.0,1.0,0.0
AL133371.1,0.0,0.0,1.0,1.0,0.0
AC073569.2,0.0,0.0,1.0,1.0,0.0
AC012464.1,0.0,0.0,1.0,1.0,0.0
AL355922.4,0.0,0.0,1.0,1.0,0.0
AC008080.2,0.0,0.0,1.0,1.0,0.0
POU6F2-AS2,0.0,0.0,1.0,1.0,0.0
TRGV1,0.0,0.0,1.0,1.0,0.0
AC084024.1,0.0,0.0,1.0,1.0,0.0
A4GNT,0.0,0.0,1.0,1.0,0.0
TRGV2,0.0,0.0,1.0,1.0,0.0
AL121821.2,0.0,0.0,1.0,1.0,0.0
SLC39A2,0.0,0.0,1.0,1.0,0.0
PPDPFL,0.0,0.0,1.0,1.0,0.0
LINC01964,0.0,0.0,1.0,1.0,0.0
LINC02847,0.0,0.0,1.0,1.0,0.0
HGC6.3,0.0,0.0,1.0,1.0,0.0
AL161668.2,0.0,0.0,1.0,1.0,0.0
AC010883.2,0.0,0.0,1.0,1.0,0.0
SFRP4,0.0,0.0,1.0,1.0,0.0
ADAM2,0.0,0.0,1.0,1.0,0.0
AC103843.1,0.0,0.0,1.0,1.0,0.0
NPSR1,0.0,0.0,1.0,1.0,0.0
DKK4,0.0,0.0,1.0,1.0,0.0
IQCF5,0.0,0.0,1.0,1.0,0.0
GRM2,0.0,0.0,1.0,1.0,0.0
AC024941.1,0.0,0.0,1.0,1.0,0.0
AC007349.3,0.0,0.0,1.0,1.0,0.0
AC006960.2,0.0,0.0,1.0,1.0,0.0
AC007652.3,0.0,0.0,1.0,1.0,0.0
AC099050.1,0.0,0.0,1.0,1.0,0.0
AC090680.1,0.0,0.0,1.0,1.0,0.0
TRAJ23,0.0,0.0,1.0,1.0,0.0
CHRNB3,0.0,0.0,1.0,1.0,0.0
AC120036.4,0.0,0.0,1.0,1.0,0.0
TRAJ22,0.0,0.0,1.0,1.0,0.0
AC091214.1,0.0,0.0,1.0,1.0,0.0
TRAJ9,0.0,0.0,1.0,1.0,0.0
CHRNA6,0.0,0.0,1.0,1.0,0.0
EYA4,0.0,0.0,1.0,1.0,0.0
AL009178.3,0.0,0.0,1.0,1.0,0.0
AC079598.1,0.0,0.0,1.0,1.0,0.0
FRMD1,0.0,0.0,1.0,1.0,0.0
GP9,0.0,0.0,1.0,1.0,0.0
AL138885.3,0.0,0.0,1.0,1.0,0.0
LINC00518,0.0,0.0,1.0,1.0,0.0
SLC34A1,0.0,0.0,1.0,1.0,0.0
LINC02820,0.0,0.0,1.0,1.0,0.0
AC083864.2,0.0,0.0,1.0,1.0,0.0
AC083864.5,0.0,0.0,1.0,1.0,0.0
AC243965.2,0.0,0.0,1.0,1.0,0.0
AL137220.1,0.0,0.0,1.0,1.0,0.0
IDO1,0.0,0.0,1.0,1.0,0.0
AC007350.1,0.0,0.0,1.0,1.0,0.0
AC025254.1,0.0,0.0,1.0,1.0,0.0
DCN,0.0,0.0,1.0,1.0,0.0
AC007991.4,0.0,0.0,1.0,1.0,0.0
TRGV9,0.0,0.0,1.0,1.0,0.0
LUM,0.0,0.0,1.0,1.0,0.0
LINC02302,0.0,0.0,1.0,1.0,0.0
AC022733.1,0.0,0.0,1.0,1.0,0.0
AC026904.1,0.0,0.0,1.0,1.0,0.0
EPYC,0.0,0.0,1.0,1.0,0.0
AC022733.2,0.0,0.0,1.0,1.0,0.0
AC105999.1,0.0,0.0,1.0,1.0,0.0
LINC00615,0.0,0.0,1.0,1.0,0.0
GPR141,0.0,0.0,1.0,1.0,0.0
AL161747.2,0.0,0.0,1.0,1.0,0.0
LINC00326,0.0,0.0,1.0,1.0,0.0
LINC02392,0.0,0.0,1.0,1.0,0.0
AC069228.1,0.0,0.0,1.0,1.0,0.0
AC007349.2,0.0,0.0,1.0,1.0,0.0
OR4E2,0.0,0.0,1.0,1.0,0.0
TRAV8-3,0.0,0.0,1.0,1.0,0.0
LINC02426,0.0,0.0,1.0,1.0,0.0
TRAV8-5,0.0,0.0,1.0,1.0,0.0
AC104393.1,0.0,0.0,1.0,1.0,0.0
TRAV33,0.0,0.0,1.0,1.0,0.0
OR6J1,0.0,0.0,1.0,1.0,0.0
NPSR1-AS1,0.0,0.0,1.0,1.0,0.0
TRDC,0.0,0.0,1.0,1.0,0.0
AC062037.2,0.0,0.0,1.0,1.0,0.0
TRAJ51,0.0,0.0,1.0,1.0,0.0
AC010105.1,0.0,0.0,1.0,1.0,0.0
MYB,0.0,0.0,1.0,1.0,0.0
AC138360.1,0.0,0.0,1.0,1.0,0.0
AL031123.1,0.0,0.0,1.0,1.0,0.0
AC084398.2,0.0,0.0,1.0,1.0,0.0
IL20RA,0.0,0.0,1.0,1.0,0.0
AL356234.2,0.0,0.0,1.0,1.0,0.0
AL023775.2,0.0,0.0,1.0,1.0,0.0
IL17RB,0.0,0.0,1.0,1.0,0.0
AC021188.1,0.0,0.0,1.0,1.0,0.0
BX072579.2,0.0,0.0,1.0,1.0,0.0
AC011726.3,0.0,0.0,1.0,1.0,0.0
LINC00454,0.0,0.0,1.0,1.0,0.0
LINC02456,0.0,0.0,1.0,1.0,0.0
ASCL1,0.0,0.0,1.0,1.0,0.0
STAB2,0.0,0.0,1.0,1.0,0.0
LINC02539,0.0,0.0,1.0,1.0,0.0
BX072579.1,0.0,0.0,1.0,1.0,0.0
AC009623.2,0.0,0.0,1.0,1.0,0.0
AC009623.1,0.0,0.0,1.0,1.0,0.0
LINC00452,0.0,0.0,1.0,1.0,0.0
LINC00565,0.0,0.0,1.0,1.0,0.0
AC005034.4,0.0,0.0,1.0,1.0,0.0
AC084262.1,0.0,0.0,1.0,1.0,0.0
AC025752.1,0.0,0.0,1.0,1.0,0.0
AL023284.4,0.0,0.0,1.0,1.0,0.0
MYL7,0.0,0.0,1.0,1.0,0.0
AC063948.1,0.0,0.0,1.0,1.0,0.0
AC073352.2,0.0,0.0,1.0,1.0,0.0
AC010205.1,0.0,0.0,1.0,1.0,0.0
CD80,0.0,0.0,1.0,1.0,0.0
NPC1L1,0.0,0.0,1.0,1.0,0.0
B4GALT4-AS1,0.0,0.0,1.0,1.0,0.0
AL160396.1,0.0,0.0,1.0,1.0,0.0
RPS6KA2-AS1,0.0,0.0,1.0,1.0,0.0
AC013436.1,0.0,0.0,1.0,1.0,0.0
AC097015.1,0.0,0.0,1.0,1.0,0.0
AL024508.1,0.0,0.0,1.0,1.0,0.0
AL135902.1,0.0,0.0,1.0,1.0,0.0
RASA3-IT1,0.0,0.0,1.0,1.0,0.0
AC117834.1,0.0,0.0,1.0,1.0,0.0
AC115282.1,0.0,0.0,1.0,1.0,0.0
CCDC201,0.0,0.0,1.0,1.0,0.0
LRTM1,0.0,0.0,1.0,1.0,0.0
AC018682.2,0.0,0.0,1.0,1.0,0.0
F10-AS1,0.0,0.0,1.0,1.0,0.0
AL356740.3,0.0,0.0,1.0,1.0,0.0
ESRG,0.0,0.0,1.0,1.0,0.0
AC104561.3,0.0,0.0,1.0,1.0,0.0
AL591468.1,0.0,0.0,1.0,1.0,0.0
AC104561.1,0.0,0.0,1.0,1.0,0.0
LINC01291,0.0,0.0,1.0,1.0,0.0
CDC14C,0.0,0.0,1.0,1.0,0.0
LINC02030,0.0,0.0,1.0,1.0,0.0
ERC2,0.0,0.0,1.0,1.0,0.0
AC091730.1,0.0,0.0,1.0,1.0,0.0
AC092448.1,0.0,0.0,1.0,1.0,0.0
ERC2-IT1,0.0,0.0,1.0,1.0,0.0
MCF2L-AS1,0.0,0.0,1.0,1.0,0.0
VWC2,0.0,0.0,1.0,1.0,0.0
CACNA2D3,0.0,0.0,1.0,1.0,0.0
AL136221.1,0.0,0.0,1.0,1.0,0.0
AC007099.1,0.0,0.0,1.0,1.0,0.0
AC024958.1,0.0,0.0,1.0,1.0,0.0
AC073115.1,0.0,0.0,1.0,1.0,0.0
NEFL,0.0,0.0,1.0,1.0,0.0
AC011294.1,0.0,0.0,1.0,1.0,0.0
AC004870.2,0.0,0.0,1.0,1.0,0.0
C7orf69,0.0,0.0,1.0,1.0,0.0
AC068633.2,0.0,0.0,1.0,1.0,0.0
SUN3,0.0,0.0,1.0,1.0,0.0
AC017006.1,0.0,0.0,1.0,1.0,0.0
AC012574.2,0.0,0.0,1.0,1.0,0.0
DCUN1D2-AS,0.0,0.0,1.0,1.0,0.0
ADAM7,0.0,0.0,1.0,1.0,0.0
ADAMDEC1,0.0,0.0,1.0,1.0,0.0
GRTP1-AS1,0.0,0.0,1.0,1.0,0.0
AC120193.1,0.0,0.0,1.0,1.0,0.0
AC011595.2,0.0,0.0,1.0,1.0,0.0
AC023202.1,0.0,0.0,1.0,1.0,0.0
AC063947.1,0.0,0.0,1.0,1.0,0.0
AC017116.1,0.0,0.0,1.0,1.0,0.0
DSP,0.0,0.0,1.0,1.0,0.0
AC131254.2,0.0,0.0,1.0,1.0,0.0
SIX3-AS1,0.0,0.0,1.0,1.0,0.0
AC012354.1,0.0,0.0,1.0,1.0,0.0
LINC02410,0.0,0.0,1.0,1.0,0.0
AC090155.1,0.0,0.0,1.0,1.0,0.0
AC073957.1,0.0,0.0,1.0,1.0,0.0
AL355075.2,0.0,0.0,1.0,1.0,0.0
AMDHD1,0.0,0.0,1.0,1.0,0.0
AL139095.5,0.0,0.0,1.0,1.0,0.0
AC068931.1,0.0,0.0,1.0,1.0,0.0
LINC01450,0.0,0.0,1.0,1.0,0.0
AC068672.2,0.0,0.0,1.0,1.0,0.0
AC079896.1,0.0,0.0,1.0,1.0,0.0
AL360178.1,0.0,0.0,1.0,1.0,0.0
CTNNA2,0.0,0.0,1.0,1.0,0.0
ITIH3,0.0,0.0,1.0,1.0,0.0
AC145098.1,0.0,0.0,1.0,1.0,0.0
LINC01449,0.0,0.0,1.0,1.0,0.0
AC091729.1,0.0,0.0,1.0,1.0,0.0
DUSP26,0.0,0.0,1.0,1.0,0.0
LINC01288,0.0,0.0,1.0,1.0,0.0
LINC02538,0.0,0.0,1.0,1.0,0.0
LINC02487,0.0,0.0,1.0,1.0,0.0
AC023161.1,0.0,0.0,1.0,1.0,0.0
AL049552.2,0.0,0.0,1.0,1.0,0.0
AL356123.2,0.0,0.0,1.0,1.0,0.0
AC137579.1,0.0,0.0,1.0,1.0,0.0
AC137579.2,0.0,0.0,1.0,1.0,0.0
AC124067.3,0.0,0.0,1.0,1.0,0.0
AC091182.1,0.0,0.0,1.0,1.0,0.0
AHSG,0.0,0.0,1.0,1.0,0.0
AL139095.4,0.0,0.0,1.0,1.0,0.0
AC092818.1,0.0,0.0,1.0,1.0,0.0
AL035604.1,0.0,0.0,1.0,1.0,0.0
LINC01833,0.0,0.0,1.0,1.0,0.0
RNASE10,0.0,0.0,1.0,1.0,0.0
UNC5D,0.0,0.0,1.0,1.0,0.0
AC005160.1,0.0,0.0,1.0,1.0,0.0
LINC01448,0.0,0.0,1.0,1.0,0.0
AC007656.1,0.0,0.0,1.0,1.0,0.0
AC117834.2,0.0,0.0,1.0,1.0,0.0
AL512310.9,0.0,0.0,1.0,1.0,0.0
AC010203.2,0.0,0.0,1.0,1.0,0.0
NR1I2,0.0,0.0,1.0,1.0,0.0
IL20RB-AS1,0.0,0.0,1.0,1.0,0.0
AL121935.2,0.0,0.0,1.0,1.0,0.0
MAATS1,0.0,0.0,1.0,1.0,0.0
OR4Q3,0.0,0.0,1.0,1.0,0.0
AC023494.1,0.0,0.0,1.0,1.0,0.0
AL512310.10,0.0,0.0,1.0,1.0,0.0
AC068616.3,0.0,0.0,1.0,1.0,0.0
LINC01297,0.0,0.0,1.0,1.0,0.0
AC073091.3,0.0,0.0,1.0,1.0,0.0
AL589743.1,0.0,0.0,1.0,1.0,0.0
LINC02297,0.0,0.0,1.0,1.0,0.0
NR1H4,0.0,0.0,1.0,1.0,0.0
LINC02209,0.0,0.0,1.0,1.0,0.0
AL031123.4,0.0,0.0,1.0,1.0,0.0
MBOAT4,0.0,0.0,1.0,1.0,0.0
AL353747.4,0.0,0.0,1.0,1.0,0.0
AC007656.4,0.0,0.0,1.0,1.0,0.0
AL360178.2,0.0,0.0,1.0,1.0,0.0
TTLL2,0.0,0.0,1.0,1.0,0.0
SMIM18,0.0,0.0,1.0,1.0,0.0
RMST,0.0,0.0,1.0,1.0,0.0
AC016152.1,0.0,0.0,1.0,1.0,0.0
OR11H4,0.0,0.0,1.0,1.0,0.0
LUARIS,0.0,0.0,1.0,1.0,0.0
OR4K13,0.0,0.0,1.0,1.0,0.0
AC063952.4,0.0,0.0,1.0,1.0,0.0
ITIH4-AS1,0.0,0.0,1.0,1.0,0.0
GPR156,0.0,0.0,1.0,1.0,0.0
AC092604.1,0.0,0.0,1.0,1.0,0.0
AC090820.2,0.0,0.0,1.0,1.0,0.0
OR4K2,0.0,0.0,1.0,1.0,0.0
AC147651.3,0.0,0.0,1.0,1.0,0.0
AC012494.1,0.0,0.0,1.0,1.0,0.0
LRRTM4,0.0,0.0,1.0,1.0,0.0
ITPRID1,0.0,0.0,1.0,1.0,0.0
DNAJB8-AS1,0.0,0.0,1.0,1.0,0.0
AC130415.1,0.0,0.0,1.0,1.0,0.0
PRR23C,0.0,0.0,1.0,1.0,0.0
AC090629.1,0.0,0.0,1.0,1.0,0.0
TPD52,0.0,0.0,1.0,1.0,0.0
IGKC,0.0,0.0,1.0,1.0,0.0
AC068308.1,0.0,0.0,1.0,1.0,0.0
AL161665.2,0.0,0.0,1.0,1.0,0.0
AC079035.1,0.0,0.0,1.0,1.0,0.0
AC016240.1,0.0,0.0,1.0,1.0,0.0
AC125613.1,0.0,0.0,1.0,1.0,0.0
STMN2,0.0,0.0,1.0,1.0,0.0
AC091096.1,0.0,0.0,1.0,1.0,0.0
ROPN1B,0.0,0.0,1.0,1.0,0.0
AC007128.2,0.0,0.0,1.0,1.0,0.0
AC083837.1,0.0,0.0,1.0,1.0,0.0
AC060834.2,0.0,0.0,1.0,1.0,0.0
C6orf58,0.0,0.0,1.0,1.0,0.0
AC004160.1,0.0,0.0,1.0,1.0,0.0
AC004160.2,0.0,0.0,1.0,1.0,0.0
AC087883.2,0.0,0.0,1.0,1.0,0.0
LINC01883,0.0,0.0,1.0,1.0,0.0
AC092902.2,0.0,0.0,1.0,1.0,0.0
AC046129.1,0.0,0.0,1.0,1.0,0.0
AL445363.1,0.0,0.0,1.0,1.0,0.0
AC079209.1,0.0,0.0,1.0,1.0,0.0
AC079848.1,0.0,0.0,1.0,1.0,0.0
Z93020.1,0.0,0.0,1.0,1.0,0.0
AC079209.2,0.0,0.0,1.0,1.0,0.0
AC016995.1,0.0,0.0,1.0,1.0,0.0
AL161851.2,0.0,0.0,1.0,1.0,0.0
AC012533.1,0.0,0.0,1.0,1.0,0.0
AL845331.2,0.0,0.0,1.0,1.0,0.0
IGKV1OR2-1,0.0,0.0,1.0,1.0,0.0
ZNF704,0.0,0.0,1.0,1.0,0.0
BPESC1,0.0,0.0,1.0,1.0,0.0
AC083805.2,0.0,0.0,1.0,1.0,0.0
AC083805.3,0.0,0.0,1.0,1.0,0.0
AC079804.3,0.0,0.0,1.0,1.0,0.0
AC020637.1,0.0,0.0,1.0,1.0,0.0
AC068305.2,0.0,0.0,1.0,1.0,0.0
AVPR1A,0.0,0.0,1.0,1.0,0.0
AL352984.1,0.0,0.0,1.0,1.0,0.0
FOXG1,0.0,0.0,1.0,1.0,0.0
MEOX2,0.0,0.0,1.0,1.0,0.0
WIF1,0.0,0.0,1.0,1.0,0.0
LINC02587,0.0,0.0,1.0,1.0,0.0
AL121852.1,0.0,0.0,1.0,1.0,0.0
THEMIS,0.0,0.0,1.0,1.0,0.0
AC115837.2,0.0,0.0,1.0,1.0,0.0
MIR2052HG,0.0,0.0,1.0,1.0,0.0
JPH1,0.0,0.0,1.0,1.0,0.0
AC006041.2,0.0,0.0,1.0,1.0,0.0
AL133372.2,0.0,0.0,1.0,1.0,0.0
AL133372.3,0.0,0.0,1.0,1.0,0.0
AC111149.1,0.0,0.0,1.0,1.0,0.0
AC108479.3,0.0,0.0,1.0,1.0,0.0
AC083801.2,0.0,0.0,1.0,1.0,0.0
CRPPA-AS1,0.0,0.0,1.0,1.0,0.0
AL158058.1,0.0,0.0,1.0,1.0,0.0
AC022893.3,0.0,0.0,1.0,1.0,0.0
AL133166.1,0.0,0.0,1.0,1.0,0.0
AC135895.1,0.0,0.0,1.0,1.0,0.0
LINC02231,0.0,0.0,1.0,1.0,0.0
AC104134.1,0.0,0.0,1.0,1.0,0.0
AC022274.1,0.0,0.0,1.0,1.0,0.0
AC084706.1,0.0,0.0,1.0,1.0,0.0
AL596442.3,0.0,0.0,1.0,1.0,0.0
AL355112.1,0.0,0.0,1.0,1.0,0.0
AC011247.1,0.0,0.0,1.0,1.0,0.0
AC025576.2,0.0,0.0,1.0,1.0,0.0
LINC01111,0.0,0.0,1.0,1.0,0.0
GPR33,0.0,0.0,1.0,1.0,0.0
TEX37,0.0,0.0,1.0,1.0,0.0
AC011287.2,0.0,0.0,1.0,1.0,0.0
AC018693.1,0.0,0.0,1.0,1.0,0.0
FOXI3,0.0,0.0,1.0,1.0,0.0
AC011029.1,0.0,0.0,1.0,1.0,0.0
AC078962.4,0.0,0.0,1.0,1.0,0.0
LINC02031,0.0,0.0,1.0,1.0,0.0
AC005019.2,0.0,0.0,1.0,1.0,0.0
AGMO,0.0,0.0,1.0,1.0,0.0
CASC9,0.0,0.0,1.0,1.0,0.0
AC009902.2,0.0,0.0,1.0,1.0,0.0
AC018616.1,0.0,0.0,1.0,1.0,0.0
AC079848.2,0.0,0.0,1.0,1.0,0.0
SDR9C7,0.0,0.0,1.0,1.0,0.0
SULT6B1,0.0,0.0,1.0,1.0,0.0
AL009177.1,0.0,0.0,1.0,1.0,0.0
AC090572.3,0.0,0.0,1.0,1.0,0.0
TAC3,0.0,0.0,1.0,1.0,0.0
MYO1A,0.0,0.0,1.0,1.0,0.0
AC091729.2,0.0,0.0,1.0,1.0,0.0
AL162464.1,0.0,0.0,1.0,1.0,0.0
AC093627.7,0.0,0.0,1.0,1.0,0.0
AL162464.2,0.0,0.0,1.0,1.0,0.0
AC139491.1,0.0,0.0,1.0,1.0,0.0
AC004906.1,0.0,0.0,1.0,1.0,0.0
AL079303.1,0.0,0.0,1.0,1.0,0.0
SLC7A13,0.0,0.0,1.0,1.0,0.0
AC084128.1,0.0,0.0,1.0,1.0,0.0
SFTA3,0.0,0.0,1.0,1.0,0.0
AL132857.1,0.0,0.0,1.0,1.0,0.0
AC024028.1,0.0,0.0,1.0,1.0,0.0
AC138965.1,0.0,0.0,1.0,1.0,0.0
LINC00517,0.0,0.0,1.0,1.0,0.0
FABP4,0.0,0.0,1.0,1.0,0.0
DCAF4L2,0.0,0.0,1.0,1.0,0.0
DNAJB8,0.0,0.0,1.0,1.0,0.0
AC102953.1,0.0,0.0,1.0,1.0,0.0
AC087439.2,0.0,0.0,1.0,1.0,0.0
AC087439.1,0.0,0.0,1.0,1.0,0.0
AL132639.3,0.0,0.0,1.0,1.0,0.0
AL449214.1,0.0,0.0,1.0,1.0,0.0
LINC01951,0.0,0.0,1.0,1.0,0.0
SEC23A-AS1,0.0,0.0,1.0,1.0,0.0
AL121938.1,0.0,0.0,1.0,1.0,0.0
HRH2,0.0,0.0,1.0,1.0,0.0
AC004083.1,0.0,0.0,1.0,1.0,0.0
AC141002.1,0.0,0.0,1.0,1.0,0.0
AC093734.1,0.0,0.0,1.0,1.0,0.0
RUVBL1-AS1,0.0,0.0,1.0,1.0,0.0
AC090578.3,0.0,0.0,1.0,1.0,0.0
AL392023.1,0.0,0.0,1.0,1.0,0.0
AC090578.2,0.0,0.0,1.0,1.0,0.0
AC023194.3,0.0,0.0,1.0,1.0,0.0
PSKH2,0.0,0.0,1.0,1.0,0.0
LINC01108,0.0,0.0,1.0,1.0,0.0
AL353152.2,0.0,0.0,1.0,1.0,0.0
AC009237.14,0.0,0.0,1.0,1.0,0.0
AC105031.2,0.0,0.0,1.0,1.0,0.0
RUNX1T1,0.0,0.0,1.0,1.0,0.0
AL133163.2,0.0,0.0,1.0,1.0,0.0
AC025165.1,0.0,0.0,1.0,1.0,0.0
AC215522.2,0.0,0.0,1.0,1.0,0.0
AL731684.1,0.0,0.0,1.0,1.0,0.0
RNF216-IT1,0.0,0.0,1.0,1.0,0.0
AC060765.2,0.0,0.0,1.0,1.0,0.0
OCM,0.0,0.0,1.0,1.0,0.0
SLC26A10,0.0,0.0,1.0,1.0,0.0
AC009229.2,0.0,0.0,1.0,1.0,0.0
RSPH10B,0.0,0.0,1.0,1.0,0.0
KLF15,0.0,0.0,1.0,1.0,0.0
AC023644.1,0.0,0.0,1.0,1.0,0.0
AC063919.2,0.0,0.0,1.0,1.0,0.0
AC108734.4,0.0,0.0,1.0,1.0,0.0
PRR20G,0.0,0.0,1.0,1.0,0.0
AC009237.15,0.0,0.0,1.0,1.0,0.0
AL354936.1,0.0,0.0,1.0,1.0,0.0
AL022396.1,0.0,0.0,1.0,1.0,0.0
LINC02523,0.0,0.0,1.0,1.0,0.0
AC024933.2,0.0,0.0,1.0,1.0,0.0
AC073316.2,0.0,0.0,1.0,1.0,0.0
AC125618.1,0.0,0.0,1.0,1.0,0.0
AC017000.1,0.0,0.0,1.0,1.0,0.0
INHBC,0.0,0.0,1.0,1.0,0.0
INHBE,0.0,0.0,1.0,1.0,0.0
AL162511.1,0.0,0.0,1.0,1.0,0.0
AC008268.1,0.0,0.0,1.0,1.0,0.0
AL133304.1,0.0,0.0,1.0,1.0,0.0
AL133304.3,0.0,0.0,1.0,1.0,0.0
AL035603.1,0.0,0.0,1.0,1.0,0.0
AC015522.1,0.0,0.0,1.0,1.0,0.0
LINC01471,0.0,0.0,1.0,1.0,0.0
LINC02016,0.0,0.0,1.0,1.0,0.0
AC093627.6,0.0,0.0,1.0,1.0,0.0
LINC02327,0.0,0.0,1.0,1.0,0.0
AL139023.1,0.0,0.0,1.0,1.0,0.0
AC128707.1,0.0,0.0,1.0,1.0,0.0
LINC02394,0.0,0.0,1.0,1.0,0.0
AC027698.1,0.0,0.0,1.0,1.0,0.0
ELOVL2-AS1,0.0,0.0,1.0,1.0,0.0
KCNC2,0.0,0.0,1.0,1.0,0.0
AC091534.1,0.0,0.0,1.0,1.0,0.0
FAM110B,0.0,0.0,1.0,1.0,0.0
AC012103.1,0.0,0.0,1.0,1.0,0.0
LINC00588,0.0,0.0,1.0,1.0,0.0
GLIPR1L1,0.0,0.0,1.0,1.0,0.0
AC012511.2,0.0,0.0,1.0,1.0,0.0
SDR16C5,0.0,0.0,1.0,1.0,0.0
TRIL,0.0,0.0,1.0,1.0,0.0
AC005162.3,0.0,0.0,1.0,1.0,0.0
AL136419.2,0.0,0.0,1.0,1.0,0.0
CPVL,0.0,0.0,1.0,1.0,0.0
AL160237.1,0.0,0.0,1.0,1.0,0.0
AC078820.2,0.0,0.0,1.0,1.0,0.0
AL138720.1,0.0,0.0,1.0,1.0,0.0
SLC38A3,0.0,0.0,1.0,1.0,0.0
CYP7A1,0.0,0.0,1.0,1.0,0.0
AC011611.2,0.0,0.0,1.0,1.0,0.0
AC004549.1,0.0,0.0,1.0,1.0,0.0
SNCB,0.0,0.0,1.0,1.0,0.0
AL117378.1,0.0,0.0,1.0,1.0,0.0
AC023866.1,0.0,0.0,1.0,1.0,0.0
AC023866.2,0.0,0.0,1.0,1.0,0.0
EIF4E1B,0.0,0.0,1.0,1.0,0.0
CPNE6,0.0,0.0,1.0,1.0,0.0
CA8,0.0,0.0,1.0,1.0,0.0
TPH2,0.0,0.0,1.0,1.0,0.0
AC021393.1,0.0,0.0,1.0,1.0,0.0
AC090109.1,0.0,0.0,1.0,1.0,0.0
CARMIL3,0.0,0.0,1.0,1.0,0.0
TRHDE-AS1,0.0,0.0,1.0,1.0,0.0
EVX1,0.0,0.0,1.0,1.0,0.0
AC004009.1,0.0,0.0,1.0,1.0,0.0
LINC02444,0.0,0.0,1.0,1.0,0.0
AC007130.1,0.0,0.0,1.0,1.0,0.0
AC087664.2,0.0,0.0,1.0,1.0,0.0
AC004593.3,0.0,0.0,1.0,1.0,0.0
THBS2,0.0,0.0,1.0,1.0,0.0
LLPH-DT,0.0,0.0,1.0,1.0,0.0
ILDR1,0.0,0.0,1.0,1.0,0.0
OXER1,0.0,0.0,1.0,1.0,0.0
AC021915.2,0.0,0.0,1.0,1.0,0.0
AC107032.3,0.0,0.0,1.0,1.0,0.0
AL513210.1,0.0,0.0,1.0,1.0,0.0
PSMB11,0.0,0.0,1.0,1.0,0.0
AL032821.1,0.0,0.0,1.0,1.0,0.0
AC079030.1,0.0,0.0,1.0,1.0,0.0
AC005154.4,0.0,0.0,1.0,1.0,0.0
AC005154.3,0.0,0.0,1.0,1.0,0.0
AC004691.1,0.0,0.0,1.0,1.0,0.0
LINC02590,0.0,0.0,1.0,1.0,0.0
PXDNL,0.0,0.0,1.0,1.0,0.0
AC006398.1,0.0,0.0,1.0,1.0,0.0
AC112907.1,0.0,0.0,1.0,1.0,0.0
AC073591.1,0.0,0.0,1.0,1.0,0.0
AC138331.1,0.0,0.0,1.0,1.0,0.0
AC073571.1,0.0,0.0,1.0,1.0,0.0
CEBPE,0.0,0.0,1.0,1.0,0.0
NPBWR1,0.0,0.0,1.0,1.0,0.0
VNN1,0.0,0.0,1.0,1.0,0.0
CD86,0.0,0.0,1.0,1.0,0.0
VNN3,0.0,0.0,1.0,1.0,0.0
AL135999.3,0.0,0.0,1.0,1.0,0.0
AC084834.1,0.0,0.0,1.0,1.0,0.0
AC004593.2,0.0,0.0,1.0,1.0,0.0
AC007255.1,0.0,0.0,1.0,1.0,0.0
AC107959.3,0.0,0.0,1.0,1.0,0.0
VNN2,0.0,0.0,1.0,1.0,0.0
LINC02544,0.0,0.0,1.0,1.0,0.0
AC022034.4,0.0,0.0,1.0,1.0,0.0
HK3,0.0,0.0,1.0,1.0,0.0
MYH6,0.0,0.0,1.0,1.0,0.0
CMTM5,0.0,0.0,1.0,1.0,0.0
CASR,0.0,0.0,1.0,1.0,0.0
ADIPOQ-AS1,0.0,0.0,1.0,1.0,0.0
AC022034.3,0.0,0.0,1.0,1.0,0.0
AC007036.2,0.0,0.0,1.0,1.0,0.0
AC007036.1,0.0,0.0,1.0,1.0,0.0
HOTTIP,0.0,0.0,1.0,1.0,0.0
AC004080.2,0.0,0.0,1.0,1.0,0.0
HOXA10-AS,0.0,0.0,1.0,1.0,0.0
TWIST1,0.0,0.0,1.0,1.0,0.0
AC022730.3,0.0,0.0,1.0,1.0,0.0
MUC13,0.0,0.0,1.0,1.0,0.0
ITGB5-AS1,0.0,0.0,1.0,1.0,0.0
SP8,0.0,0.0,1.0,1.0,0.0
AC079089.1,0.0,0.0,1.0,1.0,0.0
AC020634.2,0.0,0.0,1.0,1.0,0.0
MYLK-AS2,0.0,0.0,1.0,1.0,0.0
SULF1,0.0,0.0,1.0,1.0,0.0
AC005682.2,0.0,0.0,1.0,1.0,0.0
AC112484.1,0.0,0.0,1.0,1.0,0.0
AC083967.1,0.0,0.0,1.0,1.0,0.0
C8orf34-AS1,0.0,0.0,1.0,1.0,0.0
AL354892.1,0.0,0.0,1.0,1.0,0.0
ADCY5,0.0,0.0,1.0,1.0,0.0
RGPD1,0.0,0.0,1.0,1.0,0.0
CD8B,0.0,0.0,1.0,1.0,0.0
AC003044.1,0.0,0.0,1.0,1.0,0.0
TMEM196,0.0,0.0,1.0,1.0,0.0
AC010082.1,0.0,0.0,1.0,1.0,0.0
AC083949.1,0.0,0.0,1.0,1.0,0.0
AGR2,0.0,0.0,1.0,1.0,0.0
AC078889.1,0.0,0.0,1.0,1.0,0.0
AL110292.1,0.0,0.0,1.0,1.0,0.0
SOSTDC1,0.0,0.0,1.0,1.0,0.0
AC073530.1,0.0,0.0,1.0,1.0,0.0
AC022893.2,0.0,0.0,1.0,1.0,0.0
LINC02306,0.0,0.0,1.0,1.0,0.0
LINC02421,0.0,0.0,1.0,1.0,0.0
MSC-AS1,0.0,0.0,1.0,1.0,0.0
STXBP6,0.0,0.0,1.0,1.0,0.0
AC104012.1,0.0,0.0,1.0,1.0,0.0
AC009446.1,0.0,0.0,1.0,1.0,0.0
AC022858.1,0.0,0.0,1.0,1.0,0.0
AC005014.3,0.0,0.0,1.0,1.0,0.0
AL445430.1,0.0,0.0,1.0,1.0,0.0
TMEM244,0.0,0.0,1.0,1.0,0.0
AMIGO3,0.0,0.0,1.0,1.0,0.0
AC104211.2,0.0,0.0,1.0,1.0,0.0
LINC02373,0.0,0.0,1.0,1.0,0.0
CD8A,0.0,0.0,1.0,1.0,0.0
SEMA5B,0.0,0.0,1.0,1.0,0.0
AC011853.2,0.0,0.0,1.0,1.0,0.0
AC104211.4,0.0,0.0,1.0,1.0,0.0
AC083809.1,0.0,0.0,1.0,1.0,0.0
AC007317.1,0.0,0.0,1.0,1.0,0.0
LINC02315,0.0,0.0,1.0,1.0,0.0
KIAA0087,0.0,0.0,1.0,1.0,0.0
AC078860.2,0.0,0.0,1.0,1.0,0.0
LINC02860,0.0,0.0,1.0,1.0,0.0
HOXA-AS3,0.0,0.0,1.0,1.0,0.0
TTPA,0.0,0.0,1.0,1.0,0.0
HOXA5,0.0,0.0,1.0,1.0,0.0
AC120042.2,0.0,0.0,1.0,1.0,0.0
HOXA6,0.0,0.0,1.0,1.0,0.0
AC090577.1,0.0,0.0,1.0,1.0,0.0
NKAIN3,0.0,0.0,1.0,1.0,0.0
HOXA7,0.0,0.0,1.0,1.0,0.0
LINC02842,0.0,0.0,1.0,1.0,0.0
HOXA9,0.0,0.0,1.0,1.0,0.0
AC105935.2,0.0,0.0,1.0,1.0,0.0
LINC01414,0.0,0.0,1.0,1.0,0.0
LINC01391,0.0,0.0,1.0,1.0,0.0
AC005165.1,0.0,0.0,1.0,1.0,0.0
AL355581.1,0.0,0.0,1.0,1.0,0.0
TCF24,0.0,0.0,1.0,1.0,0.0
LRRC10,0.0,0.0,1.0,1.0,0.0
NPVF,0.0,0.0,1.0,1.0,0.0
SMLR1,0.0,0.0,1.0,1.0,0.0
CAMKV,0.0,0.0,1.0,1.0,0.0
LINC02821,0.0,0.0,1.0,1.0,0.0
PARP15,0.0,0.0,1.0,1.0,0.0
CYP7B1,0.0,0.0,1.0,1.0,0.0
CRH,0.0,0.0,1.0,1.0,0.0
AC010677.2,0.0,0.0,1.0,1.0,0.0
RTP1,0.0,0.0,1.0,1.0,0.0
ARG1,0.0,0.0,1.0,1.0,0.0
SNX10,0.0,0.0,1.0,1.0,0.0
CTAGE9,0.0,0.0,1.0,1.0,0.0
AC104232.1,0.0,0.0,1.0,1.0,0.0
ALKAL1,0.0,0.0,1.0,1.0,0.0
CFTR,0.0,0.0,1.0,1.0,0.0
AC078929.1,0.0,0.0,1.0,1.0,0.0
BFSP2-AS1,0.0,0.0,1.0,1.0,0.0
TMEM132D-AS1,0.0,0.0,1.0,1.0,0.0
BFSP2,0.0,0.0,1.0,1.0,0.0
AC112219.2,0.0,0.0,1.0,1.0,0.0
AC135388.1,0.0,0.0,1.0,1.0,0.0
SVOPL,0.0,0.0,1.0,1.0,0.0
FZD10-AS1,0.0,0.0,1.0,1.0,0.0
AC083867.2,0.0,0.0,1.0,1.0,0.0
CCDC54,0.0,0.0,1.0,1.0,0.0
CREB3L2-AS1,0.0,0.0,1.0,1.0,0.0
AC134508.2,0.0,0.0,1.0,1.0,0.0
AC073842.1,0.0,0.0,1.0,1.0,0.0
AC078842.1,0.0,0.0,1.0,1.0,0.0
PTN,0.0,0.0,1.0,1.0,0.0
MLNR,0.0,0.0,1.0,1.0,0.0
AC073578.1,0.0,0.0,1.0,1.0,0.0
CHRM2,0.0,0.0,1.0,1.0,0.0
AC063944.3,0.0,0.0,1.0,1.0,0.0
GLT1D1,0.0,0.0,1.0,1.0,0.0
AC068787.5,0.0,0.0,1.0,1.0,0.0
AC009264.1,0.0,0.0,1.0,1.0,0.0
AC068787.3,0.0,0.0,1.0,1.0,0.0
CLEC2L,0.0,0.0,1.0,1.0,0.0
TMEM132B,0.0,0.0,1.0,1.0,0.0
AC005252.4,0.0,0.0,1.0,1.0,0.0
LINC02359,0.0,0.0,1.0,1.0,0.0
AC007368.1,0.0,0.0,1.0,1.0,0.0
AC104781.1,0.0,0.0,1.0,1.0,0.0
AC069294.1,0.0,0.0,1.0,1.0,0.0
AC078878.2,0.0,0.0,1.0,1.0,0.0
KLRG2,0.0,0.0,1.0,1.0,0.0
AC079949.1,0.0,0.0,1.0,1.0,0.0
AL035634.1,0.0,0.0,1.0,1.0,0.0
AC079949.2,0.0,0.0,1.0,1.0,0.0
LINC00635,0.0,0.0,1.0,1.0,0.0
LINC02376,0.0,0.0,1.0,1.0,0.0
AZGP1,0.0,0.0,1.0,1.0,0.0
AC004522.4,0.0,0.0,1.0,1.0,0.0
AL391863.2,0.0,0.0,1.0,1.0,0.0
AC005071.1,0.0,0.0,1.0,1.0,0.0
AC131009.2,0.0,0.0,1.0,1.0,0.0
RAB19,0.0,0.0,1.0,1.0,0.0
AC148477.2,0.0,0.0,1.0,1.0,0.0
AC148477.4,0.0,0.0,1.0,1.0,0.0
AC148476.1,0.0,0.0,1.0,1.0,0.0
MUC17,0.0,0.0,1.0,1.0,0.0
AL138962.1,0.0,0.0,1.0,1.0,0.0
AKR1B15,0.0,0.0,1.0,1.0,0.0
AC117481.1,0.0,0.0,1.0,1.0,0.0
NOX3,0.0,0.0,1.0,1.0,0.0
AC023115.1,0.0,0.0,1.0,1.0,0.0
FRG2C,0.0,0.0,1.0,1.0,0.0
LINC01198,0.0,0.0,1.0,1.0,0.0
AC009365.1,0.0,0.0,1.0,1.0,0.0
RUBCNL,0.0,0.0,1.0,1.0,0.0
AC018643.1,0.0,0.0,1.0,1.0,0.0
LINC00563,0.0,0.0,1.0,1.0,0.0
AL139801.1,0.0,0.0,1.0,1.0,0.0
AL359852.2,0.0,0.0,1.0,1.0,0.0
AC009518.1,0.0,0.0,1.0,1.0,0.0
SCGB3A1,0.0,0.0,1.0,1.0,0.0
AC148477.3,0.0,0.0,1.0,1.0,0.0
AC034213.1,0.0,0.0,1.0,1.0,0.0
AC063938.1,0.0,0.0,1.0,1.0,0.0
AC104435.2,0.0,0.0,1.0,1.0,0.0
AC063944.1,0.0,0.0,1.0,1.0,0.0
AL157813.2,0.0,0.0,1.0,1.0,0.0
AL355297.2,0.0,0.0,1.0,1.0,0.0
LINC02521,0.0,0.0,1.0,1.0,0.0
AC097369.2,0.0,0.0,1.0,1.0,0.0
ACTL6B,0.0,0.0,1.0,1.0,0.0
STRA8,0.0,0.0,1.0,1.0,0.0
EPO,0.0,0.0,1.0,1.0,0.0
ZAN,0.0,0.0,1.0,1.0,0.0
AC009542.1,0.0,0.0,1.0,1.0,0.0
AC131237.1,0.0,0.0,1.0,1.0,0.0
AC010987.1,0.0,0.0,1.0,1.0,0.0
AL512658.2,0.0,0.0,1.0,1.0,0.0
AC138466.3,0.0,0.0,1.0,1.0,0.0
EHHADH-AS1,0.0,0.0,1.0,1.0,0.0
AC254629.1,0.0,0.0,1.0,1.0,0.0
CYP3A4,0.0,0.0,1.0,1.0,0.0
AC010285.1,0.0,0.0,1.0,1.0,0.0
AC004920.1,0.0,0.0,1.0,1.0,0.0
TAFA1,0.0,0.0,1.0,1.0,0.0
PIP,0.0,0.0,1.0,1.0,0.0
OR6V1,0.0,0.0,1.0,1.0,0.0
OR9A2,0.0,0.0,1.0,1.0,0.0
CNMD,0.0,0.0,1.0,1.0,0.0
TRPV5,0.0,0.0,1.0,1.0,0.0
AC068768.1,0.0,0.0,1.0,1.0,0.0
AC245427.2,0.0,0.0,1.0,1.0,0.0
TRPV6,0.0,0.0,1.0,1.0,0.0
EPHB6,0.0,0.0,1.0,1.0,0.0
TRBV30,0.0,0.0,1.0,1.0,0.0
TRBC1,0.0,0.0,1.0,1.0,0.0
PLCXD2-AS1,0.0,0.0,1.0,1.0,0.0
ZBED2,0.0,0.0,1.0,1.0,0.0
GKN2,0.0,0.0,1.0,1.0,0.0
PPP1R9A,0.0,0.0,1.0,1.0,0.0
BMP10,0.0,0.0,1.0,1.0,0.0
AC002429.2,0.0,0.0,1.0,1.0,0.0
TAS2R40,0.0,0.0,1.0,1.0,0.0
AL442636.1,0.0,0.0,1.0,1.0,0.0
PON1,0.0,0.0,1.0,1.0,0.0
AC002074.2,0.0,0.0,1.0,1.0,0.0
LINC00378,0.0,0.0,1.0,1.0,0.0
AC098969.1,0.0,0.0,1.0,1.0,0.0
GCSAM,0.0,0.0,1.0,1.0,0.0
DIAPH3-AS1,0.0,0.0,1.0,1.0,0.0
TCAF2C,0.0,0.0,1.0,1.0,0.0
AC026333.3,0.0,0.0,1.0,1.0,0.0
CTAGE15,0.0,0.0,1.0,1.0,0.0
AL360169.1,0.0,0.0,1.0,1.0,0.0
TAS2R60,0.0,0.0,1.0,1.0,0.0
AL360169.3,0.0,0.0,1.0,1.0,0.0
AC114401.1,0.0,0.0,1.0,1.0,0.0
TAGLN3,0.0,0.0,1.0,1.0,0.0
HEPACAM2,0.0,0.0,1.0,1.0,0.0
GNGT1,0.0,0.0,1.0,1.0,0.0
AL390964.1,0.0,0.0,1.0,1.0,0.0
AC092431.1,0.0,0.0,1.0,1.0,0.0
AC002076.1,0.0,0.0,1.0,1.0,0.0
TSPYL6,0.0,0.0,1.0,1.0,0.0
AC104167.1,0.0,0.0,1.0,1.0,0.0
AC015969.1,0.0,0.0,1.0,1.0,0.0
AC117503.5,0.0,0.0,1.0,1.0,0.0
AC083906.3,0.0,0.0,1.0,1.0,0.0
KPNA7,0.0,0.0,1.0,1.0,0.0
TAS2R3,0.0,0.0,1.0,1.0,0.0
LINC00488,0.0,0.0,1.0,1.0,0.0
AC063923.2,0.0,0.0,1.0,1.0,0.0
THPO,0.0,0.0,1.0,1.0,0.0
WEE2,0.0,0.0,1.0,1.0,0.0
CYP3A7,0.0,0.0,1.0,1.0,0.0
AL158195.1,0.0,0.0,1.0,1.0,0.0
AC073878.2,0.0,0.0,1.0,1.0,0.0
AC026358.1,0.0,0.0,1.0,1.0,0.0
AC073878.1,0.0,0.0,1.0,1.0,0.0
AC005692.3,0.0,0.0,1.0,1.0,0.0
TMEM178B,0.0,0.0,1.0,1.0,0.0
MDFIC2,0.0,0.0,1.0,1.0,0.0
FOXP1-AS1,0.0,0.0,1.0,1.0,0.0
AL133351.2,0.0,0.0,1.0,1.0,0.0
PRSS37,0.0,0.0,1.0,1.0,0.0
MGAM,0.0,0.0,1.0,1.0,0.0
PRSS1,0.0,0.0,1.0,1.0,0.0
OR9A4,0.0,0.0,1.0,1.0,0.0
TRBV29-1,0.0,0.0,1.0,1.0,0.0
AC244472.1,0.0,0.0,1.0,1.0,0.0
TRBVB,0.0,0.0,1.0,1.0,0.0
TAFA4,0.0,0.0,1.0,1.0,0.0
CD96,0.0,0.0,1.0,1.0,0.0
LINC01888,0.0,0.0,1.0,1.0,0.0
TRBV14,0.0,0.0,1.0,1.0,0.0
AC005021.1,0.0,0.0,1.0,1.0,0.0
ASB4,0.0,0.0,1.0,1.0,0.0
LINC01890,0.0,0.0,1.0,1.0,0.0
PROKR1,0.0,0.0,1.0,1.0,0.0
DLX6,0.0,0.0,1.0,1.0,0.0
TMEM272,0.0,0.0,1.0,1.0,0.0
TRBV10-3,0.0,0.0,1.0,1.0,0.0
TRBV7-3,0.0,0.0,1.0,1.0,0.0
AC117430.1,0.0,0.0,1.0,1.0,0.0
CLEC5A,0.0,0.0,1.0,1.0,0.0
LINC02085,0.0,0.0,1.0,1.0,0.0
ROBO2,0.0,0.0,1.0,1.0,0.0
AC108752.1,0.0,0.0,1.0,1.0,0.0
LINC02830,0.0,0.0,1.0,1.0,0.0
AC073326.2,0.0,0.0,1.0,1.0,0.0
AC026100.1,0.0,0.0,1.0,1.0,0.0
TRPC4,0.0,0.0,1.0,1.0,0.0
AC073326.1,0.0,0.0,1.0,1.0,0.0
TMEM229A,0.0,0.0,1.0,1.0,0.0
AC110491.2,0.0,0.0,1.0,1.0,0.0
AL357054.5,0.0,0.0,1.0,1.0,0.0
AC004690.2,0.0,0.0,1.0,1.0,0.0
HYAL4,0.0,0.0,1.0,1.0,0.0
LINC00547,0.0,0.0,1.0,1.0,0.0
LINC01048,0.0,0.0,1.0,1.0,0.0
EPHA3,0.0,0.0,1.0,1.0,0.0
AC004112.1,0.0,0.0,1.0,1.0,0.0
AC002463.1,0.0,0.0,1.0,1.0,0.0
AL159978.1,0.0,0.0,1.0,1.0,0.0
AC114752.1,0.0,0.0,1.0,1.0,0.0
AC016747.2,0.0,0.0,1.0,1.0,0.0
LINC01805,0.0,0.0,1.0,1.0,0.0
AC019155.2,0.0,0.0,1.0,1.0,0.0
LINC00309,0.0,0.0,1.0,1.0,0.0
AL392183.1,0.0,0.0,1.0,1.0,0.0
RNF17,0.0,0.0,1.0,1.0,0.0
AC000123.1,0.0,0.0,1.0,1.0,0.0
HTR1F,0.0,0.0,1.0,1.0,0.0
LINC02579,0.0,0.0,1.0,1.0,0.0
AMER2,0.0,0.0,1.0,1.0,0.0
LINC00463,0.0,0.0,1.0,1.0,0.0
AC005487.1,0.0,0.0,1.0,1.0,0.0
LINC01076,0.0,0.0,1.0,1.0,0.0
C7orf66,0.0,0.0,1.0,1.0,0.0
AC004014.1,0.0,0.0,1.0,1.0,0.0
OR2V1,0.0,0.0,1.0,1.0,0.0
STOML3,0.0,0.0,1.0,1.0,0.0
LINC00366,0.0,0.0,1.0,1.0,0.0
AC000099.1,0.0,0.0,1.0,1.0,0.0
AL590787.1,0.0,0.0,1.0,1.0,0.0
AC003975.1,0.0,0.0,1.0,1.0,0.0
AC073114.1,0.0,0.0,1.0,1.0,0.0
LMOD2,0.0,0.0,1.0,1.0,0.0
AC006333.1,0.0,0.0,1.0,1.0,0.0
AC020651.2,0.0,0.0,1.0,1.0,0.0
LINC00427,0.0,0.0,1.0,1.0,0.0
AL139081.2,0.0,0.0,1.0,1.0,0.0
AL161719.1,0.0,0.0,1.0,1.0,0.0
CPNE4,0.0,0.0,1.0,1.0,0.0
AL353648.1,0.0,0.0,1.0,1.0,0.0
AC006159.2,0.0,0.0,1.0,1.0,0.0
AC008443.2,0.0,0.0,1.0,1.0,0.0
LINC02476,0.0,0.0,1.0,1.0,0.0
AC002529.1,0.0,0.0,1.0,1.0,0.0
AC008443.3,0.0,0.0,1.0,1.0,0.0
TEX26,0.0,0.0,1.0,1.0,0.0
ZAR1L,0.0,0.0,1.0,1.0,0.0
ANKRD7,0.0,0.0,1.0,1.0,0.0
EPHA6,0.0,0.0,1.0,1.0,0.0
STX19,0.0,0.0,1.0,1.0,0.0
AC107294.3,0.0,0.0,1.0,1.0,0.0
KL,0.0,0.0,1.0,1.0,0.0
CTTNBP2,0.0,0.0,1.0,1.0,0.0
LINC01058,0.0,0.0,1.0,1.0,0.0
AC092567.1,0.0,0.0,1.0,1.0,0.0
ASB15,0.0,0.0,1.0,1.0,0.0
AC110491.1,0.0,0.0,1.0,1.0,0.0
AC018464.1,0.0,0.0,1.0,1.0,0.0
FLT3,0.0,0.0,1.0,1.0,0.0
SLC13A1,0.0,0.0,1.0,1.0,0.0
RNF148,0.0,0.0,1.0,1.0,0.0
FEZF1-AS1,0.0,0.0,1.0,1.0,0.0
AC109129.1,0.0,0.0,1.0,1.0,0.0
AL356311.1,0.0,0.0,1.0,1.0,0.0
LINC01393,0.0,0.0,1.0,1.0,0.0
AC008443.6,0.0,0.0,1.0,1.0,0.0
MTUS2-AS1,0.0,0.0,1.0,1.0,0.0
PTPRZ1,0.0,0.0,1.0,1.0,0.0
AC116424.1,0.0,0.0,1.0,1.0,0.0
AC008443.9,0.0,0.0,1.0,1.0,0.0
LINC00457,0.0,0.0,1.0,1.0,0.0
WNT16,0.0,0.0,1.0,1.0,0.0
AC006364.1,0.0,0.0,1.0,1.0,0.0
LINC00365,0.0,0.0,1.0,1.0,0.0
POU1F1,0.0,0.0,1.0,1.0,0.0
PAX4,0.0,0.0,1.0,1.0,0.0
AL391560.2,0.0,0.0,1.0,1.0,0.0
GJB2,0.0,0.0,1.0,1.0,0.0
SSMEM1,0.0,0.0,1.0,1.0,0.0
AC087071.1,0.0,0.0,1.0,1.0,0.0
AC099542.1,0.0,0.0,1.0,1.0,0.0
AC084864.1,0.0,0.0,1.0,1.0,0.0
ADGRG7,0.0,0.0,1.0,1.0,0.0
AC007389.3,0.0,0.0,1.0,1.0,0.0
AC012370.2,0.0,0.0,1.0,1.0,0.0
AL359706.1,0.0,0.0,1.0,1.0,0.0
AL035693.1,0.0,0.0,1.0,1.0,0.0
ACPP,0.0,0.0,1.0,1.0,0.0
LINC00407,0.0,0.0,1.0,1.0,0.0
AC107302.2,0.0,0.0,1.0,1.0,0.0
AC011005.4,0.0,0.0,1.0,1.0,0.0
SLC26A5,0.0,0.0,1.0,1.0,0.0
AC017015.2,0.0,0.0,1.0,1.0,0.0
SERP2,0.0,0.0,1.0,1.0,0.0
RELN,0.0,0.0,1.0,1.0,0.0
KCTD4,0.0,0.0,1.0,1.0,0.0
LINC00556,0.0,0.0,1.0,1.0,0.0
ATP12A,0.0,0.0,1.0,1.0,0.0
CPA2,0.0,0.0,1.0,1.0,0.0
AC016831.6,0.0,0.0,1.0,1.0,0.0
LINC01007,0.0,0.0,1.0,1.0,0.0
LINC01798,0.0,0.0,1.0,1.0,0.0
AC007938.3,0.0,0.0,1.0,1.0,0.0
LINC01055,0.0,0.0,1.0,1.0,0.0
LINC02027,0.0,0.0,1.0,1.0,0.0
MYL10,0.0,0.0,1.0,1.0,0.0
COL6A5,0.0,0.0,1.0,1.0,0.0
FAM230C,0.0,0.0,1.0,1.0,0.0
AL137001.2,0.0,0.0,1.0,1.0,0.0
TUBA3C,0.0,0.0,1.0,1.0,0.0
AC073517.1,0.0,0.0,1.0,1.0,0.0
LINC00350,0.0,0.0,1.0,1.0,0.0
MEIS1-AS3,0.0,0.0,1.0,1.0,0.0
CPA1,0.0,0.0,1.0,1.0,0.0
LINC01072,0.0,0.0,1.0,1.0,0.0
AL357075.3,0.0,0.0,1.0,1.0,0.0
LINC02008,0.0,0.0,1.0,1.0,0.0
AL138960.1,0.0,0.0,1.0,1.0,0.0
AC092825.1,0.0,0.0,1.0,1.0,0.0
SMIM2,0.0,0.0,1.0,1.0,0.0
BTNL3,0.0,0.0,1.0,1.0,0.0
CADM2-AS1,0.0,0.0,1.0,1.0,0.0
PRRT4,0.0,0.0,1.0,1.0,0.0
AC091212.1,0.0,0.0,1.0,1.0,0.0
AC005050.2,0.0,0.0,1.0,1.0,0.0
AC018635.2,0.0,0.0,1.0,1.0,0.0
AL049548.1,0.0,0.0,1.0,1.0,0.0
LINC01800,0.0,0.0,1.0,1.0,0.0
C1QTNF9B,0.0,0.0,1.0,1.0,0.0
AC007880.1,0.0,0.0,1.0,1.0,0.0
AL078582.1,0.0,0.0,1.0,1.0,0.0
SPATA13-AS1,0.0,0.0,1.0,1.0,0.0
AC073934.1,0.0,0.0,1.0,1.0,0.0
C1QTNF9,0.0,0.0,1.0,1.0,0.0
LINC00566,0.0,0.0,1.0,1.0,0.0
LINC01185,0.0,0.0,1.0,1.0,0.0
AL078582.2,0.0,0.0,1.0,1.0,0.0
LINC02053,0.0,0.0,1.0,1.0,0.0
AC097105.1,0.0,0.0,1.0,1.0,0.0
AL157931.1,0.0,0.0,1.0,1.0,0.0
CADM2,0.0,0.0,1.0,1.0,0.0
LINC01046,0.0,0.0,1.0,1.0,0.0
AL590867.1,0.0,0.0,1.0,1.0,0.0
FLNC-AS1,0.0,0.0,1.0,1.0,0.0
ENOX1-AS2,0.0,0.0,1.0,1.0,0.0
ZDHHC20-IT1,0.0,0.0,1.0,1.0,0.0
LHFPL3-AS1,0.0,0.0,1.0,1.0,0.0
LINC00400,0.0,0.0,1.0,1.0,0.0
FGF9,0.0,0.0,1.0,1.0,0.0
LINC01795,0.0,0.0,1.0,1.0,0.0
LINC01050,0.0,0.0,1.0,1.0,0.0
LINC00424,0.0,0.0,1.0,1.0,0.0
FAM216B,0.0,0.0,1.0,1.0,0.0
BTNL8,0.0,0.0,1.0,1.0,0.0
AL512484.1,0.0,0.0,1.0,1.0,0.0
AC078828.1,0.0,0.0,1.0,1.0,0.0
CADM2-AS2,0.0,0.0,1.0,1.0,0.0
LINC01442,0.0,0.0,1.0,1.0,0.0
OR2F2,0.0,0.0,1.0,1.0,0.0
OR2F1,0.0,0.0,1.0,1.0,0.0
AC104688.1,0.0,0.0,1.0,1.0,0.0
AL034376.2,0.0,0.0,1.0,1.0,0.0
AC069280.2,0.0,0.0,1.0,1.0,0.0
CT66,0.0,0.0,1.0,1.0,0.0
CLYBL-AS1,0.0,0.0,1.0,1.0,0.0
GALNT17,0.0,0.0,1.0,1.0,0.0
AL139035.2,0.0,0.0,1.0,1.0,0.0
AC023385.1,0.0,0.0,1.0,1.0,0.0
LINC01039,0.0,0.0,1.0,1.0,0.0
AC022784.6,0.0,0.0,1.0,1.0,0.0
AC113348.1,0.0,0.0,1.0,1.0,0.0
AL139035.1,0.0,0.0,1.0,1.0,0.0
PACRG-AS3,0.0,0.0,1.0,1.0,0.0
AL023581.1,0.0,0.0,1.0,1.0,0.0
ACTG2,0.0,0.0,1.0,1.0,0.0
AC114550.1,0.0,0.0,1.0,1.0,0.0
AC004551.1,0.0,0.0,1.0,1.0,0.0
AC073046.3,0.0,0.0,1.0,1.0,0.0
AC092969.1,0.0,0.0,1.0,1.0,0.0
ZIC2,0.0,0.0,1.0,1.0,0.0
PACRG,0.0,0.0,1.0,1.0,0.0
AL034376.1,0.0,0.0,1.0,1.0,0.0
GATA4,0.0,0.0,1.0,1.0,0.0
FAM167A-AS1,0.0,0.0,1.0,1.0,0.0
AF131216.3,0.0,0.0,1.0,1.0,0.0
METTL21C,0.0,0.0,1.0,1.0,0.0
AL360007.1,0.0,0.0,1.0,1.0,0.0
AC093582.1,0.0,0.0,1.0,1.0,0.0
LINC01405,0.0,0.0,1.0,1.0,0.0
AC068533.3,0.0,0.0,1.0,1.0,0.0
AF131215.7,0.0,0.0,1.0,1.0,0.0
AL359313.1,0.0,0.0,1.0,1.0,0.0
AL031121.3,0.0,0.0,1.0,1.0,0.0
AL031121.2,0.0,0.0,1.0,1.0,0.0
AC138655.1,0.0,0.0,1.0,1.0,0.0
LINC00554,0.0,0.0,1.0,1.0,0.0
SPDYE21P,0.0,0.0,1.0,1.0,0.0
PRSS55,0.0,0.0,1.0,1.0,0.0
AC104964.2,0.0,0.0,1.0,1.0,0.0
AC114550.3,0.0,0.0,1.0,1.0,0.0
AC068020.1,0.0,0.0,1.0,1.0,0.0
AC012157.3,0.0,0.0,1.0,1.0,0.0
AF233439.3,0.0,0.0,1.0,1.0,0.0
LPA,0.0,0.0,1.0,1.0,0.0
SLC22A2,0.0,0.0,1.0,1.0,0.0
SLC22A1,0.0,0.0,1.0,1.0,0.0
AL359502.2,0.0,0.0,1.0,1.0,0.0
LINC02052,0.0,0.0,1.0,1.0,0.0
LINC02020,0.0,0.0,1.0,1.0,0.0
AC078880.1,0.0,0.0,1.0,1.0,0.0
AC078880.3,0.0,0.0,1.0,1.0,0.0
AC078880.4,0.0,0.0,1.0,1.0,0.0
LINC00456,0.0,0.0,1.0,1.0,0.0
AC078880.5,0.0,0.0,1.0,1.0,0.0
HS6ST3,0.0,0.0,1.0,1.0,0.0
AC009803.1,0.0,0.0,1.0,1.0,0.0
AC009435.1,0.0,0.0,1.0,1.0,0.0
AC136628.4,0.0,0.0,1.0,1.0,0.0
AC009387.1,0.0,0.0,1.0,1.0,0.0
LINC02463,0.0,0.0,1.0,1.0,0.0
KY,0.0,0.0,1.0,1.0,0.0
AC073863.1,0.0,0.0,1.0,1.0,0.0
AL136961.1,0.0,0.0,1.0,1.0,0.0
AC009731.1,0.0,0.0,1.0,1.0,0.0
AL138716.1,0.0,0.0,1.0,1.0,0.0
TRIM74,0.0,0.0,1.0,1.0,0.0
AL139393.2,0.0,0.0,1.0,1.0,0.0
AC089999.1,0.0,0.0,1.0,1.0,0.0
LINC02051,0.0,0.0,1.0,1.0,0.0
C2orf78,0.0,0.0,1.0,1.0,0.0
C3orf67-AS1,0.0,0.0,1.0,1.0,0.0
DRD3,0.0,0.0,1.0,1.0,0.0
FAM66E,0.0,0.0,1.0,1.0,0.0
SLC15A1,0.0,0.0,1.0,1.0,0.0
AC104117.5,0.0,0.0,1.0,1.0,0.0
FARP1-AS1,0.0,0.0,1.0,1.0,0.0
DEFA6,0.0,0.0,1.0,1.0,0.0
AL161896.1,0.0,0.0,1.0,1.0,0.0
XKR5,0.0,0.0,1.0,1.0,0.0
TMEM270,0.0,0.0,1.0,1.0,0.0
LHX5,0.0,0.0,1.0,1.0,0.0
Z97205.2,0.0,0.0,1.0,1.0,0.0
AC002375.1,0.0,0.0,1.0,1.0,0.0
USP17L7,0.0,0.0,1.0,1.0,0.0
AC006478.2,0.0,0.0,1.0,1.0,0.0
AC093928.1,0.0,0.0,1.0,1.0,0.0
ELDR,0.0,0.0,1.0,1.0,0.0
LINC02024,0.0,0.0,1.0,1.0,0.0
DOK2,0.0,0.0,1.0,1.0,0.0
AC103719.1,0.0,0.0,1.0,1.0,0.0
AC007387.3,0.0,0.0,1.0,1.0,0.0
DAO,0.0,0.0,1.0,1.0,0.0
AC021613.1,0.0,0.0,1.0,1.0,0.0
LZTS1,0.0,0.0,1.0,1.0,0.0
ABCC5-AS1,0.0,0.0,1.0,1.0,0.0
SLC18A1,0.0,0.0,1.0,1.0,0.0
AC007637.1,0.0,0.0,1.0,1.0,0.0
LINC00567,0.0,0.0,1.0,1.0,0.0
LINC00423,0.0,0.0,1.0,1.0,0.0
HTR3E-AS1,0.0,0.0,1.0,1.0,0.0
MYO1H,0.0,0.0,1.0,1.0,0.0
LINC01486,0.0,0.0,1.0,1.0,0.0
TMEM119,0.0,0.0,1.0,1.0,0.0
AC007387.2,0.0,0.0,1.0,1.0,0.0
AL022725.1,0.0,0.0,1.0,1.0,0.0
HR,0.0,0.0,1.0,1.0,0.0
AC037441.1,0.0,0.0,1.0,1.0,0.0
AC007649.1,0.0,0.0,1.0,1.0,0.0
AC004830.2,0.0,0.0,1.0,1.0,0.0
AC105046.1,0.0,0.0,1.0,1.0,0.0
ARHGEF3-AS1,0.0,0.0,1.0,1.0,0.0
SMIM28,0.0,0.0,1.0,1.0,0.0
AC096992.3,0.0,0.0,1.0,1.0,0.0
COBL,0.0,0.0,1.0,1.0,0.0
F13A1,0.0,0.0,1.0,1.0,0.0
SPACA7,0.0,0.0,1.0,1.0,0.0
SFTPC,0.0,0.0,1.0,1.0,0.0
AC126177.3,0.0,0.0,1.0,1.0,0.0
CMKLR1,0.0,0.0,1.0,1.0,0.0
LINC01498,0.0,0.0,1.0,1.0,0.0
LINC02337,0.0,0.0,1.0,1.0,0.0
AL353704.1,0.0,0.0,1.0,1.0,0.0
LGI3,0.0,0.0,1.0,1.0,0.0
AC100802.1,0.0,0.0,1.0,1.0,0.0
AC099681.1,0.0,0.0,1.0,1.0,0.0
AC099681.2,0.0,0.0,1.0,1.0,0.0
AC068880.3,0.0,0.0,1.0,1.0,0.0
AC011586.2,0.0,0.0,1.0,1.0,0.0
AL359436.1,0.0,0.0,1.0,1.0,0.0
AC115220.3,0.0,0.0,1.0,1.0,0.0
FILNC1,0.0,0.0,1.0,1.0,0.0
AL450345.1,0.0,0.0,1.0,1.0,0.0
AL450345.2,0.0,0.0,1.0,1.0,0.0
LINC00443,0.0,0.0,1.0,1.0,0.0
AC016769.5,0.0,0.0,1.0,1.0,0.0
AL138689.1,0.0,0.0,1.0,1.0,0.0
AC123777.1,0.0,0.0,1.0,1.0,0.0
AL137246.2,0.0,0.0,1.0,1.0,0.0
AC073283.1,0.0,0.0,1.0,1.0,0.0
AC098479.1,0.0,0.0,1.0,1.0,0.0
AC016769.6,0.0,0.0,1.0,1.0,0.0
AC026341.3,0.0,0.0,1.0,1.0,0.0
USP17L2,0.0,0.0,1.0,1.0,0.0
LINC00283,0.0,0.0,1.0,1.0,0.0
AC093732.2,0.0,0.0,1.0,1.0,0.0
AC092634.4,0.0,0.0,1.0,1.0,0.0
MICU3,0.0,0.0,1.0,1.0,0.0
COL4A2-AS2,0.0,0.0,1.0,1.0,0.0
AC100849.2,0.0,0.0,1.0,1.0,0.0
HTR3E,0.0,0.0,1.0,1.0,0.0
AC092468.1,0.0,0.0,1.0,1.0,0.0
AC124242.3,0.0,0.0,1.0,1.0,0.0
NUPR2,0.0,0.0,1.0,1.0,0.0
TLX2,0.0,0.0,1.0,1.0,0.0
FGL1,0.0,0.0,1.0,1.0,0.0
AC006970.3,0.0,0.0,1.0,1.0,0.0
AC099654.15,0.0,0.0,1.0,1.0,0.0
AC140125.2,0.0,0.0,1.0,1.0,0.0
AC084876.1,0.0,0.0,1.0,1.0,0.0
LINC01067,0.0,0.0,1.0,1.0,0.0
AC005041.3,0.0,0.0,1.0,1.0,0.0
AL161431.1,0.0,0.0,1.0,1.0,0.0
MYO16,0.0,0.0,1.0,1.0,0.0
AC092447.4,0.0,0.0,1.0,1.0,0.0
CCL24,0.0,0.0,1.0,1.0,0.0
AC026991.2,0.0,0.0,1.0,1.0,0.0
OR6B1,0.0,0.0,1.0,1.0,0.0
AC069234.1,0.0,0.0,1.0,1.0,0.0
AC004023.1,0.0,0.0,1.0,1.0,0.0
AOC1,0.0,0.0,1.0,1.0,0.0
LINC01143,0.0,0.0,1.0,1.0,0.0
AL365394.1,0.0,0.0,1.0,1.0,0.0
AL391422.2,0.0,0.0,1.0,1.0,0.0
AC069209.1,0.0,0.0,1.0,1.0,0.0
TMEM176B,0.0,0.0,1.0,1.0,0.0
LINC01034,0.0,0.0,1.0,1.0,0.0
CD207,0.0,0.0,1.0,1.0,0.0
GIMAP7,0.0,0.0,1.0,1.0,0.0
LMO7DN-IT1,0.0,0.0,1.0,1.0,0.0
CLEC4F,0.0,0.0,1.0,1.0,0.0
BTLA,0.0,0.0,1.0,1.0,0.0
AL391422.3,0.0,0.0,1.0,1.0,0.0
AL138916.1,0.0,0.0,1.0,1.0,0.0
TGFA,0.0,0.0,1.0,1.0,0.0
AC002064.2,0.0,0.0,1.0,1.0,0.0
ADGB,0.0,0.0,1.0,1.0,0.0
PRICKLE2-DT,0.0,0.0,1.0,1.0,0.0
AC084018.4,0.0,0.0,1.0,1.0,0.0
CBY3,0.0,0.0,1.0,1.0,0.0
CRYGN,0.0,0.0,1.0,1.0,0.0
WDR86-AS1,0.0,0.0,1.0,1.0,0.0
LINC01069,0.0,0.0,1.0,1.0,0.0
PRICKLE2-AS2,0.0,0.0,1.0,1.0,0.0
AL139002.1,0.0,0.0,1.0,1.0,0.0
TAGAP,0.0,0.0,1.0,1.0,0.0
ANKRD53,0.0,0.0,1.0,1.0,0.0
AL138831.1,0.0,0.0,1.0,1.0,0.0
AC003984.1,0.0,0.0,1.0,1.0,0.0
ATP6V1B1,0.0,0.0,1.0,1.0,0.0
ETV5-AS1,0.0,0.0,1.0,1.0,0.0
SLAIN1,0.0,0.0,1.0,1.0,0.0
AC074183.1,0.0,0.0,1.0,1.0,0.0
CD200R1L,0.0,0.0,1.0,1.0,0.0
IQCA1L,0.0,0.0,1.0,1.0,0.0
VAX2,0.0,0.0,1.0,1.0,0.0
GBX1,0.0,0.0,1.0,1.0,0.0
FAM237B,0.0,0.0,1.0,1.0,0.0
EZR-AS1,0.0,0.0,1.0,1.0,0.0
AC108693.2,0.0,0.0,1.0,1.0,0.0
AL513164.1,0.0,0.0,1.0,1.0,0.0
AL512452.1,0.0,0.0,1.0,1.0,0.0
PCDH9-AS4,0.0,0.0,1.0,1.0,0.0
AC080128.2,0.0,0.0,1.0,1.0,0.0
H1FOO,0.0,0.0,1.0,1.0,0.0
PCDH9-AS3,0.0,0.0,1.0,1.0,0.0
AL158038.1,0.0,0.0,1.0,1.0,0.0
NOBOX,0.0,0.0,1.0,1.0,0.0
OR2A1,0.0,0.0,1.0,1.0,0.0
TAB2-AS1,0.0,0.0,1.0,1.0,0.0
OR2A42,0.0,0.0,1.0,1.0,0.0
AC016700.3,0.0,0.0,1.0,1.0,0.0
LRRC43,0.0,0.0,1.0,1.0,0.0
IL31,0.0,0.0,1.0,1.0,0.0
LINC01052,0.0,0.0,1.0,1.0,0.0
AC098969.2,0.0,0.0,1.0,1.0,0.0
AL031056.2,0.0,0.0,1.0,1.0,0.0
AL359208.1,0.0,0.0,1.0,1.0,0.0
LINC00550,0.0,0.0,1.0,1.0,0.0
LINC00383,0.0,0.0,1.0,1.0,0.0
AL353660.1,0.0,0.0,1.0,1.0,0.0
AC069503.3,0.0,0.0,1.0,1.0,0.0
LINC00402,0.0,0.0,1.0,1.0,0.0
AL159972.1,0.0,0.0,1.0,1.0,0.0
AC068725.1,0.0,0.0,1.0,1.0,0.0
LINC02040,0.0,0.0,1.0,1.0,0.0
RARRES2,0.0,0.0,1.0,1.0,0.0
LINC02000,0.0,0.0,1.0,1.0,0.0
LINC00393,0.0,0.0,1.0,1.0,0.0
AL033504.1,0.0,0.0,1.0,1.0,0.0
AC079760.2,0.0,0.0,1.0,1.0,0.0
AC079760.1,0.0,0.0,1.0,1.0,0.0
AC000058.1,0.0,0.0,1.0,1.0,0.0
AL365271.1,0.0,0.0,1.0,1.0,0.0
AC079304.1,0.0,0.0,1.0,1.0,0.0
AL445123.2,0.0,0.0,1.0,1.0,0.0
LINC00348,0.0,0.0,1.0,1.0,0.0
HPD,0.0,0.0,1.0,1.0,0.0
AC079360.1,0.0,0.0,1.0,1.0,0.0
AL445209.1,0.0,0.0,1.0,1.0,0.0
AC004862.1,0.0,0.0,1.0,1.0,0.0
AC003988.1,0.0,0.0,1.0,1.0,0.0
AL356737.2,0.0,0.0,1.0,1.0,0.0
GPC5-AS2,0.0,0.0,1.0,1.0,0.0
AC073864.1,0.0,0.0,1.0,1.0,0.0
AC005522.1,0.0,0.0,1.0,1.0,0.0
DLGAP2,0.0,0.0,1.0,1.0,0.0
FEZF2,0.0,0.0,1.0,1.0,0.0
GPC5,0.0,0.0,1.0,1.0,0.0
NOTO,0.0,0.0,1.0,1.0,0.0
TDRP,0.0,0.0,1.0,1.0,0.0
AC131159.1,0.0,0.0,1.0,1.0,0.0
OR4F21,0.0,0.0,1.0,1.0,0.0
LINC00689,0.0,0.0,1.0,1.0,0.0
LINC00379,0.0,0.0,1.0,1.0,0.0
LINC00410,0.0,0.0,1.0,1.0,0.0
AC005481.1,0.0,0.0,1.0,1.0,0.0
AC006372.3,0.0,0.0,1.0,1.0,0.0
AC006967.3,0.0,0.0,1.0,1.0,0.0
MNX1,0.0,0.0,1.0,1.0,0.0
TESC-AS1,0.0,0.0,1.0,1.0,0.0
AL354811.2,0.0,0.0,1.0,1.0,0.0
PRKAG2-AS1,0.0,0.0,1.0,1.0,0.0
GPC6-AS2,0.0,0.0,1.0,1.0,0.0
SIDT1-AS1,0.0,0.0,1.0,1.0,0.0
LINC00391,0.0,0.0,1.0,1.0,0.0
LINC02457,0.0,0.0,1.0,1.0,0.0
GTF2A1L,0.0,0.0,1.0,1.0,0.0
AC069404.1,0.0,0.0,1.0,1.0,0.0
PNLDC1,0.0,0.0,1.0,1.0,0.0
AC125603.4,0.0,0.0,1.0,1.0,0.0
AC125603.2,0.0,0.0,1.0,1.0,0.0
AC125603.1,0.0,0.0,1.0,1.0,0.0
DCT,0.0,0.0,1.0,1.0,0.0
AL136309.4,0.0,0.0,1.0,1.0,0.0
CSMD1,0.0,0.0,1.0,1.0,0.0
AC083806.3,0.0,0.0,1.0,1.0,0.0
AC115485.1,0.0,0.0,1.0,1.0,0.0
GPC6-AS1,0.0,0.0,1.0,1.0,0.0
HRK,0.0,0.0,1.0,1.0,0.0
AC245123.1,0.0,0.0,1.0,1.0,0.0
LINC00559,0.0,0.0,1.0,1.0,0.0
LINC01047,0.0,0.0,1.0,1.0,0.0
LINC00244,0.0,0.0,1.0,1.0,0.0
VWA5B2,0.0,0.0,1.0,1.0,0.0
AL445255.1,0.0,0.0,1.0,1.0,0.0
AC073236.1,0.0,0.0,1.0,1.0,0.0
LINC00377,0.0,0.0,1.0,1.0,0.0
CFAP44-AS1,0.0,0.0,1.0,1.0,0.0
AL078604.2,0.0,0.0,1.0,1.0,0.0
AC004263.1,0.0,0.0,1.0,1.0,0.0
LINC01080,0.0,0.0,1.0,1.0,0.0
AC007881.2,0.0,0.0,1.0,1.0,0.0
AL136442.1,0.0,0.0,1.0,1.0,0.0
AC007040.1,0.0,0.0,1.0,1.0,0.0
LHCGR,0.0,0.0,1.0,1.0,0.0
NDFIP2-AS1,0.0,0.0,1.0,1.0,0.0
MAGI2-AS1,0.0,0.0,1.0,1.0,0.0
MAGI2-AS2,0.0,0.0,1.0,1.0,0.0
LINC00331,0.0,0.0,1.0,1.0,0.0
AC006355.2,0.0,0.0,1.0,1.0,0.0
LINC00994,0.0,0.0,1.0,1.0,0.0
AC004921.1,0.0,0.0,1.0,1.0,0.0
HTR5A-AS1,0.0,0.0,1.0,1.0,0.0
AC099552.2,0.0,0.0,1.0,1.0,0.0
CNPY1,0.0,0.0,1.0,1.0,0.0
AC021218.1,0.0,0.0,1.0,1.0,0.0
AL445242.1,0.0,0.0,1.0,1.0,0.0
SRRM4,0.0,0.0,1.0,1.0,0.0
MIR4500HG,0.0,0.0,1.0,1.0,0.0
AC006972.1,0.0,0.0,1.0,1.0,0.0
LINC00333,0.0,0.0,1.0,1.0,0.0
AL445604.1,0.0,0.0,1.0,1.0,0.0
LINC00934,0.0,0.0,1.0,1.0,0.0
AC114737.1,0.0,0.0,1.0,1.0,0.0
EN2,0.0,0.0,1.0,1.0,0.0
AC008060.5,0.0,0.0,1.0,1.0,0.0
AC008060.1,0.0,0.0,1.0,1.0,0.0
EMX1,0.0,0.0,1.0,1.0,0.0
BLACE,0.0,0.0,1.0,1.0,0.0
AL353688.1,0.0,0.0,1.0,1.0,0.0
AC002563.1,0.0,0.0,1.0,1.0,0.0
SGCG,0.0,0.0,1.0,1.0,0.0
DCDC2,0.0,0.0,1.0,1.0,0.0
AC084346.1,0.0,0.0,1.0,1.0,0.0
AC245041.2,0.0,0.0,1.0,1.0,0.0
AP006287.3,0.0,0.0,1.0,1.0,0.0
AC011303.1,0.0,0.0,1.0,1.0,0.0
SCN2A,0.0,0.0,1.0,1.0,0.0
SCN3A,0.0,0.0,1.0,1.0,0.0
AP001107.8,0.0,0.0,1.0,1.0,0.0
SLC38A11,0.0,0.0,1.0,1.0,0.0
AL133216.1,0.0,0.0,1.0,1.0,0.0
AP001107.3,0.0,0.0,1.0,1.0,0.0
ZNF25-DT,0.0,0.0,1.0,1.0,0.0
AC013448.1,0.0,0.0,1.0,1.0,0.0
AL391538.1,0.0,0.0,1.0,1.0,0.0
AL132657.2,0.0,0.0,1.0,1.0,0.0
ANKRD30A,0.0,0.0,1.0,1.0,0.0
PCAT5,0.0,0.0,1.0,1.0,0.0
GLYATL3,0.0,0.0,1.0,1.0,0.0
GJD4,0.0,0.0,1.0,1.0,0.0
LINC02634,0.0,0.0,1.0,1.0,0.0
AC016766.1,0.0,0.0,1.0,1.0,0.0
KCNH7,0.0,0.0,1.0,1.0,0.0
LINC02629,0.0,0.0,1.0,1.0,0.0
AL450313.1,0.0,0.0,1.0,1.0,0.0
IATPR,0.0,0.0,1.0,1.0,0.0
DEFB133,0.0,0.0,1.0,1.0,0.0
ACTN3,0.0,0.0,1.0,1.0,0.0
AP002748.2,0.0,0.0,1.0,1.0,0.0
GAL3ST3,0.0,0.0,1.0,1.0,0.0
LINC01518,0.0,0.0,1.0,1.0,0.0
RET,0.0,0.0,1.0,1.0,0.0
TMEM72,0.0,0.0,1.0,1.0,0.0
ANXA8,0.0,0.0,1.0,1.0,0.0
GDF2,0.0,0.0,1.0,1.0,0.0
PTPN20,0.0,0.0,1.0,1.0,0.0
PLA2G7,0.0,0.0,1.0,1.0,0.0
LINC02637,0.0,0.0,1.0,1.0,0.0
AADACL2,0.0,0.0,1.0,1.0,0.0
LINC00842,0.0,0.0,1.0,1.0,0.0
AL096772.1,0.0,0.0,1.0,1.0,0.0
AC068489.1,0.0,0.0,1.0,1.0,0.0
AC010980.1,0.0,0.0,1.0,1.0,0.0
AL353801.1,0.0,0.0,1.0,1.0,0.0
AL353801.2,0.0,0.0,1.0,1.0,0.0
CSRNP3,0.0,0.0,1.0,1.0,0.0
LINC02659,0.0,0.0,1.0,1.0,0.0
OVOL1,0.0,0.0,1.0,1.0,0.0
OVOL1-AS1,0.0,0.0,1.0,1.0,0.0
AP001266.1,0.0,0.0,1.0,1.0,0.0
AL645634.1,0.0,0.0,1.0,1.0,0.0
ZNF32-AS3,0.0,0.0,1.0,1.0,0.0
LINC02066,0.0,0.0,1.0,1.0,0.0
ADGRF2,0.0,0.0,1.0,1.0,0.0
AC009495.1,0.0,0.0,1.0,1.0,0.0
FXYD4,0.0,0.0,1.0,1.0,0.0
GALNT3,0.0,0.0,1.0,1.0,0.0
AC016717.2,0.0,0.0,1.0,1.0,0.0
IRS1,0.0,0.0,1.0,1.0,0.0
AL391839.1,0.0,0.0,1.0,1.0,0.0
MRGPRF,0.0,0.0,1.0,1.0,0.0
MYO3A,0.0,0.0,1.0,1.0,0.0
LINC01516,0.0,0.0,1.0,1.0,0.0
CLRN1,0.0,0.0,1.0,1.0,0.0
AL157385.2,0.0,0.0,1.0,1.0,0.0
FBXO36-IT1,0.0,0.0,1.0,1.0,0.0
AL512603.1,0.0,0.0,1.0,1.0,0.0
AL512603.2,0.0,0.0,1.0,1.0,0.0
AC005042.2,0.0,0.0,1.0,1.0,0.0
C10orf67,0.0,0.0,1.0,1.0,0.0
PTF1A,0.0,0.0,1.0,1.0,0.0
AP000808.1,0.0,0.0,1.0,1.0,0.0
AL158211.2,0.0,0.0,1.0,1.0,0.0
ALDH3B2,0.0,0.0,1.0,1.0,0.0
AP003071.1,0.0,0.0,1.0,1.0,0.0
AP003071.2,0.0,0.0,1.0,1.0,0.0
TNF,0.0,0.0,1.0,1.0,0.0
AL157831.3,0.0,0.0,1.0,1.0,0.0
EBLN1,0.0,0.0,1.0,1.0,0.0
AP005233.1,0.0,0.0,1.0,1.0,0.0
AP000439.2,0.0,0.0,1.0,1.0,0.0
MINDY4B,0.0,0.0,1.0,1.0,0.0
AP000439.1,0.0,0.0,1.0,1.0,0.0
LINC01488,0.0,0.0,1.0,1.0,0.0
AC010149.1,0.0,0.0,1.0,1.0,0.0
APBB1IP,0.0,0.0,1.0,1.0,0.0
AL160291.1,0.0,0.0,1.0,1.0,0.0
AL391839.2,0.0,0.0,1.0,1.0,0.0
LINCMD1,0.0,0.0,1.0,1.0,0.0
AC010735.1,0.0,0.0,1.0,1.0,0.0
AL161935.1,0.0,0.0,1.0,1.0,0.0
AL355997.1,0.0,0.0,1.0,1.0,0.0
PKHD1,0.0,0.0,1.0,1.0,0.0
C11orf86,0.0,0.0,1.0,1.0,0.0
GCG,0.0,0.0,1.0,1.0,0.0
RHOD,0.0,0.0,1.0,1.0,0.0
AC008063.1,0.0,0.0,1.0,1.0,0.0
AL590068.3,0.0,0.0,1.0,1.0,0.0
SLC4A10,0.0,0.0,1.0,1.0,0.0
AC064853.1,0.0,0.0,1.0,1.0,0.0
LINC01806,0.0,0.0,1.0,1.0,0.0
ACY3,0.0,0.0,1.0,1.0,0.0
LYZL1,0.0,0.0,1.0,1.0,0.0
TBC1D10C,0.0,0.0,1.0,1.0,0.0
CARNS1,0.0,0.0,1.0,1.0,0.0
LINC00837,0.0,0.0,1.0,1.0,0.0
IL17F,0.0,0.0,1.0,1.0,0.0
LINC02652,0.0,0.0,1.0,1.0,0.0
ARMC4,0.0,0.0,1.0,1.0,0.0
GPR152,0.0,0.0,1.0,1.0,0.0
MKX-AS1,0.0,0.0,1.0,1.0,0.0
MKX,0.0,0.0,1.0,1.0,0.0
GPR87,0.0,0.0,1.0,1.0,0.0
AC008040.1,0.0,0.0,1.0,1.0,0.0
SCN7A,0.0,0.0,1.0,1.0,0.0
AL157895.1,0.0,0.0,1.0,1.0,0.0
FRMPD2,0.0,0.0,1.0,1.0,0.0
AC104088.2,0.0,0.0,1.0,1.0,0.0
H2AFY2,0.0,0.0,1.0,1.0,0.0
LINC02636,0.0,0.0,1.0,1.0,0.0
LINC02651,0.0,0.0,1.0,1.0,0.0
AC092924.2,0.0,0.0,1.0,1.0,0.0
AP000438.1,0.0,0.0,1.0,1.0,0.0
AL596223.1,0.0,0.0,1.0,1.0,0.0
SLC22A10,0.0,0.0,1.0,1.0,0.0
SLC22A25,0.0,0.0,1.0,1.0,0.0
LGALS12,0.0,0.0,1.0,1.0,0.0
AC104088.3,0.0,0.0,1.0,1.0,0.0
AP000753.1,0.0,0.0,1.0,1.0,0.0
AL359844.1,0.0,0.0,1.0,1.0,0.0
AP000753.2,0.0,0.0,1.0,1.0,0.0
AC068946.3,0.0,0.0,1.0,1.0,0.0
DLX2-DT,0.0,0.0,1.0,1.0,0.0
TUBA4B,0.0,0.0,1.0,1.0,0.0
LINC02640,0.0,0.0,1.0,1.0,0.0
LRRIQ4,0.0,0.0,1.0,1.0,0.0
SUCNR1,0.0,0.0,1.0,1.0,0.0
AADAC,0.0,0.0,1.0,1.0,0.0
CTNNA3,0.0,0.0,1.0,1.0,0.0
AADACL2-AS1,0.0,0.0,1.0,1.0,0.0
AP006333.2,0.0,0.0,1.0,1.0,0.0
AL513321.2,0.0,0.0,1.0,1.0,0.0
IHH,0.0,0.0,1.0,1.0,0.0
TEX54,0.0,0.0,1.0,1.0,0.0
NODAL,0.0,0.0,1.0,1.0,0.0
PLA2G12B,0.0,0.0,1.0,1.0,0.0
LINC02733,0.0,0.0,1.0,1.0,0.0
AC078788.1,0.0,0.0,1.0,1.0,0.0
SCGB2A1,0.0,0.0,1.0,1.0,0.0
MYOZ1,0.0,0.0,1.0,1.0,0.0
SCGB2A2,0.0,0.0,1.0,1.0,0.0
AP003064.2,0.0,0.0,1.0,1.0,0.0
AL512656.1,0.0,0.0,1.0,1.0,0.0
AP001363.1,0.0,0.0,1.0,1.0,0.0
PRKAG3,0.0,0.0,1.0,1.0,0.0
AL731563.2,0.0,0.0,1.0,1.0,0.0
WNT10A,0.0,0.0,1.0,1.0,0.0
AC097468.2,0.0,0.0,1.0,1.0,0.0
PRF1,0.0,0.0,1.0,1.0,0.0
SP9,0.0,0.0,1.0,1.0,0.0
AL513185.1,0.0,0.0,1.0,1.0,0.0
FEV,0.0,0.0,1.0,1.0,0.0
LINC01305,0.0,0.0,1.0,1.0,0.0
GNG3,0.0,0.0,1.0,1.0,0.0
CRYBA2,0.0,0.0,1.0,1.0,0.0
C10orf105,0.0,0.0,1.0,1.0,0.0
AC097468.1,0.0,0.0,1.0,1.0,0.0
LINC02622,0.0,0.0,1.0,1.0,0.0
AC073176.2,0.0,0.0,1.0,1.0,0.0
ADAMTS14,0.0,0.0,1.0,1.0,0.0
TMEM151B,0.0,0.0,1.0,1.0,0.0
AC114803.1,0.0,0.0,1.0,1.0,0.0
AC067752.1,0.0,0.0,1.0,1.0,0.0
AP000944.1,0.0,0.0,1.0,1.0,0.0
AC009955.4,0.0,0.0,1.0,1.0,0.0
LY6G6D,0.0,0.0,1.0,1.0,0.0
AL117341.1,0.0,0.0,1.0,1.0,0.0
LY6G6E,0.0,0.0,1.0,1.0,0.0
AP003068.3,0.0,0.0,1.0,1.0,0.0
ENPP5,0.0,0.0,1.0,1.0,0.0
LRP2,0.0,0.0,1.0,1.0,0.0
SPDYC,0.0,0.0,1.0,1.0,0.0
SAMD7,0.0,0.0,1.0,1.0,0.0
INHA,0.0,0.0,1.0,1.0,0.0
AGAP6,0.0,0.0,1.0,1.0,0.0
CHAT,0.0,0.0,1.0,1.0,0.0
AL035701.1,0.0,0.0,1.0,1.0,0.0
G6PC2,0.0,0.0,1.0,1.0,0.0
AC009955.2,0.0,0.0,1.0,1.0,0.0
LINC02736,0.0,0.0,1.0,1.0,0.0
AP000769.6,0.0,0.0,1.0,1.0,0.0
DRGX,0.0,0.0,1.0,1.0,0.0
FAM170B,0.0,0.0,1.0,1.0,0.0
TDRD6,0.0,0.0,1.0,1.0,0.0
B3GALT1,0.0,0.0,1.0,1.0,0.0
AC060234.2,0.0,0.0,1.0,1.0,0.0
AC016723.1,0.0,0.0,1.0,1.0,0.0
ARHGAP22-IT1,0.0,0.0,1.0,1.0,0.0
A1CF,0.0,0.0,1.0,1.0,0.0
AC069079.1,0.0,0.0,1.0,1.0,0.0
LRRC31,0.0,0.0,1.0,1.0,0.0
AL355474.1,0.0,0.0,1.0,1.0,0.0
AC024597.1,0.0,0.0,1.0,1.0,0.0
LINC02621,0.0,0.0,1.0,1.0,0.0
LINC02625,0.0,0.0,1.0,1.0,0.0
AC007277.1,0.0,0.0,1.0,1.0,0.0
AL451049.1,0.0,0.0,1.0,1.0,0.0
TMEM26-AS1,0.0,0.0,1.0,1.0,0.0
LINC00845,0.0,0.0,1.0,1.0,0.0
DES,0.0,0.0,1.0,1.0,0.0
AL592430.2,0.0,0.0,1.0,1.0,0.0
SPATS1,0.0,0.0,1.0,1.0,0.0
MRLN,0.0,0.0,1.0,1.0,0.0
PHYHIPL,0.0,0.0,1.0,1.0,0.0
NAALADL1,0.0,0.0,1.0,1.0,0.0
LINC02724,0.0,0.0,1.0,1.0,0.0
NRXN2,0.0,0.0,1.0,1.0,0.0
BICC1,0.0,0.0,1.0,1.0,0.0
AL136140.1,0.0,0.0,1.0,1.0,0.0
AC016396.1,0.0,0.0,1.0,1.0,0.0
PCDH15,0.0,0.0,1.0,1.0,0.0
LINC02672,0.0,0.0,1.0,1.0,0.0
AC073174.1,0.0,0.0,1.0,1.0,0.0
MBL2,0.0,0.0,1.0,1.0,0.0
MPIG6B,0.0,0.0,1.0,1.0,0.0
TMEM198,0.0,0.0,1.0,1.0,0.0
PLXDC2,0.0,0.0,1.0,1.0,0.0
MALRD1,0.0,0.0,1.0,1.0,0.0
HOXD13,0.0,0.0,1.0,1.0,0.0
LINC02761,0.0,0.0,1.0,1.0,0.0
PTP4A1,0.0,0.0,1.0,1.0,0.0
AP003032.1,0.0,0.0,1.0,1.0,0.0
AL807752.2,0.0,0.0,1.0,1.0,0.0
AL807752.4,0.0,0.0,1.0,1.0,0.0
AC114814.1,0.0,0.0,1.0,1.0,0.0
AC117386.1,0.0,0.0,1.0,1.0,0.0
AC064874.1,0.0,0.0,1.0,1.0,0.0
LINC01998,0.0,0.0,1.0,1.0,0.0
KIF5C,0.0,0.0,1.0,1.0,0.0
AC009480.1,0.0,0.0,1.0,1.0,0.0
AP003086.1,0.0,0.0,1.0,1.0,0.0
AP003086.2,0.0,0.0,1.0,1.0,0.0
AL713998.3,0.0,0.0,1.0,1.0,0.0
TENM4,0.0,0.0,1.0,1.0,0.0
LCN10,0.0,0.0,1.0,1.0,0.0
FAM181B,0.0,0.0,1.0,1.0,0.0
LINC02734,0.0,0.0,1.0,1.0,0.0
AC018678.1,0.0,0.0,1.0,1.0,0.0
ACKR3,0.0,0.0,1.0,1.0,0.0
AP001767.3,0.0,0.0,1.0,1.0,0.0
AL646090.1,0.0,0.0,1.0,1.0,0.0
LINC01911,0.0,0.0,1.0,1.0,0.0
AC107079.1,0.0,0.0,1.0,1.0,0.0
AC079248.1,0.0,0.0,1.0,1.0,0.0
CCDC187,0.0,0.0,1.0,1.0,0.0
AL807752.3,0.0,0.0,1.0,1.0,0.0
LINC01891,0.0,0.0,1.0,1.0,0.0
AC016682.1,0.0,0.0,1.0,1.0,0.0
SPP2,0.0,0.0,1.0,1.0,0.0
AL359878.2,0.0,0.0,1.0,1.0,0.0
AL358216.1,0.0,0.0,1.0,1.0,0.0
LINC02612,0.0,0.0,1.0,1.0,0.0
TUBB8,0.0,0.0,1.0,1.0,0.0
CACNA1B,0.0,0.0,1.0,1.0,0.0
AP001189.3,0.0,0.0,1.0,1.0,0.0
AL772363.1,0.0,0.0,1.0,1.0,0.0
AP001189.1,0.0,0.0,1.0,1.0,0.0
AC005538.3,0.0,0.0,1.0,1.0,0.0
AC104777.2,0.0,0.0,1.0,1.0,0.0
AP003119.1,0.0,0.0,1.0,1.0,0.0
AC122134.1,0.0,0.0,1.0,1.0,0.0
GDPD4,0.0,0.0,1.0,1.0,0.0
AC026316.3,0.0,0.0,1.0,1.0,0.0
LINC02570,0.0,0.0,1.0,1.0,0.0
LINC01920,0.0,0.0,1.0,1.0,0.0
AP002498.1,0.0,0.0,1.0,1.0,0.0
B3GNT6,0.0,0.0,1.0,1.0,0.0
LINC01817,0.0,0.0,1.0,1.0,0.0
OMP,0.0,0.0,1.0,1.0,0.0
STPG3,0.0,0.0,1.0,1.0,0.0
STPG3-AS1,0.0,0.0,1.0,1.0,0.0
SLC34A3,0.0,0.0,1.0,1.0,0.0
RNF224,0.0,0.0,1.0,1.0,0.0
AL080275.1,0.0,0.0,1.0,1.0,0.0
KCNT1,0.0,0.0,1.0,1.0,0.0
LINC01412,0.0,0.0,1.0,1.0,0.0
LINC01626,0.0,0.0,1.0,1.0,0.0
UBTFL1,0.0,0.0,1.0,1.0,0.0
AP000648.9,0.0,0.0,1.0,1.0,0.0
DBH-AS1,0.0,0.0,1.0,1.0,0.0
DBH,0.0,0.0,1.0,1.0,0.0
SLC2A2,0.0,0.0,1.0,1.0,0.0
ESPNL,0.0,0.0,1.0,1.0,0.0
AL136164.1,0.0,0.0,1.0,1.0,0.0
FAT3,0.0,0.0,1.0,1.0,0.0
ABO,0.0,0.0,1.0,1.0,0.0
OBP2B,0.0,0.0,1.0,1.0,0.0
HEPHL1,0.0,0.0,1.0,1.0,0.0
IZUMO1R,0.0,0.0,1.0,1.0,0.0
TYR,0.0,0.0,1.0,1.0,0.0
KCNQ5,0.0,0.0,1.0,1.0,0.0
KHDC1L,0.0,0.0,1.0,1.0,0.0
GPR83,0.0,0.0,1.0,1.0,0.0
BARHL1,0.0,0.0,1.0,1.0,0.0
AL160271.2,0.0,0.0,1.0,1.0,0.0
AP000943.2,0.0,0.0,1.0,1.0,0.0
PRRT1B,0.0,0.0,1.0,1.0,0.0
AP000943.1,0.0,0.0,1.0,1.0,0.0
LINC02700,0.0,0.0,1.0,1.0,0.0
AP002383.2,0.0,0.0,1.0,1.0,0.0
AC114763.2,0.0,0.0,1.0,1.0,0.0
AC092652.1,0.0,0.0,1.0,1.0,0.0
GRM5,0.0,0.0,1.0,1.0,0.0
AC117386.2,0.0,0.0,1.0,1.0,0.0
AC104667.1,0.0,0.0,1.0,1.0,0.0
CCDC89,0.0,0.0,1.0,1.0,0.0
OBP2A,0.0,0.0,1.0,1.0,0.0
CCDC83,0.0,0.0,1.0,1.0,0.0
AP003128.1,0.0,0.0,1.0,1.0,0.0
AL161452.1,0.0,0.0,1.0,1.0,0.0
LINC02695,0.0,0.0,1.0,1.0,0.0
RAB17,0.0,0.0,1.0,1.0,0.0
AC061708.1,0.0,0.0,1.0,1.0,0.0
AP001831.1,0.0,0.0,1.0,1.0,0.0
MDC1-AS1,0.0,0.0,1.0,1.0,0.0
COL5A1-AS1,0.0,0.0,1.0,1.0,0.0
AL669970.2,0.0,0.0,1.0,1.0,0.0
AL445931.1,0.0,0.0,1.0,1.0,0.0
AC009951.5,0.0,0.0,1.0,1.0,0.0
AL669970.3,0.0,0.0,1.0,1.0,0.0
AL669970.1,0.0,0.0,1.0,1.0,0.0
AP000676.5,0.0,0.0,1.0,1.0,0.0
AP005436.3,0.0,0.0,1.0,1.0,0.0
AP005436.1,0.0,0.0,1.0,1.0,0.0
LINC02247,0.0,0.0,1.0,1.0,0.0
AC092652.2,0.0,0.0,1.0,1.0,0.0
BX649601.1,0.0,0.0,1.0,1.0,0.0
AL589935.3,0.0,0.0,1.0,1.0,0.0
GRM5-AS1,0.0,0.0,1.0,1.0,0.0
FO680682.1,0.0,0.0,1.0,1.0,0.0
WNT11,0.0,0.0,1.0,1.0,0.0
CLRN1-AS1,0.0,0.0,1.0,1.0,0.0
MROH2A,0.0,0.0,1.0,1.0,0.0
KRTAP5-9,0.0,0.0,1.0,1.0,0.0
KRTAP5-11,0.0,0.0,1.0,1.0,0.0
AC017104.6,0.0,0.0,1.0,1.0,0.0
AL157392.2,0.0,0.0,1.0,1.0,0.0
LINC01876,0.0,0.0,1.0,1.0,0.0
AP003498.2,0.0,0.0,1.0,1.0,0.0
DEFB108B,0.0,0.0,1.0,1.0,0.0
DEFB131B,0.0,0.0,1.0,1.0,0.0
AL157392.4,0.0,0.0,1.0,1.0,0.0
AL355870.1,0.0,0.0,1.0,1.0,0.0
AL355870.2,0.0,0.0,1.0,1.0,0.0
AC092625.1,0.0,0.0,1.0,1.0,0.0
AL353586.1,0.0,0.0,1.0,1.0,0.0
AC009227.1,0.0,0.0,1.0,1.0,0.0
FOLR2,0.0,0.0,1.0,1.0,0.0
ECEL1,0.0,0.0,1.0,1.0,0.0
AL671883.3,0.0,0.0,1.0,1.0,0.0
AP002892.2,0.0,0.0,1.0,1.0,0.0
CHRND,0.0,0.0,1.0,1.0,0.0
AL512631.1,0.0,0.0,1.0,1.0,0.0
AP003065.1,0.0,0.0,1.0,1.0,0.0
ARAP1-AS1,0.0,0.0,1.0,1.0,0.0
AL512631.2,0.0,0.0,1.0,1.0,0.0
AL136320.1,0.0,0.0,1.0,1.0,0.0
AL662844.3,0.0,0.0,1.0,1.0,0.0
KRTAP5-7,0.0,0.0,1.0,1.0,0.0
AL033384.2,0.0,0.0,1.0,1.0,0.0
KLHL31,0.0,0.0,1.0,1.0,0.0
ERMN,0.0,0.0,1.0,1.0,0.0
UPP2,0.0,0.0,1.0,1.0,0.0
AL450384.1,0.0,0.0,1.0,1.0,0.0
AP000879.2,0.0,0.0,1.0,1.0,0.0
ANO1-AS1,0.0,0.0,1.0,1.0,0.0
AC073288.1,0.0,0.0,1.0,1.0,0.0
SLC39A12-AS1,0.0,0.0,1.0,1.0,0.0
AP002336.3,0.0,0.0,1.0,1.0,0.0
GCSIR,0.0,0.0,1.0,1.0,0.0
CYTIP,0.0,0.0,1.0,1.0,0.0
GPR55,0.0,0.0,1.0,1.0,0.0
AC012507.1,0.0,0.0,1.0,1.0,0.0
AC012507.3,0.0,0.0,1.0,1.0,0.0
AL033397.1,0.0,0.0,1.0,1.0,0.0
SPATA3-AS1,0.0,0.0,1.0,1.0,0.0
SPATA3,0.0,0.0,1.0,1.0,0.0
C2orf72,0.0,0.0,1.0,1.0,0.0
LINC01149,0.0,0.0,1.0,1.0,0.0
AL512347.1,0.0,0.0,1.0,1.0,0.0
C1QL3,0.0,0.0,1.0,1.0,0.0
SHANK2-AS3,0.0,0.0,1.0,1.0,0.0
AC009407.1,0.0,0.0,1.0,1.0,0.0
GCM1,0.0,0.0,1.0,1.0,0.0
AL034374.1,0.0,0.0,1.0,1.0,0.0
AP003783.1,0.0,0.0,1.0,1.0,0.0
AL136369.1,0.0,0.0,1.0,1.0,0.0
AP002761.2,0.0,0.0,1.0,1.0,0.0
AP002761.1,0.0,0.0,1.0,1.0,0.0
AL139280.2,0.0,0.0,1.0,1.0,0.0
HCG22,0.0,0.0,1.0,1.0,0.0
AC022535.3,0.0,0.0,1.0,1.0,0.0
LINC00703,0.0,0.0,1.0,1.0,0.0
AL031779.1,0.0,0.0,1.0,1.0,0.0
AC025822.2,0.0,0.0,1.0,1.0,0.0
MUC21,0.0,0.0,1.0,1.0,0.0
AC025822.1,0.0,0.0,1.0,1.0,0.0
AP001972.4,0.0,0.0,1.0,1.0,0.0
AL450322.1,0.0,0.0,1.0,1.0,0.0
AP001972.1,0.0,0.0,1.0,1.0,0.0
AP001972.2,0.0,0.0,1.0,1.0,0.0
AL451164.1,0.0,0.0,1.0,1.0,0.0
AC106876.1,0.0,0.0,1.0,1.0,0.0
LINC02668,0.0,0.0,1.0,1.0,0.0
AC018545.1,0.0,0.0,1.0,1.0,0.0
UGT1A1,0.0,0.0,1.0,1.0,0.0
AP001922.6,0.0,0.0,1.0,1.0,0.0
AP001922.1,0.0,0.0,1.0,1.0,0.0
LINC01213,0.0,0.0,1.0,1.0,0.0
AP003031.1,0.0,0.0,1.0,1.0,0.0
AL731533.1,0.0,0.0,1.0,1.0,0.0
AL441943.2,0.0,0.0,1.0,1.0,0.0
ADARB2,0.0,0.0,1.0,1.0,0.0
LINC00200,0.0,0.0,1.0,1.0,0.0
AC022535.2,0.0,0.0,1.0,1.0,0.0
AC079790.1,0.0,0.0,1.0,1.0,0.0
AL583859.3,0.0,0.0,1.0,1.0,0.0
AP002993.1,0.0,0.0,1.0,1.0,0.0
AL138773.1,0.0,0.0,1.0,1.0,0.0
AC025946.1,0.0,0.0,1.0,1.0,0.0
GATA3-AS1,0.0,0.0,1.0,1.0,0.0
MLIP-AS1,0.0,0.0,1.0,1.0,0.0
MLIP-IT1,0.0,0.0,1.0,1.0,0.0
ITIH2,0.0,0.0,1.0,1.0,0.0
AL359380.1,0.0,0.0,1.0,1.0,0.0
AL589946.1,0.0,0.0,1.0,1.0,0.0
PRKCQ,0.0,0.0,1.0,1.0,0.0
GFRAL,0.0,0.0,1.0,1.0,0.0
HMGCLL1,0.0,0.0,1.0,1.0,0.0
LINC02678,0.0,0.0,1.0,1.0,0.0
COL21A1,0.0,0.0,1.0,1.0,0.0
AL732437.3,0.0,0.0,1.0,1.0,0.0
CALML3,0.0,0.0,1.0,1.0,0.0
BMP5,0.0,0.0,1.0,1.0,0.0
C6orf15,0.0,0.0,1.0,1.0,0.0
UCN3,0.0,0.0,1.0,1.0,0.0
AL355303.1,0.0,0.0,1.0,1.0,0.0
AL355303.2,0.0,0.0,1.0,1.0,0.0
AKR1C4,0.0,0.0,1.0,1.0,0.0
AP001372.1,0.0,0.0,1.0,1.0,0.0
AP001085.1,0.0,0.0,1.0,1.0,0.0
AL391427.1,0.0,0.0,1.0,1.0,0.0
AC078788.2,0.0,0.0,1.0,1.0,0.0
HOXD11,0.0,0.0,1.0,1.0,0.0
UCN2,0.0,0.0,1.0,1.0,0.0
AC098872.1,0.0,0.0,1.0,1.0,0.0
AL445237.1,0.0,0.0,1.0,1.0,0.0
NKX1-2,0.0,0.0,1.0,1.0,0.0
KCNJ11,0.0,0.0,1.0,1.0,0.0
ABCC8,0.0,0.0,1.0,1.0,0.0
BX469938.1,0.0,0.0,1.0,1.0,0.0
USH1C,0.0,0.0,1.0,1.0,0.0
LINC02641,0.0,0.0,1.0,1.0,0.0
FAM24A,0.0,0.0,1.0,1.0,0.0
DINOL,0.0,0.0,1.0,1.0,0.0
MRGPRX3,0.0,0.0,1.0,1.0,0.0
AC090099.1,0.0,0.0,1.0,1.0,0.0
AC090099.2,0.0,0.0,1.0,1.0,0.0
SAA1,0.0,0.0,1.0,1.0,0.0
RAB44,0.0,0.0,1.0,1.0,0.0
Z85996.2,0.0,0.0,1.0,1.0,0.0
CD28,0.0,0.0,1.0,1.0,0.0
LDHC,0.0,0.0,1.0,1.0,0.0
AC079943.2,0.0,0.0,1.0,1.0,0.0
CTLA4,0.0,0.0,1.0,1.0,0.0
AC009498.1,0.0,0.0,1.0,1.0,0.0
AC007736.1,0.0,0.0,1.0,1.0,0.0
AC103974.1,0.0,0.0,1.0,1.0,0.0
MRGPRX2,0.0,0.0,1.0,1.0,0.0
AC084212.1,0.0,0.0,1.0,1.0,0.0
AC009652.1,0.0,0.0,1.0,1.0,0.0
AL513190.1,0.0,0.0,1.0,1.0,0.0
FAM53B-AS1,0.0,0.0,1.0,1.0,0.0
LINC02682,0.0,0.0,1.0,1.0,0.0
AC067945.4,0.0,0.0,1.0,1.0,0.0
TCERG1L,0.0,0.0,1.0,1.0,0.0
AC009806.1,0.0,0.0,1.0,1.0,0.0
AC107881.1,0.0,0.0,1.0,1.0,0.0
LINC01322,0.0,0.0,1.0,1.0,0.0
AC013549.3,0.0,0.0,1.0,1.0,0.0
AC013549.4,0.0,0.0,1.0,1.0,0.0
LINC02646,0.0,0.0,1.0,1.0,0.0
CLPSL1,0.0,0.0,1.0,1.0,0.0
AL157832.2,0.0,0.0,1.0,1.0,0.0
RASSF10,0.0,0.0,1.0,1.0,0.0
AL355531.1,0.0,0.0,1.0,1.0,0.0
PTH,0.0,0.0,1.0,1.0,0.0
PANDAR,0.0,0.0,1.0,1.0,0.0
CLPS,0.0,0.0,1.0,1.0,0.0
SPON1-AS1,0.0,0.0,1.0,1.0,0.0
AC067945.2,0.0,0.0,1.0,1.0,0.0
FOXI2,0.0,0.0,1.0,1.0,0.0
CALCB,0.0,0.0,1.0,1.0,0.0
CALCA,0.0,0.0,1.0,1.0,0.0
AC087379.2,0.0,0.0,1.0,1.0,0.0
AL589787.1,0.0,0.0,1.0,1.0,0.0
AC087379.1,0.0,0.0,1.0,1.0,0.0
AL589787.2,0.0,0.0,1.0,1.0,0.0
TEX36-AS1,0.0,0.0,1.0,1.0,0.0
AC104411.1,0.0,0.0,1.0,1.0,0.0
NAV2-IT1,0.0,0.0,1.0,1.0,0.0
AL645941.1,0.0,0.0,1.0,1.0,0.0
AL078612.1,0.0,0.0,1.0,1.0,0.0
AL133482.1,0.0,0.0,1.0,1.0,0.0
DIRC1,0.0,0.0,1.0,1.0,0.0
AL158212.1,0.0,0.0,1.0,1.0,0.0
AL358944.1,0.0,0.0,1.0,1.0,0.0
AL122014.1,0.0,0.0,1.0,1.0,0.0
LINC01090,0.0,0.0,1.0,1.0,0.0
KCNK17,0.0,0.0,1.0,1.0,0.0
PAUPAR,0.0,0.0,1.0,1.0,0.0
AL590999.1,0.0,0.0,1.0,1.0,0.0
TECTB,0.0,0.0,1.0,1.0,0.0
AL035078.3,0.0,0.0,1.0,1.0,0.0
AL136119.1,0.0,0.0,1.0,1.0,0.0
FAM237A,0.0,0.0,1.0,1.0,0.0
WT1-AS,0.0,0.0,1.0,1.0,0.0
ADRA2A,0.0,0.0,1.0,1.0,0.0
TDRG1,0.0,0.0,1.0,1.0,0.0
AC008269.2,0.0,0.0,1.0,1.0,0.0
CPO,0.0,0.0,1.0,1.0,0.0
LINC00951,0.0,0.0,1.0,1.0,0.0
AC007879.1,0.0,0.0,1.0,1.0,0.0
AL360182.2,0.0,0.0,1.0,1.0,0.0
LRFN2,0.0,0.0,1.0,1.0,0.0
AL033380.1,0.0,0.0,1.0,1.0,0.0
ZSWIM2,0.0,0.0,1.0,1.0,0.0
HABP2,0.0,0.0,1.0,1.0,0.0
LINC02758,0.0,0.0,1.0,1.0,0.0
SERPINI2,0.0,0.0,1.0,1.0,0.0
AC021698.1,0.0,0.0,1.0,1.0,0.0
AL353597.1,0.0,0.0,1.0,1.0,0.0
AC104009.1,0.0,0.0,1.0,1.0,0.0
AC007679.1,0.0,0.0,1.0,1.0,0.0
AL157388.1,0.0,0.0,1.0,1.0,0.0
LINC02726,0.0,0.0,1.0,1.0,0.0
AL121574.1,0.0,0.0,1.0,1.0,0.0
BTBD9-AS1,0.0,0.0,1.0,1.0,0.0
GFRA1,0.0,0.0,1.0,1.0,0.0
ATRNL1,0.0,0.0,1.0,1.0,0.0
LINC02699,0.0,0.0,1.0,1.0,0.0
AC013799.1,0.0,0.0,1.0,1.0,0.0
MUC15,0.0,0.0,1.0,1.0,0.0
AC090159.1,0.0,0.0,1.0,1.0,0.0
FIBIN,0.0,0.0,1.0,1.0,0.0
AFAP1L2,0.0,0.0,1.0,1.0,0.0
AC005383.1,0.0,0.0,1.0,1.0,0.0
VWA2,0.0,0.0,1.0,1.0,0.0
TDRD1,0.0,0.0,1.0,1.0,0.0
AC022023.2,0.0,0.0,1.0,1.0,0.0
GLP1R,0.0,0.0,1.0,1.0,0.0
LINC00678,0.0,0.0,1.0,1.0,0.0
AC103796.1,0.0,0.0,1.0,1.0,0.0
AC010731.2,0.0,0.0,1.0,1.0,0.0
AL592546.2,0.0,0.0,1.0,1.0,0.0
LINC01164,0.0,0.0,1.0,1.0,0.0
FP565171.1,0.0,0.0,1.0,1.0,0.0
SORCS1,0.0,0.0,1.0,1.0,0.0
AC025300.1,0.0,0.0,1.0,1.0,0.0
OR52N1,0.0,0.0,1.0,1.0,0.0
OR56A4,0.0,0.0,1.0,1.0,0.0
OR56A1,0.0,0.0,1.0,1.0,0.0
AC022762.1,0.0,0.0,1.0,1.0,0.0
TRPM5,0.0,0.0,1.0,1.0,0.0
C11orf42,0.0,0.0,1.0,1.0,0.0
IGF2-AS,0.0,0.0,1.0,1.0,0.0
CNGA4,0.0,0.0,1.0,1.0,0.0
MRPL23-AS1,0.0,0.0,1.0,1.0,0.0
CCKBR,0.0,0.0,1.0,1.0,0.0
LINC01877,0.0,0.0,1.0,1.0,0.0
TNNT3,0.0,0.0,1.0,1.0,0.0
LINC01150,0.0,0.0,1.0,1.0,0.0
TNNI2,0.0,0.0,1.0,1.0,0.0
SYT8,0.0,0.0,1.0,1.0,0.0
AC068580.1,0.0,0.0,1.0,1.0,0.0
KRTAP5-2,0.0,0.0,1.0,1.0,0.0
KRTAP5-1,0.0,0.0,1.0,1.0,0.0
AC091564.2,0.0,0.0,1.0,1.0,0.0
AC091564.6,0.0,0.0,1.0,1.0,0.0
AC013264.1,0.0,0.0,1.0,1.0,0.0
LINC01016,0.0,0.0,1.0,1.0,0.0
MUC5B,0.0,0.0,1.0,1.0,0.0
MUC5AC,0.0,0.0,1.0,1.0,0.0
MUC2,0.0,0.0,1.0,1.0,0.0
OR52N5,0.0,0.0,1.0,1.0,0.0
OR56B1,0.0,0.0,1.0,1.0,0.0
AC020718.1,0.0,0.0,1.0,1.0,0.0
AC127526.2,0.0,0.0,1.0,1.0,0.0
LINC01100,0.0,0.0,1.0,1.0,0.0
C3orf80,0.0,0.0,1.0,1.0,0.0
RRM1-AS1,0.0,0.0,1.0,1.0,0.0
OR51E2,0.0,0.0,1.0,1.0,0.0
OR51C1P,0.0,0.0,1.0,1.0,0.0
OR51A4,0.0,0.0,1.0,1.0,0.0
ART1,0.0,0.0,1.0,1.0,0.0
AC104389.2,0.0,0.0,1.0,1.0,0.0
ART5,0.0,0.0,1.0,1.0,0.0
HBB,0.0,0.0,1.0,1.0,0.0
HBD,0.0,0.0,1.0,1.0,0.0
HBE1,0.0,0.0,1.0,1.0,0.0
AC020550.2,0.0,0.0,1.0,1.0,0.0
OR51B2,0.0,0.0,1.0,1.0,0.0
OR51B6,0.0,0.0,1.0,1.0,0.0
AC127526.5,0.0,0.0,1.0,1.0,0.0
OR51Q1,0.0,0.0,1.0,1.0,0.0
OR51I1,0.0,0.0,1.0,1.0,0.0
AC127526.1,0.0,0.0,1.0,1.0,0.0
PACSIN1,0.0,0.0,1.0,1.0,0.0
OR52D1,0.0,0.0,1.0,1.0,0.0
UBQLN3,0.0,0.0,1.0,1.0,0.0
AC019330.1,0.0,0.0,1.0,1.0,0.0
AC011997.1,0.0,0.0,1.0,1.0,0.0
LINC02688,0.0,0.0,1.0,1.0,0.0
MUC6,0.0,0.0,1.0,1.0,0.0
IP6K3,0.0,0.0,1.0,1.0,0.0
PCGEM1,0.0,0.0,1.0,1.0,0.0
AL161645.1,0.0,0.0,1.0,1.0,0.0
TULP1,0.0,0.0,1.0,1.0,0.0
CDK15,0.0,0.0,1.0,1.0,0.0
AL360181.4,0.0,0.0,1.0,1.0,0.0
LINC01821,0.0,0.0,1.0,1.0,0.0
AL033519.4,0.0,0.0,1.0,1.0,0.0
ADAM8,0.0,0.0,1.0,1.0,0.0
AC128685.1,0.0,0.0,1.0,1.0,0.0
MIR202HG,0.0,0.0,1.0,1.0,0.0
AC096647.1,0.0,0.0,1.0,1.0,0.0
AL033519.5,0.0,0.0,1.0,1.0,0.0
LINC01165,0.0,0.0,1.0,1.0,0.0
SYCE1,0.0,0.0,1.0,1.0,0.0
AL451069.1,0.0,0.0,1.0,1.0,0.0
AC013401.1,0.0,0.0,1.0,1.0,0.0
LINC02752,0.0,0.0,1.0,1.0,0.0
KC877392.1,0.0,0.0,1.0,1.0,0.0
GALNT18,0.0,0.0,1.0,1.0,0.0
C10orf91,0.0,0.0,1.0,1.0,0.0
AL451069.3,0.0,0.0,1.0,1.0,0.0
AC104383.2,0.0,0.0,1.0,1.0,0.0
AC079910.1,0.0,0.0,1.0,1.0,0.0
LINC02023,0.0,0.0,1.0,1.0,0.0
AL512622.1,0.0,0.0,1.0,1.0,0.0
AL161645.2,0.0,0.0,1.0,1.0,0.0
FRG2B,0.0,0.0,1.0,1.0,0.0
LINC01792,0.0,0.0,1.0,1.0,0.0
TUB,0.0,0.0,1.0,1.0,0.0
OR10A5,0.0,0.0,1.0,1.0,0.0
AP006621.2,0.0,0.0,1.0,1.0,0.0
ARL14,0.0,0.0,1.0,1.0,0.0
RBMXL2,0.0,0.0,1.0,1.0,0.0
LINC00336,0.0,0.0,1.0,1.0,0.0
SCT,0.0,0.0,1.0,1.0,0.0
CDHR5,0.0,0.0,1.0,1.0,0.0
AC007283.1,0.0,0.0,1.0,1.0,0.0
OLFML1,0.0,0.0,1.0,1.0,0.0
OR10A3,0.0,0.0,1.0,1.0,0.0
AP006284.1,0.0,0.0,1.0,1.0,0.0
AC137894.1,0.0,0.0,1.0,1.0,0.0
LINC01827,0.0,0.0,1.0,1.0,0.0
RIC3,0.0,0.0,1.0,1.0,0.0
RIC3-DT,0.0,0.0,1.0,1.0,0.0
ANO9,0.0,0.0,1.0,1.0,0.0
AC136475.9,0.0,0.0,1.0,1.0,0.0
C11orf16,0.0,0.0,1.0,1.0,0.0
AC136475.8,0.0,0.0,1.0,1.0,0.0
AC136475.4,0.0,0.0,1.0,1.0,0.0
AC079296.2,0.0,0.0,1.0,1.0,0.0
AC112770.1,0.0,0.0,1.0,1.0,0.0
IFITM5,0.0,0.0,1.0,1.0,0.0
AC136475.3,0.0,0.0,1.0,1.0,0.0
HLA-DQB2,0.0,0.0,1.0,1.0,0.0
AL662789.1,0.0,0.0,1.0,1.0,0.0
HAGLR,0.0,0.0,1.0,1.0,0.0
F2,0.0,0.0,1.0,1.0,0.0
AL138767.3,0.0,0.0,1.0,1.0,0.0
AP002893.1,0.0,0.0,1.0,1.0,0.0
FAM25A,0.0,0.0,1.0,1.0,0.0
SMTNL1,0.0,0.0,1.0,1.0,0.0
LINC01280,0.0,0.0,1.0,1.0,0.0
AL844892.1,0.0,0.0,1.0,1.0,0.0
GRID1,0.0,0.0,1.0,1.0,0.0
LINC01519,0.0,0.0,1.0,1.0,0.0
C2-AS1,0.0,0.0,1.0,1.0,0.0
LINC00858,0.0,0.0,1.0,1.0,0.0
RGR,0.0,0.0,1.0,1.0,0.0
C10orf99,0.0,0.0,1.0,1.0,0.0
OR9Q1,0.0,0.0,1.0,1.0,0.0
AP004247.2,0.0,0.0,1.0,1.0,0.0
OR5B2,0.0,0.0,1.0,1.0,0.0
OR5B12,0.0,0.0,1.0,1.0,0.0
AC069540.2,0.0,0.0,1.0,1.0,0.0
AP003557.1,0.0,0.0,1.0,1.0,0.0
OR5B21,0.0,0.0,1.0,1.0,0.0
LINC02655,0.0,0.0,1.0,1.0,0.0
AC007563.1,0.0,0.0,1.0,1.0,0.0
AC012499.1,0.0,0.0,1.0,1.0,0.0
GLYAT,0.0,0.0,1.0,1.0,0.0
TNP1,0.0,0.0,1.0,1.0,0.0
LINC01921,0.0,0.0,1.0,1.0,0.0
AL138767.1,0.0,0.0,1.0,1.0,0.0
OR8J3,0.0,0.0,1.0,1.0,0.0
OR8H2,0.0,0.0,1.0,1.0,0.0
AL353751.1,0.0,0.0,1.0,1.0,0.0
C4B-AS1,0.0,0.0,1.0,1.0,0.0
AC021573.1,0.0,0.0,1.0,1.0,0.0
AC009478.1,0.0,0.0,1.0,1.0,0.0
AC098820.2,0.0,0.0,1.0,1.0,0.0
PTCRA,0.0,0.0,1.0,1.0,0.0
AC018410.2,0.0,0.0,1.0,1.0,0.0
ZNF385B,0.0,0.0,1.0,1.0,0.0
SLC16A12-AS1,0.0,0.0,1.0,1.0,0.0
AC018410.1,0.0,0.0,1.0,1.0,0.0
MYBPC3,0.0,0.0,1.0,1.0,0.0
IFIT1B,0.0,0.0,1.0,1.0,0.0
AC010680.1,0.0,0.0,1.0,1.0,0.0
AP006437.1,0.0,0.0,1.0,1.0,0.0
C4A-AS1,0.0,0.0,1.0,1.0,0.0
FAM180B,0.0,0.0,1.0,1.0,0.0
ANKRD22,0.0,0.0,1.0,1.0,0.0
LIPJ,0.0,0.0,1.0,1.0,0.0
RNLS,0.0,0.0,1.0,1.0,0.0
MME-AS1,0.0,0.0,1.0,1.0,0.0
AC098820.3,0.0,0.0,1.0,1.0,0.0
PTPRJ-AS1,0.0,0.0,1.0,1.0,0.0
FOLH1,0.0,0.0,1.0,1.0,0.0
AC109635.6,0.0,0.0,1.0,1.0,0.0
LINC02750,0.0,0.0,1.0,1.0,0.0
GLYATL2,0.0,0.0,1.0,1.0,0.0
AP001636.3,0.0,0.0,1.0,1.0,0.0
SFTPD,0.0,0.0,1.0,1.0,0.0
AC073636.1,0.0,0.0,1.0,1.0,0.0
AP003721.4,0.0,0.0,1.0,1.0,0.0
AL391421.1,0.0,0.0,1.0,1.0,0.0
RUFY4,0.0,0.0,1.0,1.0,0.0
AL731568.1,0.0,0.0,1.0,1.0,0.0
AL589863.2,0.0,0.0,1.0,1.0,0.0
PGA3,0.0,0.0,1.0,1.0,0.0
AC010997.4,0.0,0.0,1.0,1.0,0.0
PGA5,0.0,0.0,1.0,1.0,0.0
AC010997.5,0.0,0.0,1.0,1.0,0.0
CXCR1,0.0,0.0,1.0,1.0,0.0
AL359813.1,0.0,0.0,1.0,1.0,0.0
GPBAR1,0.0,0.0,1.0,1.0,0.0
PTGDR2,0.0,0.0,1.0,1.0,0.0
DUSP13,0.0,0.0,1.0,1.0,0.0
DUPD1,0.0,0.0,1.0,1.0,0.0
AC018511.1,0.0,0.0,1.0,1.0,0.0
AC018511.2,0.0,0.0,1.0,1.0,0.0
AC092162.2,0.0,0.0,1.0,1.0,0.0
AP003559.1,0.0,0.0,1.0,1.0,0.0
AC063962.1,0.0,0.0,1.0,1.0,0.0
MYRF-AS1,0.0,0.0,1.0,1.0,0.0
HOXD1,0.0,0.0,1.0,1.0,0.0
AC022400.2,0.0,0.0,1.0,1.0,0.0
AC022400.1,0.0,0.0,1.0,1.0,0.0
ZP1,0.0,0.0,1.0,1.0,0.0
AL731555.1,0.0,0.0,1.0,1.0,0.0
NUTM2E,0.0,0.0,1.0,1.0,0.0
TTBK1,0.0,0.0,1.0,1.0,0.0
DTX4,0.0,0.0,1.0,1.0,0.0
AP002358.1,0.0,0.0,1.0,1.0,0.0
OR5AN1,0.0,0.0,1.0,1.0,0.0
OR5A2,0.0,0.0,1.0,1.0,0.0
OR5A1,0.0,0.0,1.0,1.0,0.0
AC073834.1,0.0,0.0,1.0,1.0,0.0
AL132656.3,0.0,0.0,1.0,1.0,0.0
AC007557.3,0.0,0.0,1.0,1.0,0.0
SFTPA1,0.0,0.0,1.0,1.0,0.0
AC007749.1,0.0,0.0,1.0,1.0,0.0
AL356753.1,0.0,0.0,1.0,1.0,0.0
AL583852.1,0.0,0.0,1.0,1.0,0.0
AP000777.1,0.0,0.0,1.0,1.0,0.0
CBLIF,0.0,0.0,1.0,1.0,0.0
TCN1,0.0,0.0,1.0,1.0,0.0
AC010163.2,0.0,0.0,1.0,1.0,0.0
OOSP3,0.0,0.0,1.0,1.0,0.0
AC010163.3,0.0,0.0,1.0,1.0,0.0
OOSP1,0.0,0.0,1.0,1.0,0.0
OOSP4B,0.0,0.0,1.0,1.0,0.0
AC012560.1,0.0,0.0,1.0,1.0,0.0
MS4A4A,0.0,0.0,1.0,1.0,0.0
MS4A5,0.0,0.0,1.0,1.0,0.0
MS4A10,0.0,0.0,1.0,1.0,0.0
SCHLAP1,0.0,0.0,1.0,1.0,0.0
LINC00865,0.0,0.0,1.0,1.0,0.0
AL161646.1,0.0,0.0,1.0,1.0,0.0
AC069155.1,0.0,0.0,1.0,1.0,0.0
LBX1,0.0,0.0,1.0,1.0,0.0
TLX1,0.0,0.0,1.0,1.0,0.0
AC090625.2,0.0,0.0,1.0,1.0,0.0
HLA-DRB5,0.0,0.0,1.0,1.0,0.0
AL135934.1,0.0,0.0,1.0,1.0,0.0
AL138812.1,0.0,0.0,1.0,1.0,0.0
AL133215.3,0.0,0.0,1.0,1.0,0.0
MYL1,0.0,0.0,1.0,1.0,0.0
HLA-DRA,0.0,0.0,1.0,1.0,0.0
LANCL1-AS1,0.0,0.0,1.0,1.0,0.0
AC020584.1,0.0,0.0,1.0,1.0,0.0
WNT8B,0.0,0.0,1.0,1.0,0.0
AC087277.1,0.0,0.0,1.0,1.0,0.0
AC087277.2,0.0,0.0,1.0,1.0,0.0
AL139819.1,0.0,0.0,1.0,1.0,0.0
BTNL2,0.0,0.0,1.0,1.0,0.0
RAG2,0.0,0.0,1.0,1.0,0.0
PKD2L1,0.0,0.0,1.0,1.0,0.0
AC021723.2,0.0,0.0,1.0,1.0,0.0
LRRC4C,0.0,0.0,1.0,1.0,0.0
AC096555.1,0.0,0.0,1.0,1.0,0.0
TSBP1,0.0,0.0,1.0,1.0,0.0
AC087276.3,0.0,0.0,1.0,1.0,0.0
AC068205.1,0.0,0.0,1.0,1.0,0.0
AL365205.3,0.0,0.0,1.0,1.0,0.0
AL133330.2,0.0,0.0,1.0,1.0,0.0
HLA-DRB1,0.0,0.0,1.0,1.0,0.0
AC109824.1,0.0,0.0,1.0,1.0,0.0
AC132216.1,0.0,0.0,1.0,1.0,0.0
LINC02620,0.0,0.0,1.0,1.0,0.0
TSPO2,0.0,0.0,1.0,1.0,0.0
AC007879.4,0.0,0.0,1.0,1.0,0.0
AC113192.3,0.0,0.0,1.0,1.0,0.0
CALHM3,0.0,0.0,1.0,1.0,0.0
LINC02721,0.0,0.0,1.0,1.0,0.0
CALHM1,0.0,0.0,1.0,1.0,0.0
TREM2,0.0,0.0,1.0,1.0,0.0
TREML2,0.0,0.0,1.0,1.0,0.0
LINC01802,0.0,0.0,1.0,1.0,0.0
RPEL1,0.0,0.0,1.0,1.0,0.0
LINC01276,0.0,0.0,1.0,1.0,0.0
HLA-DQA1,0.0,0.0,1.0,1.0,0.0
HLA-DQB1,0.0,0.0,1.0,1.0,0.0
AL035588.1,0.0,0.0,1.0,1.0,0.0
PITX3,0.0,0.0,1.0,1.0,0.0
AC083900.1,0.0,0.0,1.0,1.0,0.0
PGC,0.0,0.0,1.0,1.0,0.0
C2orf80,0.0,0.0,1.0,1.0,0.0
ELF5,0.0,0.0,1.0,1.0,0.0
PTH2R,0.0,0.0,1.0,1.0,0.0
AL365205.4,0.0,0.0,1.0,1.0,0.0
FGF8,0.0,0.0,1.0,1.0,0.0
AC010789.1,0.0,0.0,1.0,1.0,0.0
AC093865.1,0.0,0.0,1.0,1.0,0.0
LINC01878,0.0,0.0,1.0,1.0,0.0
AC079822.1,0.0,0.0,1.0,1.0,0.0
AL138759.1,0.0,0.0,1.0,1.0,0.0
LINC01997,0.0,0.0,1.0,1.0,0.0
PIK3AP1,0.0,0.0,1.0,1.0,0.0
AC012462.3,0.0,0.0,1.0,1.0,0.0
CERKL,0.0,0.0,1.0,1.0,0.0
AC068385.1,0.0,0.0,1.0,1.0,0.0
C11orf94,0.0,0.0,1.0,1.0,0.0
LARGE2,0.0,0.0,1.0,1.0,0.0
AC021037.1,0.0,0.0,1.0,1.0,0.0
AC074033.1,0.0,0.0,1.0,1.0,0.0
AC024475.3,0.0,0.0,1.0,1.0,0.0
AC012462.1,0.0,0.0,1.0,1.0,0.0
AC012668.2,0.0,0.0,1.0,1.0,0.0
AC073284.1,0.0,0.0,1.0,1.0,0.0
AC116021.1,0.0,0.0,1.0,1.0,0.0
AL139354.1,0.0,0.0,1.0,1.0,0.0
PLCE1-AS1,0.0,0.0,1.0,1.0,0.0
AL358154.1,0.0,0.0,1.0,1.0,0.0
PLCH1,0.0,0.0,1.0,1.0,0.0
PDE6C,0.0,0.0,1.0,1.0,0.0
LINC02489,0.0,0.0,1.0,1.0,0.0
AL161652.1,0.0,0.0,1.0,1.0,0.0
AC104076.1,0.0,0.0,1.0,1.0,0.0
CHRM4,0.0,0.0,1.0,1.0,0.0
AL035587.3,0.0,0.0,1.0,1.0,0.0
AC087442.1,0.0,0.0,1.0,1.0,0.0
SLIT1,0.0,0.0,1.0,1.0,0.0
NKX2-3,0.0,0.0,1.0,1.0,0.0
ALX4,0.0,0.0,1.0,1.0,0.0
AC079610.2,0.0,0.0,1.0,1.0,0.0
AL513008.1,0.0,0.0,1.0,1.0,0.0
SPAG16-DT,0.0,0.0,1.0,1.0,0.0
AL662884.1,0.0,0.0,1.0,1.0,0.0
LOXL4,0.0,0.0,1.0,1.0,0.0
AC064871.2,0.0,0.0,1.0,1.0,0.0
GOLGA7B,0.0,0.0,1.0,1.0,0.0
SFRP5,0.0,0.0,1.0,1.0,0.0
AC068051.1,0.0,0.0,1.0,1.0,0.0
C10orf62,0.0,0.0,1.0,1.0,0.0
FRZB,0.0,0.0,1.0,1.0,0.0
ANKRD2,0.0,0.0,1.0,1.0,0.0
SLIT1-AS1,0.0,0.0,1.0,1.0,0.0
AC010768.1,0.0,0.0,1.0,1.0,0.0
AC010768.2,0.0,0.0,1.0,1.0,0.0
AC012500.1,0.0,0.0,1.0,1.0,0.0
LINC02685,0.0,0.0,1.0,1.0,0.0
AC124893.1,0.0,0.0,1.0,1.0,0.0
AC103681.2,0.0,0.0,1.0,1.0,0.0
SYT13,0.0,0.0,1.0,1.0,0.0
AC072062.1,0.0,0.0,1.0,1.0,0.0
AC018716.2,0.0,0.0,1.0,1.0,0.0
AC103855.2,0.0,0.0,1.0,1.0,0.0
AC092844.1,0.0,0.0,1.0,1.0,0.0
AC016999.1,0.0,0.0,1.0,1.0,0.0
AL161733.1,0.0,0.0,1.0,1.0,0.0
AP001790.1,0.0,0.0,1.0,1.0,0.0
AC226101.1,0.0,0.0,1.0,1.0,0.0
AC074387.1,0.0,0.0,1.0,1.0,0.0
AC009509.1,0.0,0.0,1.0,1.0,0.0
AL133268.4,0.0,0.0,1.0,1.0,0.0
AL162419.1,0.0,0.0,1.0,1.0,0.0
GLIS3-AS1,0.0,0.0,1.0,1.0,0.0
AC009509.2,0.0,0.0,1.0,1.0,0.0
AL137071.1,0.0,0.0,1.0,1.0,0.0
AL160400.1,0.0,0.0,1.0,1.0,0.0
EDAR,0.0,0.0,1.0,1.0,0.0
AC009511.1,0.0,0.0,1.0,1.0,0.0
Z98742.1,0.0,0.0,1.0,1.0,0.0
AL354977.1,0.0,0.0,1.0,1.0,0.0
PAQR9,0.0,0.0,1.0,1.0,0.0
KCNV2,0.0,0.0,1.0,1.0,0.0
ARMH2,0.0,0.0,1.0,1.0,0.0
AL353614.1,0.0,0.0,1.0,1.0,0.0
AC022081.1,0.0,0.0,1.0,1.0,0.0
LINC01230,0.0,0.0,1.0,1.0,0.0
DMRT1,0.0,0.0,1.0,1.0,0.0
AL136979.1,0.0,0.0,1.0,1.0,0.0
LINC00222,0.0,0.0,1.0,1.0,0.0
TMTC1,0.0,0.0,1.0,1.0,0.0
AL161725.1,0.0,0.0,1.0,1.0,0.0
AC023511.1,0.0,0.0,1.0,1.0,0.0
AL158832.1,0.0,0.0,1.0,1.0,0.0
Z98742.4,0.0,0.0,1.0,1.0,0.0
LINC02033,0.0,0.0,1.0,1.0,0.0
DCLK3,0.0,0.0,1.0,1.0,0.0
AC022509.3,0.0,0.0,1.0,1.0,0.0
LRMP,0.0,0.0,1.0,1.0,0.0
AC023510.2,0.0,0.0,1.0,1.0,0.0
RGPD6,0.0,0.0,1.0,1.0,0.0
PTPRD,0.0,0.0,1.0,1.0,0.0
AL354694.1,0.0,0.0,1.0,1.0,0.0
AC112229.2,0.0,0.0,1.0,1.0,0.0
AC019209.3,0.0,0.0,1.0,1.0,0.0
AC019209.2,0.0,0.0,1.0,1.0,0.0
LIMS4,0.0,0.0,1.0,1.0,0.0
SLC17A4,0.0,0.0,1.0,1.0,0.0
AL133480.1,0.0,0.0,1.0,1.0,0.0
AC112211.1,0.0,0.0,1.0,1.0,0.0
C12orf71,0.0,0.0,1.0,1.0,0.0
AC022509.5,0.0,0.0,1.0,1.0,0.0
OSTM1-AS1,0.0,0.0,1.0,1.0,0.0
AC022509.2,0.0,0.0,1.0,1.0,0.0
AL162253.1,0.0,0.0,1.0,1.0,0.0
AC055720.1,0.0,0.0,1.0,1.0,0.0
AC123023.2,0.0,0.0,1.0,1.0,0.0
LIMS3,0.0,0.0,1.0,1.0,0.0
INSL4,0.0,0.0,1.0,1.0,0.0
NR2E1,0.0,0.0,1.0,1.0,0.0
HIST1H2AA,0.0,0.0,1.0,1.0,0.0
AC123023.1,0.0,0.0,1.0,1.0,0.0
LINC01388,0.0,0.0,1.0,1.0,0.0
LINC01594,0.0,0.0,1.0,1.0,0.0
RGPD4,0.0,0.0,1.0,1.0,0.0
LINC02451,0.0,0.0,1.0,1.0,0.0
LINC02471,0.0,0.0,1.0,1.0,0.0
IQANK1,0.0,0.0,1.0,1.0,0.0
LRRK2,0.0,0.0,1.0,1.0,0.0
MUC19,0.0,0.0,1.0,1.0,0.0
CNTN1,0.0,0.0,1.0,1.0,0.0
AC090531.1,0.0,0.0,1.0,1.0,0.0
AL512303.1,0.0,0.0,1.0,1.0,0.0
LINC02400,0.0,0.0,1.0,1.0,0.0
AC006197.2,0.0,0.0,1.0,1.0,0.0
METTL24,0.0,0.0,1.0,1.0,0.0
AL050350.1,0.0,0.0,1.0,1.0,0.0
AC012038.2,0.0,0.0,1.0,1.0,0.0
AC234917.1,0.0,0.0,1.0,1.0,0.0
ECRG4,0.0,0.0,1.0,1.0,0.0
AC122683.1,0.0,0.0,1.0,1.0,0.0
SLC22A16,0.0,0.0,1.0,1.0,0.0
AC009248.3,0.0,0.0,1.0,1.0,0.0
AC099560.1,0.0,0.0,1.0,1.0,0.0
MAFA,0.0,0.0,1.0,1.0,0.0
AC105118.1,0.0,0.0,1.0,1.0,0.0
AC099541.1,0.0,0.0,1.0,1.0,0.0
CCK,0.0,0.0,1.0,1.0,0.0
GPIHBP1,0.0,0.0,1.0,1.0,0.0
AL512380.1,0.0,0.0,1.0,1.0,0.0
AC105219.4,0.0,0.0,1.0,1.0,0.0
C12orf40,0.0,0.0,1.0,1.0,0.0
KIAA0319,0.0,0.0,1.0,1.0,0.0
SCN10A,0.0,0.0,1.0,1.0,0.0
AF235103.1,0.0,0.0,1.0,1.0,0.0
LINC02387,0.0,0.0,1.0,1.0,0.0
AF186192.3,0.0,0.0,1.0,1.0,0.0
AF186192.1,0.0,0.0,1.0,1.0,0.0
OR52I2,0.0,0.0,1.0,1.0,0.0
PLS1-AS1,0.0,0.0,1.0,1.0,0.0
AC068774.1,0.0,0.0,1.0,1.0,0.0
LINC01885,0.0,0.0,1.0,1.0,0.0
LINC01789,0.0,0.0,1.0,1.0,0.0
NRSN1,0.0,0.0,1.0,1.0,0.0
AC048344.1,0.0,0.0,1.0,1.0,0.0
AL035401.1,0.0,0.0,1.0,1.0,0.0
ABCD2,0.0,0.0,1.0,1.0,0.0
CD8B2,0.0,0.0,1.0,1.0,0.0
AL033539.2,0.0,0.0,1.0,1.0,0.0
SCRT1,0.0,0.0,1.0,1.0,0.0
CX3CR1,0.0,0.0,1.0,1.0,0.0
SYT10,0.0,0.0,1.0,1.0,0.0
AC104850.2,0.0,0.0,1.0,1.0,0.0
AC046130.2,0.0,0.0,1.0,1.0,0.0
AC140847.2,0.0,0.0,1.0,1.0,0.0
AC092058.1,0.0,0.0,1.0,1.0,0.0
AC087897.2,0.0,0.0,1.0,1.0,0.0
RGPD3,0.0,0.0,1.0,1.0,0.0
AL583805.2,0.0,0.0,1.0,1.0,0.0
LINC00477,0.0,0.0,1.0,1.0,0.0
LINC00581,0.0,0.0,1.0,1.0,0.0
PTPRD-AS2,0.0,0.0,1.0,1.0,0.0
TAS2R43,0.0,0.0,1.0,1.0,0.0
AL589645.1,0.0,0.0,1.0,1.0,0.0
FAM205A,0.0,0.0,1.0,1.0,0.0
CCL19,0.0,0.0,1.0,1.0,0.0
ARID3C,0.0,0.0,1.0,1.0,0.0
TAS2R42,0.0,0.0,1.0,1.0,0.0
PRB3,0.0,0.0,1.0,1.0,0.0
ZNF385D-AS1,0.0,0.0,1.0,1.0,0.0
PRB4,0.0,0.0,1.0,1.0,0.0
PRB2,0.0,0.0,1.0,1.0,0.0
AC007450.1,0.0,0.0,1.0,1.0,0.0
TRBV29OR9-2,0.0,0.0,1.0,1.0,0.0
AL356489.1,0.0,0.0,1.0,1.0,0.0
TRBV20OR9-2,0.0,0.0,1.0,1.0,0.0
AL139008.2,0.0,0.0,1.0,1.0,0.0
SPINK4,0.0,0.0,1.0,1.0,0.0
THRB,0.0,0.0,1.0,1.0,0.0
THRB-IT1,0.0,0.0,1.0,1.0,0.0
AL157884.2,0.0,0.0,1.0,1.0,0.0
AC068491.2,0.0,0.0,1.0,1.0,0.0
AC008115.1,0.0,0.0,1.0,1.0,0.0
TMEM215,0.0,0.0,1.0,1.0,0.0
AL589642.2,0.0,0.0,1.0,1.0,0.0
AL589642.1,0.0,0.0,1.0,1.0,0.0
LINC01242,0.0,0.0,1.0,1.0,0.0
AC076966.2,0.0,0.0,1.0,1.0,0.0
PHF24,0.0,0.0,1.0,1.0,0.0
DNAJB5-DT,0.0,0.0,1.0,1.0,0.0
AL021917.1,0.0,0.0,1.0,1.0,0.0
LINC02617,0.0,0.0,1.0,1.0,0.0
AL357139.2,0.0,0.0,1.0,1.0,0.0
AC090948.4,0.0,0.0,1.0,1.0,0.0
LINC02598,0.0,0.0,1.0,1.0,0.0
KLRK1,0.0,0.0,1.0,1.0,0.0
KLRC3,0.0,0.0,1.0,1.0,0.0
OR2S2,0.0,0.0,1.0,1.0,0.0
KLRC2,0.0,0.0,1.0,1.0,0.0
KLRC1,0.0,0.0,1.0,1.0,0.0
LINC02446,0.0,0.0,1.0,1.0,0.0
AL357315.1,0.0,0.0,1.0,1.0,0.0
PLCL2-AS1,0.0,0.0,1.0,1.0,0.0
AL353795.2,0.0,0.0,1.0,1.0,0.0
AC144521.1,0.0,0.0,1.0,1.0,0.0
LINC02366,0.0,0.0,1.0,1.0,0.0
SATB1-AS1,0.0,0.0,1.0,1.0,0.0
KCNH8,0.0,0.0,1.0,1.0,0.0
AC061958.1,0.0,0.0,1.0,1.0,0.0
TAS2R7,0.0,0.0,1.0,1.0,0.0
TAS2R8,0.0,0.0,1.0,1.0,0.0
SIT1,0.0,0.0,1.0,1.0,0.0
AL357874.1,0.0,0.0,1.0,1.0,0.0
AL357874.2,0.0,0.0,1.0,1.0,0.0
LIN28B,0.0,0.0,1.0,1.0,0.0
IFNK,0.0,0.0,1.0,1.0,0.0
AL163192.1,0.0,0.0,1.0,1.0,0.0
AL356859.1,0.0,0.0,1.0,1.0,0.0
SLCO1B3,0.0,0.0,1.0,1.0,0.0
AC092793.1,0.0,0.0,1.0,1.0,0.0
AC092110.1,0.0,0.0,1.0,1.0,0.0
AC048352.1,0.0,0.0,1.0,1.0,0.0
CAPZA3,0.0,0.0,1.0,1.0,0.0
AC131210.1,0.0,0.0,1.0,1.0,0.0
AL121957.1,0.0,0.0,1.0,1.0,0.0
AC024901.1,0.0,0.0,1.0,1.0,0.0
SH3GL2,0.0,0.0,1.0,1.0,0.0
LINC02398,0.0,0.0,1.0,1.0,0.0
LINC02468,0.0,0.0,1.0,1.0,0.0
AC129102.1,0.0,0.0,1.0,1.0,0.0
SLCO1A2,0.0,0.0,1.0,1.0,0.0
SLC24A2,0.0,0.0,1.0,1.0,0.0
AL450003.1,0.0,0.0,1.0,1.0,0.0
SCML4,0.0,0.0,1.0,1.0,0.0
FREM1,0.0,0.0,1.0,1.0,0.0
TRIM71,0.0,0.0,1.0,1.0,0.0
AL137017.1,0.0,0.0,1.0,1.0,0.0
GYS2,0.0,0.0,1.0,1.0,0.0
AL360089.1,0.0,0.0,1.0,1.0,0.0
ABCC9,0.0,0.0,1.0,1.0,0.0
AC008250.1,0.0,0.0,1.0,1.0,0.0
AC084816.1,0.0,0.0,1.0,1.0,0.0
SOX5,0.0,0.0,1.0,1.0,0.0
AL391834.3,0.0,0.0,1.0,1.0,0.0
IFNB1,0.0,0.0,1.0,1.0,0.0
EQTN,0.0,0.0,1.0,1.0,0.0
AL445623.2,0.0,0.0,1.0,1.0,0.0
SLC9A9-AS1,0.0,0.0,1.0,1.0,0.0
EOMES,0.0,0.0,1.0,1.0,0.0
LINC01559,0.0,0.0,1.0,1.0,0.0
LINC01980,0.0,0.0,1.0,1.0,0.0
AC007527.2,0.0,0.0,1.0,1.0,0.0
AC092112.1,0.0,0.0,1.0,1.0,0.0
PLBD1-AS1,0.0,0.0,1.0,1.0,0.0
GUCY2C,0.0,0.0,1.0,1.0,0.0
AC010168.1,0.0,0.0,1.0,1.0,0.0
AL353730.1,0.0,0.0,1.0,1.0,0.0
HIST1H1T,0.0,0.0,1.0,1.0,0.0
AL391117.1,0.0,0.0,1.0,1.0,0.0
IFNW1,0.0,0.0,1.0,1.0,0.0
LINC02526,0.0,0.0,1.0,1.0,0.0
RBMS3-AS1,0.0,0.0,1.0,1.0,0.0
IFNA1,0.0,0.0,1.0,1.0,0.0
PDE6H,0.0,0.0,1.0,1.0,0.0
AC116035.1,0.0,0.0,1.0,1.0,0.0
AL353732.1,0.0,0.0,1.0,1.0,0.0
LINC01489,0.0,0.0,1.0,1.0,0.0
RERG,0.0,0.0,1.0,1.0,0.0
PTPRO,0.0,0.0,1.0,1.0,0.0
IFNA2,0.0,0.0,1.0,1.0,0.0
IFNA5,0.0,0.0,1.0,1.0,0.0
LY6H,0.0,0.0,1.0,1.0,0.0
AL031767.2,0.0,0.0,1.0,1.0,0.0
DPPA5,0.0,0.0,1.0,1.0,0.0
FIGNL2-DT,0.0,0.0,1.0,1.0,0.0
PEX5L-AS1,0.0,0.0,1.0,1.0,0.0
AC021733.4,0.0,0.0,1.0,1.0,0.0
MAL2,0.0,0.0,1.0,1.0,0.0
LARS2-AS1,0.0,0.0,1.0,1.0,0.0
AC084114.1,0.0,0.0,1.0,1.0,0.0
SLC30A8,0.0,0.0,1.0,1.0,0.0
CCR9,0.0,0.0,1.0,1.0,0.0
AC073573.1,0.0,0.0,1.0,1.0,0.0
LINC00536,0.0,0.0,1.0,1.0,0.0
AC024996.1,0.0,0.0,1.0,1.0,0.0
CSMD3,0.0,0.0,1.0,1.0,0.0
LINC01608,0.0,0.0,1.0,1.0,0.0
ITGB7,0.0,0.0,1.0,1.0,0.0
KCNV1,0.0,0.0,1.0,1.0,0.0
AC079061.1,0.0,0.0,1.0,1.0,0.0
SP7,0.0,0.0,1.0,1.0,0.0
TRHR,0.0,0.0,1.0,1.0,0.0
CNGA3,0.0,0.0,1.0,1.0,0.0
CXCR6,0.0,0.0,1.0,1.0,0.0
RSPO2,0.0,0.0,1.0,1.0,0.0
ANGPT1,0.0,0.0,1.0,1.0,0.0
CCR5,0.0,0.0,1.0,1.0,0.0
AC092675.1,0.0,0.0,1.0,1.0,0.0
CALHM4,0.0,0.0,1.0,1.0,0.0
AC021546.1,0.0,0.0,1.0,1.0,0.0
CCN3,0.0,0.0,1.0,1.0,0.0
ENPP2,0.0,0.0,1.0,1.0,0.0
AP005717.2,0.0,0.0,1.0,1.0,0.0
LINC02855,0.0,0.0,1.0,1.0,0.0
LINC01268,0.0,0.0,1.0,1.0,0.0
FER1L6-AS1,0.0,0.0,1.0,1.0,0.0
AC090753.1,0.0,0.0,1.0,1.0,0.0
HS3ST5,0.0,0.0,1.0,1.0,0.0
COL10A1,0.0,0.0,1.0,1.0,0.0
AC104316.1,0.0,0.0,1.0,1.0,0.0
AL050331.2,0.0,0.0,1.0,1.0,0.0
AC078864.1,0.0,0.0,1.0,1.0,0.0
AC016405.2,0.0,0.0,1.0,1.0,0.0
AC108136.1,0.0,0.0,1.0,1.0,0.0
AC037486.1,0.0,0.0,1.0,1.0,0.0
KRT7-AS,0.0,0.0,1.0,1.0,0.0
KRT78,0.0,0.0,1.0,1.0,0.0
AC021066.1,0.0,0.0,1.0,1.0,0.0
AC121757.1,0.0,0.0,1.0,1.0,0.0
KRT6B,0.0,0.0,1.0,1.0,0.0
KRT6C,0.0,0.0,1.0,1.0,0.0
KRT6A,0.0,0.0,1.0,1.0,0.0
AC104958.2,0.0,0.0,1.0,1.0,0.0
AC104958.1,0.0,0.0,1.0,1.0,0.0
KRT5,0.0,0.0,1.0,1.0,0.0
AC091563.1,0.0,0.0,1.0,1.0,0.0
KRT73-AS1,0.0,0.0,1.0,1.0,0.0
KRT4,0.0,0.0,1.0,1.0,0.0
CLSTN2-AS1,0.0,0.0,1.0,1.0,0.0
AP003471.1,0.0,0.0,1.0,1.0,0.0
DCSTAMP,0.0,0.0,1.0,1.0,0.0
AP002982.2,0.0,0.0,1.0,1.0,0.0
ITGA7,0.0,0.0,1.0,1.0,0.0
RGS22,0.0,0.0,1.0,1.0,0.0
AC105328.1,0.0,0.0,1.0,1.0,0.0
AC018442.2,0.0,0.0,1.0,1.0,0.0
AC107909.2,0.0,0.0,1.0,1.0,0.0
AL078600.1,0.0,0.0,1.0,1.0,0.0
LINC02543,0.0,0.0,1.0,1.0,0.0
AC016877.3,0.0,0.0,1.0,1.0,0.0
AL357513.1,0.0,0.0,1.0,1.0,0.0
ERICH5,0.0,0.0,1.0,1.0,0.0
AC092939.1,0.0,0.0,1.0,1.0,0.0
RBP2,0.0,0.0,1.0,1.0,0.0
OR2AP1,0.0,0.0,1.0,1.0,0.0
CAMP,0.0,0.0,1.0,1.0,0.0
AC012339.1,0.0,0.0,1.0,1.0,0.0
AC034102.7,0.0,0.0,1.0,1.0,0.0
LINC01298,0.0,0.0,1.0,1.0,0.0
AC073896.4,0.0,0.0,1.0,1.0,0.0
MIR3150BHG,0.0,0.0,1.0,1.0,0.0
SPINK8,0.0,0.0,1.0,1.0,0.0
ESRP1,0.0,0.0,1.0,1.0,0.0
AC023632.5,0.0,0.0,1.0,1.0,0.0
CDH17,0.0,0.0,1.0,1.0,0.0
NEURL3,0.0,0.0,1.0,1.0,0.0
METTL7B,0.0,0.0,1.0,1.0,0.0
AC097103.1,0.0,0.0,1.0,1.0,0.0
DPYS,0.0,0.0,1.0,1.0,0.0
SLC35F1,0.0,0.0,1.0,1.0,0.0
AC012213.1,0.0,0.0,1.0,1.0,0.0
AC076968.2,0.0,0.0,1.0,1.0,0.0
AC076968.1,0.0,0.0,1.0,1.0,0.0
HOXC-AS1,0.0,0.0,1.0,1.0,0.0
HOXC4,0.0,0.0,1.0,1.0,0.0
GPRC6A,0.0,0.0,1.0,1.0,0.0
LRRC2-AS1,0.0,0.0,1.0,1.0,0.0
RFX6,0.0,0.0,1.0,1.0,0.0
AP003550.1,0.0,0.0,1.0,1.0,0.0
TDGF1,0.0,0.0,1.0,1.0,0.0
AC023794.5,0.0,0.0,1.0,1.0,0.0
FAM240A,0.0,0.0,1.0,1.0,0.0
AP003472.1,0.0,0.0,1.0,1.0,0.0
NFE2,0.0,0.0,1.0,1.0,0.0
GRHL2,0.0,0.0,1.0,1.0,0.0
ZAP70,0.0,0.0,1.0,1.0,0.0
AP001208.1,0.0,0.0,1.0,1.0,0.0
AP001330.5,0.0,0.0,1.0,1.0,0.0
AP003469.1,0.0,0.0,1.0,1.0,0.0
MYL3,0.0,0.0,1.0,1.0,0.0
AL137009.1,0.0,0.0,1.0,1.0,0.0
AP003472.2,0.0,0.0,1.0,1.0,0.0
DCD,0.0,0.0,1.0,1.0,0.0
TESPA1,0.0,0.0,1.0,1.0,0.0
ANKRD33,0.0,0.0,1.0,1.0,0.0
AC068987.3,0.0,0.0,1.0,1.0,0.0
AC083841.2,0.0,0.0,1.0,1.0,0.0
FO393415.3,0.0,0.0,1.0,1.0,0.0
OR8S1,0.0,0.0,1.0,1.0,0.0
LALBA,0.0,0.0,1.0,1.0,0.0
GRK7,0.0,0.0,1.0,1.0,0.0
TEX49,0.0,0.0,1.0,1.0,0.0
HHATL,0.0,0.0,1.0,1.0,0.0
AC011593.1,0.0,0.0,1.0,1.0,0.0
AC073987.1,0.0,0.0,1.0,1.0,0.0
AC108051.1,0.0,0.0,1.0,1.0,0.0
AC021744.1,0.0,0.0,1.0,1.0,0.0
LINC01796,0.0,0.0,1.0,1.0,0.0
AC087354.1,0.0,0.0,1.0,1.0,0.0
SLC9A2,0.0,0.0,1.0,1.0,0.0
WNT1,0.0,0.0,1.0,1.0,0.0
AC011603.3,0.0,0.0,1.0,1.0,0.0
FAM135B,0.0,0.0,1.0,1.0,0.0
AC079015.1,0.0,0.0,1.0,1.0,0.0
AC046195.1,0.0,0.0,1.0,1.0,0.0
SLC9A4,0.0,0.0,1.0,1.0,0.0
AC007278.1,0.0,0.0,1.0,1.0,0.0
AC083843.2,0.0,0.0,1.0,1.0,0.0
AC087045.2,0.0,0.0,1.0,1.0,0.0
AC110741.1,0.0,0.0,1.0,1.0,0.0
CCDC13-AS1,0.0,0.0,1.0,1.0,0.0
AC007278.2,0.0,0.0,1.0,1.0,0.0
AF305872.2,0.0,0.0,1.0,1.0,0.0
AC100860.1,0.0,0.0,1.0,1.0,0.0
ANP32D,0.0,0.0,1.0,1.0,0.0
AC024257.4,0.0,0.0,1.0,1.0,0.0
AC004801.5,0.0,0.0,1.0,1.0,0.0
AC008083.2,0.0,0.0,1.0,1.0,0.0
GPR45,0.0,0.0,1.0,1.0,0.0
LINC02416,0.0,0.0,1.0,1.0,0.0
LYPD2,0.0,0.0,1.0,1.0,0.0
AC104655.1,0.0,0.0,1.0,1.0,0.0
AC108002.1,0.0,0.0,1.0,1.0,0.0
ENDOU,0.0,0.0,1.0,1.0,0.0
AC010884.1,0.0,0.0,1.0,1.0,0.0
AC010884.2,0.0,0.0,1.0,1.0,0.0
AL031767.1,0.0,0.0,1.0,1.0,0.0
AC121338.1,0.0,0.0,1.0,1.0,0.0
AC108002.2,0.0,0.0,1.0,1.0,0.0
AC090115.1,0.0,0.0,1.0,1.0,0.0
AP006547.1,0.0,0.0,1.0,1.0,0.0
ADGRB1,0.0,0.0,1.0,1.0,0.0
AC134682.1,0.0,0.0,1.0,1.0,0.0
AC103758.1,0.0,0.0,1.0,1.0,0.0
AC138647.2,0.0,0.0,1.0,1.0,0.0
AC100803.3,0.0,0.0,1.0,1.0,0.0
AC004801.4,0.0,0.0,1.0,1.0,0.0
AC004801.3,0.0,0.0,1.0,1.0,0.0
PANTR1,0.0,0.0,1.0,1.0,0.0
AC011676.3,0.0,0.0,1.0,1.0,0.0
AC024257.5,0.0,0.0,1.0,1.0,0.0
IL18RAP,0.0,0.0,1.0,1.0,0.0
SLA,0.0,0.0,1.0,1.0,0.0
AC099329.1,0.0,0.0,1.0,1.0,0.0
AC091114.1,0.0,0.0,1.0,1.0,0.0
AC018714.2,0.0,0.0,1.0,1.0,0.0
MIR548A1HG,0.0,0.0,1.0,1.0,0.0
AC008147.1,0.0,0.0,1.0,1.0,0.0
AC092042.1,0.0,0.0,1.0,1.0,0.0
AC092042.4,0.0,0.0,1.0,1.0,0.0
TMPRSS12,0.0,0.0,1.0,1.0,0.0
AC084116.3,0.0,0.0,1.0,1.0,0.0
HIGD1C,0.0,0.0,1.0,1.0,0.0
AC087667.1,0.0,0.0,1.0,1.0,0.0
AC024681.2,0.0,0.0,1.0,1.0,0.0
AL513123.1,0.0,0.0,1.0,1.0,0.0
AC092168.3,0.0,0.0,1.0,1.0,0.0
GASK1A,0.0,0.0,1.0,1.0,0.0
TOPAZ1,0.0,0.0,1.0,1.0,0.0
CELA1,0.0,0.0,1.0,1.0,0.0
AC100858.4,0.0,0.0,1.0,1.0,0.0
AC100858.2,0.0,0.0,1.0,1.0,0.0
AC107031.1,0.0,0.0,1.0,1.0,0.0
LINC01104,0.0,0.0,1.0,1.0,0.0
AC068987.1,0.0,0.0,1.0,1.0,0.0
LINC01988,0.0,0.0,1.0,1.0,0.0
C12orf81,0.0,0.0,1.0,1.0,0.0
AC068987.2,0.0,0.0,1.0,1.0,0.0
FIGNL2,0.0,0.0,1.0,1.0,0.0
AL589684.1,0.0,0.0,1.0,1.0,0.0
GPD1,0.0,0.0,1.0,1.0,0.0
AL132775.2,0.0,0.0,1.0,1.0,0.0
ADCY8,0.0,0.0,1.0,1.0,0.0
AC117383.1,0.0,0.0,1.0,1.0,0.0
AL132775.1,0.0,0.0,1.0,1.0,0.0
AC022215.2,0.0,0.0,1.0,1.0,0.0
HPYR1,0.0,0.0,1.0,1.0,0.0
AL158198.1,0.0,0.0,1.0,1.0,0.0
HHLA1,0.0,0.0,1.0,1.0,0.0
IL1RL2,0.0,0.0,1.0,1.0,0.0
IL1R1-AS1,0.0,0.0,1.0,1.0,0.0
AC103726.2,0.0,0.0,1.0,1.0,0.0
AC020612.3,0.0,0.0,1.0,1.0,0.0
LINC01127,0.0,0.0,1.0,1.0,0.0
AC093894.2,0.0,0.0,1.0,1.0,0.0
AC100822.1,0.0,0.0,1.0,1.0,0.0
KRBOX1,0.0,0.0,1.0,1.0,0.0
AC022973.5,0.0,0.0,1.0,1.0,0.0
AC131157.1,0.0,0.0,1.0,1.0,0.0
CYP8B1,0.0,0.0,1.0,1.0,0.0
AL022068.1,0.0,0.0,1.0,1.0,0.0
LINC02396,0.0,0.0,1.0,1.0,0.0
AC025154.2,0.0,0.0,1.0,1.0,0.0
AC103833.2,0.0,0.0,1.0,1.0,0.0
AC093894.1,0.0,0.0,1.0,1.0,0.0
LINC01870,0.0,0.0,1.0,1.0,0.0
RFPL4B,0.0,0.0,1.0,1.0,0.0
AL161781.2,0.0,0.0,1.0,1.0,0.0
LINC01400,0.0,0.0,1.0,1.0,0.0
AL512604.3,0.0,0.0,1.0,1.0,0.0
LINC01986,0.0,0.0,1.0,1.0,0.0
AC068759.1,0.0,0.0,1.0,1.0,0.0
AL359693.1,0.0,0.0,1.0,1.0,0.0
AL078599.2,0.0,0.0,1.0,1.0,0.0
TUBA3E,0.0,0.0,1.0,1.0,0.0
POTEF,0.0,0.0,1.0,1.0,0.0
AC092979.2,0.0,0.0,1.0,1.0,0.0
ASTN2-AS1,0.0,0.0,1.0,1.0,0.0
OR2H2,0.0,0.0,1.0,1.0,0.0
AP002954.1,0.0,0.0,1.0,1.0,0.0
AP002954.2,0.0,0.0,1.0,1.0,0.0
AL691420.1,0.0,0.0,1.0,1.0,0.0
AL355613.1,0.0,0.0,1.0,1.0,0.0
AP004609.1,0.0,0.0,1.0,1.0,0.0
RAB6C,0.0,0.0,1.0,1.0,0.0
UBD,0.0,0.0,1.0,1.0,0.0
TEX48,0.0,0.0,1.0,1.0,0.0
FOXR1,0.0,0.0,1.0,1.0,0.0
TEX53,0.0,0.0,1.0,1.0,0.0
OR2I1P,0.0,0.0,1.0,1.0,0.0
MAS1L,0.0,0.0,1.0,1.0,0.0
ORM1,0.0,0.0,1.0,1.0,0.0
CPB1,0.0,0.0,1.0,1.0,0.0
OR14J1,0.0,0.0,1.0,1.0,0.0
BSPRY,0.0,0.0,1.0,1.0,0.0
RNF183,0.0,0.0,1.0,1.0,0.0
CD3G,0.0,0.0,1.0,1.0,0.0
CD3D,0.0,0.0,1.0,1.0,0.0
CD3E,0.0,0.0,1.0,1.0,0.0
OR1Q1,0.0,0.0,1.0,1.0,0.0
AP006216.1,0.0,0.0,1.0,1.0,0.0
AMER3,0.0,0.0,1.0,1.0,0.0
APOC3,0.0,0.0,1.0,1.0,0.0
AL645939.5,0.0,0.0,1.0,1.0,0.0
OR1K1,0.0,0.0,1.0,1.0,0.0
AC140481.1,0.0,0.0,1.0,1.0,0.0
AC018814.1,0.0,0.0,1.0,1.0,0.0
AP000936.1,0.0,0.0,1.0,1.0,0.0
OR1L4,0.0,0.0,1.0,1.0,0.0
OR1L3,0.0,0.0,1.0,1.0,0.0
OR1B1,0.0,0.0,1.0,1.0,0.0
OR1N2,0.0,0.0,1.0,1.0,0.0
LRRN1,0.0,0.0,1.0,1.0,0.0
AL132875.3,0.0,0.0,1.0,1.0,0.0
POTEJ,0.0,0.0,1.0,1.0,0.0
CNTN4,0.0,0.0,1.0,1.0,0.0
DSCAML1,0.0,0.0,1.0,1.0,0.0
AP000757.1,0.0,0.0,1.0,1.0,0.0
IL10RA,0.0,0.0,1.0,1.0,0.0
TMPRSS4,0.0,0.0,1.0,1.0,0.0
SCN2B,0.0,0.0,1.0,1.0,0.0
AL357936.1,0.0,0.0,1.0,1.0,0.0
JAML,0.0,0.0,1.0,1.0,0.0
AC034195.1,0.0,0.0,1.0,1.0,0.0
LINC02572,0.0,0.0,1.0,1.0,0.0
AL034347.1,0.0,0.0,1.0,1.0,0.0
LINC02857,0.0,0.0,1.0,1.0,0.0
OR10G4,0.0,0.0,1.0,1.0,0.0
AP000755.1,0.0,0.0,1.0,1.0,0.0
AL359182.1,0.0,0.0,1.0,1.0,0.0
OR13D1,0.0,0.0,1.0,1.0,0.0
AL450426.1,0.0,0.0,1.0,1.0,0.0
AL590381.1,0.0,0.0,1.0,1.0,0.0
CYLC2,0.0,0.0,1.0,1.0,0.0
NAALADL2-AS2,0.0,0.0,1.0,1.0,0.0
LINC02727,0.0,0.0,1.0,1.0,0.0
PPP3R2,0.0,0.0,1.0,1.0,0.0
TMEM246,0.0,0.0,1.0,1.0,0.0
AP002765.1,0.0,0.0,1.0,1.0,0.0
LINC01623,0.0,0.0,1.0,1.0,0.0
AL732323.1,0.0,0.0,1.0,1.0,0.0
OR8D1,0.0,0.0,1.0,1.0,0.0
TMEM246-AS1,0.0,0.0,1.0,1.0,0.0
AP001804.1,0.0,0.0,1.0,1.0,0.0
OR8B8,0.0,0.0,1.0,1.0,0.0
OR8B12,0.0,0.0,1.0,1.0,0.0
ALDOB,0.0,0.0,1.0,1.0,0.0
PANX3,0.0,0.0,1.0,1.0,0.0
CPNE9,0.0,0.0,1.0,1.0,0.0
LINC00533,0.0,0.0,1.0,1.0,0.0
AL450338.2,0.0,0.0,1.0,1.0,0.0
AL121932.2,0.0,0.0,1.0,1.0,0.0
AL591506.1,0.0,0.0,1.0,1.0,0.0
AP001924.2,0.0,0.0,1.0,1.0,0.0
SLC46A2,0.0,0.0,1.0,1.0,0.0
TXNDC8,0.0,0.0,1.0,1.0,0.0
AL645937.2,0.0,0.0,1.0,1.0,0.0
GRM7-AS1,0.0,0.0,1.0,1.0,0.0
OR2J3,0.0,0.0,1.0,1.0,0.0
C1QTNF5,0.0,0.0,1.0,1.0,0.0
MFRP,0.0,0.0,1.0,1.0,0.0
OR2J1,0.0,0.0,1.0,1.0,0.0
AP003396.5,0.0,0.0,1.0,1.0,0.0
OR2K2,0.0,0.0,1.0,1.0,0.0
NECTIN1-AS1,0.0,0.0,1.0,1.0,0.0
AL162414.1,0.0,0.0,1.0,1.0,0.0
AP001360.2,0.0,0.0,1.0,1.0,0.0
TRIM29,0.0,0.0,1.0,1.0,0.0
AP001924.1,0.0,0.0,1.0,1.0,0.0
SSUH2,0.0,0.0,1.0,1.0,0.0
AP000679.1,0.0,0.0,1.0,1.0,0.0
CAV3,0.0,0.0,1.0,1.0,0.0
ACTL7A,0.0,0.0,1.0,1.0,0.0
ACTL7B,0.0,0.0,1.0,1.0,0.0
AL662791.2,0.0,0.0,1.0,1.0,0.0
AL353742.1,0.0,0.0,1.0,1.0,0.0
SRGAP3-AS3,0.0,0.0,1.0,1.0,0.0
AL807761.3,0.0,0.0,1.0,1.0,0.0
SRGAP3-AS4,0.0,0.0,1.0,1.0,0.0
NAALADL2-AS3,0.0,0.0,1.0,1.0,0.0
AC087430.1,0.0,0.0,1.0,1.0,0.0
GPR21,0.0,0.0,1.0,1.0,0.0
LINC01627,0.0,0.0,1.0,1.0,0.0
LINC02151,0.0,0.0,1.0,1.0,0.0
CARD17,0.0,0.0,1.0,1.0,0.0
AC124862.1,0.0,0.0,1.0,1.0,0.0
CARD18,0.0,0.0,1.0,1.0,0.0
TMEM212-IT1,0.0,0.0,1.0,1.0,0.0
NCKAP5-AS1,0.0,0.0,1.0,1.0,0.0
AGXT,0.0,0.0,1.0,1.0,0.0
MAB21L4,0.0,0.0,1.0,1.0,0.0
LINC02719,0.0,0.0,1.0,1.0,0.0
AC010974.1,0.0,0.0,1.0,1.0,0.0
AC104809.2,0.0,0.0,1.0,1.0,0.0
AL356481.3,0.0,0.0,1.0,1.0,0.0
AC055714.1,0.0,0.0,1.0,1.0,0.0
RAB39A,0.0,0.0,1.0,1.0,0.0
GPR39,0.0,0.0,1.0,1.0,0.0
TM4SF4,0.0,0.0,1.0,1.0,0.0
AC104809.1,0.0,0.0,1.0,1.0,0.0
ANKRD30BL,0.0,0.0,1.0,1.0,0.0
AP003027.1,0.0,0.0,1.0,1.0,0.0
AP003049.2,0.0,0.0,1.0,1.0,0.0
AL359091.1,0.0,0.0,1.0,1.0,0.0
LINC02715,0.0,0.0,1.0,1.0,0.0
AL445465.2,0.0,0.0,1.0,1.0,0.0
AC093585.1,0.0,0.0,1.0,1.0,0.0
AL662873.1,0.0,0.0,1.0,1.0,0.0
AC108751.4,0.0,0.0,1.0,1.0,0.0
CASP5,0.0,0.0,1.0,1.0,0.0
COL12A1,0.0,0.0,1.0,1.0,0.0
AP003043.1,0.0,0.0,1.0,1.0,0.0
AL353803.1,0.0,0.0,1.0,1.0,0.0
CXCR4,0.0,0.0,1.0,1.0,0.0
AC068492.1,0.0,0.0,1.0,1.0,0.0
AP000779.1,0.0,0.0,1.0,1.0,0.0
AC017028.2,0.0,0.0,1.0,1.0,0.0
AP003066.1,0.0,0.0,1.0,1.0,0.0
LCT,0.0,0.0,1.0,1.0,0.0
OOEP-AS1,0.0,0.0,1.0,1.0,0.0
PGR,0.0,0.0,1.0,1.0,0.0
PGR-AS1,0.0,0.0,1.0,1.0,0.0
TRPC6,0.0,0.0,1.0,1.0,0.0
ANGPTL5,0.0,0.0,1.0,1.0,0.0
TMEM212-AS1,0.0,0.0,1.0,1.0,0.0
AL356277.3,0.0,0.0,1.0,1.0,0.0
AL353803.2,0.0,0.0,1.0,1.0,0.0
AL161785.1,0.0,0.0,1.0,1.0,0.0
AL161785.3,0.0,0.0,1.0,1.0,0.0
AL161785.2,0.0,0.0,1.0,1.0,0.0
OTOS,0.0,0.0,1.0,1.0,0.0
ACMSD,0.0,0.0,1.0,1.0,0.0
MMP8,0.0,0.0,1.0,1.0,0.0
AC110619.1,0.0,0.0,1.0,1.0,0.0
MMP3,0.0,0.0,1.0,1.0,0.0
MMP13,0.0,0.0,1.0,1.0,0.0
AC011243.1,0.0,0.0,1.0,1.0,0.0
GHSR,0.0,0.0,1.0,1.0,0.0
AJ239322.2,0.0,0.0,1.0,1.0,0.0
LINC01087,0.0,0.0,1.0,1.0,0.0
AP003170.3,0.0,0.0,1.0,1.0,0.0
AC108667.2,0.0,0.0,1.0,1.0,0.0
RAB6D,0.0,0.0,1.0,1.0,0.0
WDR38,0.0,0.0,1.0,1.0,0.0
LINC02763,0.0,0.0,1.0,1.0,0.0
AP003100.2,0.0,0.0,1.0,1.0,0.0
AL354928.1,0.0,0.0,1.0,1.0,0.0
AP000802.1,0.0,0.0,1.0,1.0,0.0
AL162724.2,0.0,0.0,1.0,1.0,0.0
NCAM1,0.0,0.0,1.0,1.0,0.0
AC006450.2,0.0,0.0,1.0,1.0,0.0
LHX2,0.0,0.0,1.0,1.0,0.0
SPATA16,0.0,0.0,1.0,1.0,0.0
AC093642.7,0.0,0.0,1.0,1.0,0.0
AP002755.1,0.0,0.0,1.0,1.0,0.0
AP002518.2,0.0,0.0,1.0,1.0,0.0
AL390774.2,0.0,0.0,1.0,1.0,0.0
LINC01880,0.0,0.0,1.0,1.0,0.0
AL645929.2,0.0,0.0,1.0,1.0,0.0
AC133785.1,0.0,0.0,1.0,1.0,0.0
NXPE1,0.0,0.0,1.0,1.0,0.0
NXPE4,0.0,0.0,1.0,1.0,0.0
NXPE2,0.0,0.0,1.0,1.0,0.0
CADM1,0.0,0.0,1.0,1.0,0.0
AP000997.2,0.0,0.0,1.0,1.0,0.0
PLET1,0.0,0.0,1.0,1.0,0.0
LCAL1,0.0,0.0,1.0,1.0,0.0
AP003973.3,0.0,0.0,1.0,1.0,0.0
AC005104.1,0.0,0.0,1.0,1.0,0.0
COLCA1,0.0,0.0,1.0,1.0,0.0
AP002008.3,0.0,0.0,1.0,1.0,0.0
LCN2,0.0,0.0,1.0,1.0,0.0
BTG4,0.0,0.0,1.0,1.0,0.0
AP002008.4,0.0,0.0,1.0,1.0,0.0
C11orf88,0.0,0.0,1.0,1.0,0.0
AL360268.1,0.0,0.0,1.0,1.0,0.0
AP001781.1,0.0,0.0,1.0,1.0,0.0
AL360268.2,0.0,0.0,1.0,1.0,0.0
TRIM10,0.0,0.0,1.0,1.0,0.0
AL591030.1,0.0,0.0,1.0,1.0,0.0
AC005104.3,0.0,0.0,1.0,1.0,0.0
AP002884.1,0.0,0.0,1.0,1.0,0.0
AC114730.3,0.0,0.0,1.0,1.0,0.0
HSPB2,0.0,0.0,1.0,1.0,0.0
TRIM31-AS1,0.0,0.0,1.0,1.0,0.0
AC114730.1,0.0,0.0,1.0,1.0,0.0
LMX1B,0.0,0.0,1.0,1.0,0.0
AL356309.2,0.0,0.0,1.0,1.0,0.0
GAL3ST2,0.0,0.0,1.0,1.0,0.0
HLTF-AS1,0.0,0.0,1.0,1.0,0.0
NEU4,0.0,0.0,1.0,1.0,0.0
AC131097.3,0.0,0.0,1.0,1.0,0.0
FAM240C,0.0,0.0,1.0,1.0,0.0
NR4A3,0.0,0.0,1.0,1.0,0.0
AL162394.1,0.0,0.0,1.0,1.0,0.0
AC110926.2,0.0,0.0,1.0,1.0,0.0
CGA,0.0,0.0,1.0,1.0,0.0
CD27,0.0,0.0,1.0,1.0,0.0
C9orf135,0.0,0.0,1.0,1.0,0.0
C9orf135-DT,0.0,0.0,1.0,1.0,0.0
AC017074.1,0.0,0.0,1.0,1.0,0.0
LINC02011,0.0,0.0,1.0,1.0,0.0
AL078621.4,0.0,0.0,1.0,1.0,0.0
LINC01961,0.0,0.0,1.0,1.0,0.0
AL353693.1,0.0,0.0,1.0,1.0,0.0
FOXD4L1,0.0,0.0,1.0,1.0,0.0
BANCR,0.0,0.0,1.0,1.0,0.0
HIST1H4I,0.0,0.0,1.0,1.0,0.0
PRKACG,0.0,0.0,1.0,1.0,0.0
PIP5K1B,0.0,0.0,1.0,1.0,0.0
AC125494.3,0.0,0.0,1.0,1.0,0.0
PGM5-AS1,0.0,0.0,1.0,1.0,0.0
FUT9,0.0,0.0,1.0,1.0,0.0
AC016745.1,0.0,0.0,1.0,1.0,0.0
AL353608.3,0.0,0.0,1.0,1.0,0.0
AL353608.2,0.0,0.0,1.0,1.0,0.0
FHL5,0.0,0.0,1.0,1.0,0.0
IL36A,0.0,0.0,1.0,1.0,0.0
AL353770.3,0.0,0.0,1.0,1.0,0.0
U47924.1,0.0,0.0,1.0,1.0,0.0
LINC02010,0.0,0.0,1.0,1.0,0.0
POU3F2,0.0,0.0,1.0,1.0,0.0
AC087591.1,0.0,0.0,1.0,1.0,0.0
C3orf20,0.0,0.0,1.0,1.0,0.0
AC090952.1,0.0,0.0,1.0,1.0,0.0
LINC02827,0.0,0.0,1.0,1.0,0.0
AL512634.1,0.0,0.0,1.0,1.0,0.0
GNA14-AS1,0.0,0.0,1.0,1.0,0.0
AL590814.1,0.0,0.0,1.0,1.0,0.0
C1QL2,0.0,0.0,1.0,1.0,0.0
AC090004.2,0.0,0.0,1.0,1.0,0.0
VPS13A-AS1,0.0,0.0,1.0,1.0,0.0
FOXB2,0.0,0.0,1.0,1.0,0.0
TEX52,0.0,0.0,1.0,1.0,0.0
AL133457.1,0.0,0.0,1.0,1.0,0.0
AL353780.1,0.0,0.0,1.0,1.0,0.0
RORB,0.0,0.0,1.0,1.0,0.0
LINC02417,0.0,0.0,1.0,1.0,0.0
AC090952.2,0.0,0.0,1.0,1.0,0.0
PRMT8,0.0,0.0,1.0,1.0,0.0
AC009303.3,0.0,0.0,1.0,1.0,0.0
AC084375.1,0.0,0.0,1.0,1.0,0.0
CCND2-AS1,0.0,0.0,1.0,1.0,0.0
RORB-AS1,0.0,0.0,1.0,1.0,0.0
ALDH1A1,0.0,0.0,1.0,1.0,0.0
DPP10-AS1,0.0,0.0,1.0,1.0,0.0
AC005832.1,0.0,0.0,1.0,1.0,0.0
AC093610.1,0.0,0.0,1.0,1.0,0.0
AL135924.2,0.0,0.0,1.0,1.0,0.0
C9orf57,0.0,0.0,1.0,1.0,0.0
AC026355.3,0.0,0.0,1.0,1.0,0.0
AL512625.2,0.0,0.0,1.0,1.0,0.0
PLSCR5,0.0,0.0,1.0,1.0,0.0
IGFBPL1,0.0,0.0,1.0,1.0,0.0
AC006581.1,0.0,0.0,1.0,1.0,0.0
PRDM13,0.0,0.0,1.0,1.0,0.0
PZP,0.0,0.0,1.0,1.0,0.0
BX005214.2,0.0,0.0,1.0,1.0,0.0
FAM74A1,0.0,0.0,1.0,1.0,0.0
KLRB1,0.0,0.0,1.0,1.0,0.0
AC010186.1,0.0,0.0,1.0,1.0,0.0
CLECL1,0.0,0.0,1.0,1.0,0.0
SPATA31A1,0.0,0.0,1.0,1.0,0.0
MCHR2,0.0,0.0,1.0,1.0,0.0
FAM240B,0.0,0.0,1.0,1.0,0.0
AC090953.2,0.0,0.0,1.0,1.0,0.0
FOXD4L6,0.0,0.0,1.0,1.0,0.0
CLEC2A,0.0,0.0,1.0,1.0,0.0
LINC02470,0.0,0.0,1.0,1.0,0.0
CLEC12A-AS1,0.0,0.0,1.0,1.0,0.0
CLEC1B,0.0,0.0,1.0,1.0,0.0
AC024224.2,0.0,0.0,1.0,1.0,0.0
Z86062.2,0.0,0.0,1.0,1.0,0.0
CLEC9A,0.0,0.0,1.0,1.0,0.0
CLEC1A,0.0,0.0,1.0,1.0,0.0
CLEC7A,0.0,0.0,1.0,1.0,0.0
OLR1,0.0,0.0,1.0,1.0,0.0
TMEM52B,0.0,0.0,1.0,1.0,0.0
BX255923.2,0.0,0.0,1.0,1.0,0.0
BTN1A1,0.0,0.0,1.0,1.0,0.0
AC026355.2,0.0,0.0,1.0,1.0,0.0
AL935212.1,0.0,0.0,1.0,1.0,0.0
AC018653.1,0.0,0.0,1.0,1.0,0.0
ACSM4,0.0,0.0,1.0,1.0,0.0
LINC01189,0.0,0.0,1.0,1.0,0.0
AC012442.2,0.0,0.0,1.0,1.0,0.0
DPPA3,0.0,0.0,1.0,1.0,0.0
AL590399.5,0.0,0.0,1.0,1.0,0.0
CLEC4C,0.0,0.0,1.0,1.0,0.0
NANOGNB,0.0,0.0,1.0,1.0,0.0
FAM242E,0.0,0.0,1.0,1.0,0.0
SLC2A14,0.0,0.0,1.0,1.0,0.0
AL391987.4,0.0,0.0,1.0,1.0,0.0
AC027129.1,0.0,0.0,1.0,1.0,0.0
A2ML1-AS2,0.0,0.0,1.0,1.0,0.0
LINC02015,0.0,0.0,1.0,1.0,0.0
BX005040.3,0.0,0.0,1.0,1.0,0.0
ZNF705A,0.0,0.0,1.0,1.0,0.0
BX664718.1,0.0,0.0,1.0,1.0,0.0
BX088651.2,0.0,0.0,1.0,1.0,0.0
AL445584.2,0.0,0.0,1.0,1.0,0.0
AC007953.2,0.0,0.0,1.0,1.0,0.0
AC092745.1,0.0,0.0,1.0,1.0,0.0
SPATA31A6,0.0,0.0,1.0,1.0,0.0
CLEC4D,0.0,0.0,1.0,1.0,0.0
FAM242F,0.0,0.0,1.0,1.0,0.0
HIST1H2BM,0.0,0.0,1.0,1.0,0.0
CACNA1C-AS1,0.0,0.0,1.0,1.0,0.0
LNCARSR,0.0,0.0,1.0,1.0,0.0
AL583839.1,0.0,0.0,1.0,1.0,0.0
AL354861.3,0.0,0.0,1.0,1.0,0.0
AP001318.1,0.0,0.0,1.0,1.0,0.0
LINC02032,0.0,0.0,1.0,1.0,0.0
AL354861.2,0.0,0.0,1.0,1.0,0.0
AL161729.4,0.0,0.0,1.0,1.0,0.0
AL161729.2,0.0,0.0,1.0,1.0,0.0
AL353135.1,0.0,0.0,1.0,1.0,0.0
AL353768.2,0.0,0.0,1.0,1.0,0.0
ATP2B2,0.0,0.0,1.0,1.0,0.0
FBP2,0.0,0.0,1.0,1.0,0.0
BARX1,0.0,0.0,1.0,1.0,0.0
TFCP2L1,0.0,0.0,1.0,1.0,0.0
AL449403.1,0.0,0.0,1.0,1.0,0.0
KIRREL3,0.0,0.0,1.0,1.0,0.0
AP001783.1,0.0,0.0,1.0,1.0,0.0
WNK2,0.0,0.0,1.0,1.0,0.0
AL390760.1,0.0,0.0,1.0,1.0,0.0
AP001993.1,0.0,0.0,1.0,1.0,0.0
AL451065.1,0.0,0.0,1.0,1.0,0.0
LINC02712,0.0,0.0,1.0,1.0,0.0
SUSD3,0.0,0.0,1.0,1.0,0.0
LINC02098,0.0,0.0,1.0,1.0,0.0
AP001122.1,0.0,0.0,1.0,1.0,0.0
AC018866.1,0.0,0.0,1.0,1.0,0.0
AL139042.1,0.0,0.0,1.0,1.0,0.0
HSD17B3,0.0,0.0,1.0,1.0,0.0
AC092958.4,0.0,0.0,1.0,1.0,0.0
AP001007.3,0.0,0.0,1.0,1.0,0.0
AL359710.1,0.0,0.0,1.0,1.0,0.0
AL137067.3,0.0,0.0,1.0,1.0,0.0
AC008180.2,0.0,0.0,1.0,1.0,0.0
NAMA,0.0,0.0,1.0,1.0,0.0
AC012508.3,0.0,0.0,1.0,1.0,0.0
AL354726.1,0.0,0.0,1.0,1.0,0.0
HEMGN,0.0,0.0,1.0,1.0,0.0
Z98745.1,0.0,0.0,1.0,1.0,0.0
Z98745.2,0.0,0.0,1.0,1.0,0.0
AL162385.1,0.0,0.0,1.0,1.0,0.0
NAALADL2-AS1,0.0,0.0,1.0,1.0,0.0
AC019159.2,0.0,0.0,1.0,1.0,0.0
AL160269.1,0.0,0.0,1.0,1.0,0.0
AL590705.3,0.0,0.0,1.0,1.0,0.0
AGTR1,0.0,0.0,1.0,1.0,0.0
NUTM2G,0.0,0.0,1.0,1.0,0.0
PATE1,0.0,0.0,1.0,1.0,0.0
PATE3,0.0,0.0,1.0,1.0,0.0
AC069410.1,0.0,0.0,1.0,1.0,0.0
AL133477.3,0.0,0.0,1.0,1.0,0.0
LINC02046,0.0,0.0,1.0,1.0,0.0
LINC01823,0.0,0.0,1.0,1.0,0.0
VSIG10L2,0.0,0.0,1.0,1.0,0.0
HSD17B3-AS1,0.0,0.0,1.0,1.0,0.0
KCNJ1,0.0,0.0,1.0,1.0,0.0
AP003327.2,0.0,0.0,1.0,1.0,0.0
CACNA1C-IT2,0.0,0.0,1.0,1.0,0.0
AC004672.2,0.0,0.0,1.0,1.0,0.0
AC026369.1,0.0,0.0,1.0,1.0,0.0
AC007406.2,0.0,0.0,1.0,1.0,0.0
ZIC4-AS1,0.0,0.0,1.0,1.0,0.0
AL583827.1,0.0,0.0,1.0,1.0,0.0
NTRK2,0.0,0.0,1.0,1.0,0.0
AL356134.1,0.0,0.0,1.0,1.0,0.0
OR2B6,0.0,0.0,1.0,1.0,0.0
SLC28A3,0.0,0.0,1.0,1.0,0.0
HIST1H3J,0.0,0.0,1.0,1.0,0.0
AC013275.1,0.0,0.0,1.0,1.0,0.0
AC004672.1,0.0,0.0,1.0,1.0,0.0
WNT5B,0.0,0.0,1.0,1.0,0.0
LINC02717,0.0,0.0,1.0,1.0,0.0
AL354733.1,0.0,0.0,1.0,1.0,0.0
HDAC11-AS1,0.0,0.0,1.0,1.0,0.0
FBLN2,0.0,0.0,1.0,1.0,0.0
SCTR,0.0,0.0,1.0,1.0,0.0
AL499602.1,0.0,0.0,1.0,1.0,0.0
AC005343.4,0.0,0.0,1.0,1.0,0.0
LRTM2,0.0,0.0,1.0,1.0,0.0
WNT7A,0.0,0.0,1.0,1.0,0.0
AL138749.1,0.0,0.0,1.0,1.0,0.0
AC117465.1,0.0,0.0,1.0,1.0,0.0
CACNA1C,0.0,0.0,1.0,1.0,0.0
FAM138D,0.0,0.0,1.0,1.0,0.0
AP004608.1,0.0,0.0,1.0,1.0,0.0
AC092958.1,0.0,0.0,1.0,1.0,0.0
AL353572.3,0.0,0.0,1.0,1.0,0.0
AC073257.1,0.0,0.0,1.0,1.0,0.0
AC073257.2,0.0,0.0,1.0,1.0,0.0
ROR2,0.0,0.0,1.0,1.0,0.0
LINC00484,0.0,0.0,1.0,1.0,0.0
AL355607.2,0.0,0.0,1.0,1.0,0.0
LINC01508,0.0,0.0,1.0,1.0,0.0
ST14,0.0,0.0,1.0,1.0,0.0
ADAMTS8,0.0,0.0,1.0,1.0,0.0
MIR4290HG,0.0,0.0,1.0,1.0,0.0
GJA10,0.0,0.0,1.0,1.0,0.0
AL390791.1,0.0,0.0,1.0,1.0,0.0
AP000844.1,0.0,0.0,1.0,1.0,0.0
AL158828.1,0.0,0.0,1.0,1.0,0.0
NTM-IT,0.0,0.0,1.0,1.0,0.0
IGSF9B,0.0,0.0,1.0,1.0,0.0
AP000911.1,0.0,0.0,1.0,1.0,0.0
SPATA31E1,0.0,0.0,1.0,1.0,0.0
AC012363.2,0.0,0.0,1.0,1.0,0.0
AP001775.2,0.0,0.0,1.0,1.0,0.0
AL772337.2,0.0,0.0,1.0,1.0,0.0
B3GAT1,0.0,0.0,1.0,1.0,0.0
AL353752.2,0.0,0.0,1.0,1.0,0.0
GAS1RR,0.0,0.0,1.0,1.0,0.0
GAS1,0.0,0.0,1.0,1.0,0.0
AL162632.3,0.0,0.0,1.0,1.0,0.0
AC007325.2,0.0,0.0,1.0,1.0,0.0
LINC02303,0.0,0.0,1.0,1.0,0.0
AC044840.1,0.0,0.0,1.0,1.0,0.0
PPIAL4H,0.0,0.0,1.0,1.0,0.0
AC090246.1,0.0,0.0,1.0,1.0,0.0
UGT3A1,0.0,0.0,1.0,1.0,0.0
UGT3A2,0.0,0.0,1.0,1.0,0.0
AC244394.2,0.0,0.0,1.0,1.0,0.0
LINC02837,0.0,0.0,1.0,1.0,0.0
AC100778.4,0.0,0.0,1.0,1.0,0.0
AC016866.2,0.0,0.0,1.0,1.0,0.0
AC016383.2,0.0,0.0,1.0,1.0,0.0
AC016866.1,0.0,0.0,1.0,1.0,0.0
AC093567.1,0.0,0.0,1.0,1.0,0.0
AC048380.1,0.0,0.0,1.0,1.0,0.0
AC105101.2,0.0,0.0,1.0,1.0,0.0
ZBTB7C,0.0,0.0,1.0,1.0,0.0
AC102797.1,0.0,0.0,1.0,1.0,0.0
SKOR2,0.0,0.0,1.0,1.0,0.0
PRLR,0.0,0.0,1.0,1.0,0.0
LINC01919,0.0,0.0,1.0,1.0,0.0
AC138409.3,0.0,0.0,1.0,1.0,0.0
AC009271.2,0.0,0.0,1.0,1.0,0.0
AC107896.1,0.0,0.0,1.0,1.0,0.0
LINC01897,0.0,0.0,1.0,1.0,0.0
AC090340.1,0.0,0.0,1.0,1.0,0.0
ST8SIA3,0.0,0.0,1.0,1.0,0.0
BOD1L2,0.0,0.0,1.0,1.0,0.0
LINC-ROR,0.0,0.0,1.0,1.0,0.0
LINC01905,0.0,0.0,1.0,1.0,0.0
LGI2,0.0,0.0,1.0,1.0,0.0
DYNAP,0.0,0.0,1.0,1.0,0.0
LINC01416,0.0,0.0,1.0,1.0,0.0
AC027584.1,0.0,0.0,1.0,1.0,0.0
AC022031.1,0.0,0.0,1.0,1.0,0.0
AC022031.2,0.0,0.0,1.0,1.0,0.0
TCF4-AS1,0.0,0.0,1.0,1.0,0.0
HJV,0.0,0.0,1.0,1.0,0.0
AGXT2,0.0,0.0,1.0,1.0,0.0
GJA5,0.0,0.0,1.0,1.0,0.0
NADK2-AS1,0.0,0.0,1.0,1.0,0.0
AC012254.1,0.0,0.0,1.0,1.0,0.0
TTR,0.0,0.0,1.0,1.0,0.0
AC068506.1,0.0,0.0,1.0,1.0,0.0
DTNA,0.0,0.0,1.0,1.0,0.0
NOL4,0.0,0.0,1.0,1.0,0.0
AC091198.1,0.0,0.0,1.0,1.0,0.0
CCDC178,0.0,0.0,1.0,1.0,0.0
LINC02117,0.0,0.0,1.0,1.0,0.0
LINC02119,0.0,0.0,1.0,1.0,0.0
DSG2-AS1,0.0,0.0,1.0,1.0,0.0
ELOA2,0.0,0.0,1.0,1.0,0.0
EGFLAM-AS4,0.0,0.0,1.0,1.0,0.0
DSG3,0.0,0.0,1.0,1.0,0.0
DSC1,0.0,0.0,1.0,1.0,0.0
DSC2,0.0,0.0,1.0,1.0,0.0
AC115100.1,0.0,0.0,1.0,1.0,0.0
AC117569.1,0.0,0.0,1.0,1.0,0.0
AC090365.1,0.0,0.0,1.0,1.0,0.0
GDNF,0.0,0.0,1.0,1.0,0.0
AC245100.6,0.0,0.0,1.0,1.0,0.0
AC245100.1,0.0,0.0,1.0,1.0,0.0
LINC01731,0.0,0.0,1.0,1.0,0.0
ELOA3,0.0,0.0,1.0,1.0,0.0
AC241644.2,0.0,0.0,1.0,1.0,0.0
LOXHD1,0.0,0.0,1.0,1.0,0.0
AC008957.2,0.0,0.0,1.0,1.0,0.0
GJA8,0.0,0.0,1.0,1.0,0.0
AC023421.2,0.0,0.0,1.0,1.0,0.0
AC091151.5,0.0,0.0,1.0,1.0,0.0
AC021517.1,0.0,0.0,1.0,1.0,0.0
AC084335.1,0.0,0.0,1.0,1.0,0.0
AC087683.3,0.0,0.0,1.0,1.0,0.0
AC079052.1,0.0,0.0,1.0,1.0,0.0
LINC01477,0.0,0.0,1.0,1.0,0.0
AC011139.1,0.0,0.0,1.0,1.0,0.0
AC016493.1,0.0,0.0,1.0,1.0,0.0
AC239809.3,0.0,0.0,1.0,1.0,0.0
AC090236.1,0.0,0.0,1.0,1.0,0.0
ALPK2,0.0,0.0,1.0,1.0,0.0
AC090936.1,0.0,0.0,1.0,1.0,0.0
SLC34A2,0.0,0.0,1.0,1.0,0.0
AC099499.2,0.0,0.0,1.0,1.0,0.0
AC100863.1,0.0,0.0,1.0,1.0,0.0
AC113370.1,0.0,0.0,1.0,1.0,0.0
AC025475.2,0.0,0.0,1.0,1.0,0.0
AC093330.3,0.0,0.0,1.0,1.0,0.0
LINC02591,0.0,0.0,1.0,1.0,0.0
AC008825.1,0.0,0.0,1.0,1.0,0.0
LINC01879,0.0,0.0,1.0,1.0,0.0
LINC02228,0.0,0.0,1.0,1.0,0.0
AC034110.1,0.0,0.0,1.0,1.0,0.0
AC112172.2,0.0,0.0,1.0,1.0,0.0
LINC02064,0.0,0.0,1.0,1.0,0.0
AC009716.1,0.0,0.0,1.0,1.0,0.0
AC103808.1,0.0,0.0,1.0,1.0,0.0
AC012101.2,0.0,0.0,1.0,1.0,0.0
AC116003.3,0.0,0.0,1.0,1.0,0.0
AC124254.2,0.0,0.0,1.0,1.0,0.0
AC023090.1,0.0,0.0,1.0,1.0,0.0
AC040963.1,0.0,0.0,1.0,1.0,0.0
OR4F17,0.0,0.0,1.0,1.0,0.0
CDH12,0.0,0.0,1.0,1.0,0.0
AC091938.1,0.0,0.0,1.0,1.0,0.0
FCGR1B,0.0,0.0,1.0,1.0,0.0
AC244453.2,0.0,0.0,1.0,1.0,0.0
AC114930.1,0.0,0.0,1.0,1.0,0.0
CDH10,0.0,0.0,1.0,1.0,0.0
AC244453.1,0.0,0.0,1.0,1.0,0.0
AC091885.2,0.0,0.0,1.0,1.0,0.0
AC239800.2,0.0,0.0,1.0,1.0,0.0
SRGAP2-AS1,0.0,0.0,1.0,1.0,0.0
AC106821.2,0.0,0.0,1.0,1.0,0.0
KCNG2,0.0,0.0,1.0,1.0,0.0
AC068473.2,0.0,0.0,1.0,1.0,0.0
AL592494.1,0.0,0.0,1.0,1.0,0.0
AL592494.2,0.0,0.0,1.0,1.0,0.0
AC018445.1,0.0,0.0,1.0,1.0,0.0
IGKV1OR1-1,0.0,0.0,1.0,1.0,0.0
AC009704.1,0.0,0.0,1.0,1.0,0.0
DIPK1C,0.0,0.0,1.0,1.0,0.0
LINC02160,0.0,0.0,1.0,1.0,0.0
AC008766.1,0.0,0.0,1.0,1.0,0.0
SERPINB11,0.0,0.0,1.0,1.0,0.0
AC022726.2,0.0,0.0,1.0,1.0,0.0
AC022726.1,0.0,0.0,1.0,1.0,0.0
AC034223.1,0.0,0.0,1.0,1.0,0.0
AC034223.2,0.0,0.0,1.0,1.0,0.0
AC027514.2,0.0,0.0,1.0,1.0,0.0
LINC01544,0.0,0.0,1.0,1.0,0.0
AC090398.2,0.0,0.0,1.0,1.0,0.0
AC105094.1,0.0,0.0,1.0,1.0,0.0
ADAMTS12,0.0,0.0,1.0,1.0,0.0
AC090621.1,0.0,0.0,1.0,1.0,0.0
AC090771.2,0.0,0.0,1.0,1.0,0.0
SLC45A2,0.0,0.0,1.0,1.0,0.0
AC016229.2,0.0,0.0,1.0,1.0,0.0
CPLX4,0.0,0.0,1.0,1.0,0.0
SERPINB10,0.0,0.0,1.0,1.0,0.0
LINC01924,0.0,0.0,1.0,1.0,0.0
LINC01538,0.0,0.0,1.0,1.0,0.0
AC090358.1,0.0,0.0,1.0,1.0,0.0
AC090398.1,0.0,0.0,1.0,1.0,0.0
AC079070.1,0.0,0.0,1.0,1.0,0.0
LINC01541,0.0,0.0,1.0,1.0,0.0
AC090415.2,0.0,0.0,1.0,1.0,0.0
AC091646.1,0.0,0.0,1.0,1.0,0.0
AC105290.1,0.0,0.0,1.0,1.0,0.0
AC021701.1,0.0,0.0,1.0,1.0,0.0
AC119868.2,0.0,0.0,1.0,1.0,0.0
DOK6,0.0,0.0,1.0,1.0,0.0
AC090337.2,0.0,0.0,1.0,1.0,0.0
AC096708.2,0.0,0.0,1.0,1.0,0.0
AC104662.1,0.0,0.0,1.0,1.0,0.0
LINC01903,0.0,0.0,1.0,1.0,0.0
AC110597.3,0.0,0.0,1.0,1.0,0.0
CDH19,0.0,0.0,1.0,1.0,0.0
EGFLAM-AS2,0.0,0.0,1.0,1.0,0.0
LINC01908,0.0,0.0,1.0,1.0,0.0
AC108477.2,0.0,0.0,1.0,1.0,0.0
AL589765.7,0.0,0.0,1.0,1.0,0.0
AC024230.1,0.0,0.0,1.0,1.0,0.0
AC145207.7,0.0,0.0,1.0,1.0,0.0
NOTUM,0.0,0.0,1.0,1.0,0.0
AC145207.1,0.0,0.0,1.0,1.0,0.0
MYADML2,0.0,0.0,1.0,1.0,0.0
CCL28,0.0,0.0,1.0,1.0,0.0
RIIAD1,0.0,0.0,1.0,1.0,0.0
PPP1R27,0.0,0.0,1.0,1.0,0.0
AC129510.2,0.0,0.0,1.0,1.0,0.0
GCGR,0.0,0.0,1.0,1.0,0.0
LINGO4,0.0,0.0,1.0,1.0,0.0
RORC,0.0,0.0,1.0,1.0,0.0
C2CD4D,0.0,0.0,1.0,1.0,0.0
AC139149.1,0.0,0.0,1.0,1.0,0.0
AC110285.4,0.0,0.0,1.0,1.0,0.0
AC110285.3,0.0,0.0,1.0,1.0,0.0
AC129510.1,0.0,0.0,1.0,1.0,0.0
SELENBP1,0.0,0.0,1.0,1.0,0.0
AP000829.1,0.0,0.0,1.0,1.0,0.0
AC108099.1,0.0,0.0,1.0,1.0,0.0
ADCYAP1,0.0,0.0,1.0,1.0,0.0
AP000894.2,0.0,0.0,1.0,1.0,0.0
AC034222.2,0.0,0.0,1.0,1.0,0.0
ANXA9,0.0,0.0,1.0,1.0,0.0
AP001178.1,0.0,0.0,1.0,1.0,0.0
CLUL1,0.0,0.0,1.0,1.0,0.0
LINC01925,0.0,0.0,1.0,1.0,0.0
AP005530.1,0.0,0.0,1.0,1.0,0.0
AC132938.1,0.0,0.0,1.0,1.0,0.0
AC139099.1,0.0,0.0,1.0,1.0,0.0
AC144831.1,0.0,0.0,1.0,1.0,0.0
AC130371.1,0.0,0.0,1.0,1.0,0.0
AC008945.1,0.0,0.0,1.0,1.0,0.0
AC024361.3,0.0,0.0,1.0,1.0,0.0
TMOD4,0.0,0.0,1.0,1.0,0.0
AL391069.1,0.0,0.0,1.0,1.0,0.0
C2CD4D-AS1,0.0,0.0,1.0,1.0,0.0
THEM5,0.0,0.0,1.0,1.0,0.0
AC027601.3,0.0,0.0,1.0,1.0,0.0
S100A7,0.0,0.0,1.0,1.0,0.0
AC106894.1,0.0,0.0,1.0,1.0,0.0
LCE5A,0.0,0.0,1.0,1.0,0.0
CRCT1,0.0,0.0,1.0,1.0,0.0
LCE1C,0.0,0.0,1.0,1.0,0.0
LCE1B,0.0,0.0,1.0,1.0,0.0
TMEM235,0.0,0.0,1.0,1.0,0.0
LINC01527,0.0,0.0,1.0,1.0,0.0
LINC01973,0.0,0.0,1.0,1.0,0.0
AC093297.1,0.0,0.0,1.0,1.0,0.0
AC021683.5,0.0,0.0,1.0,1.0,0.0
AC021683.6,0.0,0.0,1.0,1.0,0.0
AC111182.2,0.0,0.0,1.0,1.0,0.0
AC068594.1,0.0,0.0,1.0,1.0,0.0
S100A14,0.0,0.0,1.0,1.0,0.0
LINC01033,0.0,0.0,1.0,1.0,0.0
AC015802.7,0.0,0.0,1.0,1.0,0.0
AC025180.1,0.0,0.0,1.0,1.0,0.0
AC100791.2,0.0,0.0,1.0,1.0,0.0
LINC01979,0.0,0.0,1.0,1.0,0.0
ISL1,0.0,0.0,1.0,1.0,0.0
AL450992.3,0.0,0.0,1.0,1.0,0.0
AC114954.1,0.0,0.0,1.0,1.0,0.0
AC127496.3,0.0,0.0,1.0,1.0,0.0
HCN1,0.0,0.0,1.0,1.0,0.0
EMB,0.0,0.0,1.0,1.0,0.0
AC112187.3,0.0,0.0,1.0,1.0,0.0
TCHHL1,0.0,0.0,1.0,1.0,0.0
TCHH,0.0,0.0,1.0,1.0,0.0
AL589986.1,0.0,0.0,1.0,1.0,0.0
RPTN,0.0,0.0,1.0,1.0,0.0
PARP8,0.0,0.0,1.0,1.0,0.0
AL589986.2,0.0,0.0,1.0,1.0,0.0
AC116025.1,0.0,0.0,1.0,1.0,0.0
AC116025.2,0.0,0.0,1.0,1.0,0.0
AC100791.3,0.0,0.0,1.0,1.0,0.0
AP005328.1,0.0,0.0,1.0,1.0,0.0
AC019183.1,0.0,0.0,1.0,1.0,0.0
CHST9,0.0,0.0,1.0,1.0,0.0
HIST2H3C,0.0,0.0,1.0,1.0,0.0
LINC01443,0.0,0.0,1.0,1.0,0.0
LINC01906,0.0,0.0,1.0,1.0,0.0
AP006565.1,0.0,0.0,1.0,1.0,0.0
AC006557.1,0.0,0.0,1.0,1.0,0.0
HIST2H4A,0.0,0.0,1.0,1.0,0.0
MC2R,0.0,0.0,1.0,1.0,0.0
MC5R,0.0,0.0,1.0,1.0,0.0
HIST2H2AA3,0.0,0.0,1.0,1.0,0.0
AP005242.3,0.0,0.0,1.0,1.0,0.0
AP001010.1,0.0,0.0,1.0,1.0,0.0
AP005131.3,0.0,0.0,1.0,1.0,0.0
AP005131.7,0.0,0.0,1.0,1.0,0.0
AP005131.1,0.0,0.0,1.0,1.0,0.0
AP005131.4,0.0,0.0,1.0,1.0,0.0
LDLRAD4-AS1,0.0,0.0,1.0,1.0,0.0
AP002439.1,0.0,0.0,1.0,1.0,0.0
LINC01444,0.0,0.0,1.0,1.0,0.0
HIST2H3D,0.0,0.0,1.0,1.0,0.0
AP005057.1,0.0,0.0,1.0,1.0,0.0
AC239802.1,0.0,0.0,1.0,1.0,0.0
AC012588.1,0.0,0.0,1.0,1.0,0.0
LINC01543,0.0,0.0,1.0,1.0,0.0
PSMA8,0.0,0.0,1.0,1.0,0.0
AC007922.3,0.0,0.0,1.0,1.0,0.0
AC007922.1,0.0,0.0,1.0,1.0,0.0
AC010425.1,0.0,0.0,1.0,1.0,0.0
ERVH-1,0.0,0.0,1.0,1.0,0.0
AC091435.2,0.0,0.0,1.0,1.0,0.0
AC243772.2,0.0,0.0,1.0,1.0,0.0
AC090772.1,0.0,0.0,1.0,1.0,0.0
AC090912.3,0.0,0.0,1.0,1.0,0.0
AC242842.1,0.0,0.0,1.0,1.0,0.0
AC091588.3,0.0,0.0,1.0,1.0,0.0
AC091043.1,0.0,0.0,1.0,1.0,0.0
LINC01900,0.0,0.0,1.0,1.0,0.0
AC103987.2,0.0,0.0,1.0,1.0,0.0
HIST2H4B,0.0,0.0,1.0,1.0,0.0
LINC00603,0.0,0.0,1.0,1.0,0.0
AP005482.1,0.0,0.0,1.0,1.0,0.0
LINC01892,0.0,0.0,1.0,1.0,0.0
ARHGAP28,0.0,0.0,1.0,1.0,0.0
AP005205.2,0.0,0.0,1.0,1.0,0.0
KCNIP4-IT1,0.0,0.0,1.0,1.0,0.0
TMEM200C,0.0,0.0,1.0,1.0,0.0
MIR3976HG,0.0,0.0,1.0,1.0,0.0
AP001496.4,0.0,0.0,1.0,1.0,0.0
AKAIN1,0.0,0.0,1.0,1.0,0.0
AP005203.1,0.0,0.0,1.0,1.0,0.0
AP005482.2,0.0,0.0,1.0,1.0,0.0
DLGAP1-AS4,0.0,0.0,1.0,1.0,0.0
HORMAD1,0.0,0.0,1.0,1.0,0.0
AP001025.1,0.0,0.0,1.0,1.0,0.0
CTXND2,0.0,0.0,1.0,1.0,0.0
C7,0.0,0.0,1.0,1.0,0.0
AP000919.4,0.0,0.0,1.0,1.0,0.0
AP005230.1,0.0,0.0,1.0,1.0,0.0
AP000897.2,0.0,0.0,1.0,1.0,0.0
AC096719.1,0.0,0.0,1.0,1.0,0.0
AC006566.2,0.0,0.0,1.0,1.0,0.0
AP001094.3,0.0,0.0,1.0,1.0,0.0
AP001029.1,0.0,0.0,1.0,1.0,0.0
AP005264.1,0.0,0.0,1.0,1.0,0.0
AP001542.3,0.0,0.0,1.0,1.0,0.0
AP001269.1,0.0,0.0,1.0,1.0,0.0
AP001269.2,0.0,0.0,1.0,1.0,0.0
AP005137.2,0.0,0.0,1.0,1.0,0.0
AP001120.5,0.0,0.0,1.0,1.0,0.0
LINC01255,0.0,0.0,1.0,1.0,0.0
AP005120.1,0.0,0.0,1.0,1.0,0.0
AP001099.1,0.0,0.0,1.0,1.0,0.0
AP005271.1,0.0,0.0,1.0,1.0,0.0
AC114977.1,0.0,0.0,1.0,1.0,0.0
AC114977.2,0.0,0.0,1.0,1.0,0.0
AP005899.2,0.0,0.0,1.0,1.0,0.0
AC097512.1,0.0,0.0,1.0,1.0,0.0
AC004449.1,0.0,0.0,1.0,1.0,0.0
AC091946.1,0.0,0.0,1.0,1.0,0.0
PPIAL4A,0.0,0.0,1.0,1.0,0.0
AC005387.1,0.0,0.0,1.0,1.0,0.0
TM6SF2,0.0,0.0,1.0,1.0,0.0
NCAN,0.0,0.0,1.0,1.0,0.0
LINC01763,0.0,0.0,1.0,1.0,0.0
AC005197.1,0.0,0.0,1.0,1.0,0.0
HFM1,0.0,0.0,1.0,1.0,0.0
GDF1,0.0,0.0,1.0,1.0,0.0
AC093909.4,0.0,0.0,1.0,1.0,0.0
LINC01596,0.0,0.0,1.0,1.0,0.0
AC092067.1,0.0,0.0,1.0,1.0,0.0
AC010335.1,0.0,0.0,1.0,1.0,0.0
C1orf146,0.0,0.0,1.0,1.0,0.0
AC008397.1,0.0,0.0,1.0,1.0,0.0
FRG2,0.0,0.0,1.0,1.0,0.0
LRRC14B,0.0,0.0,1.0,1.0,0.0
INSL3,0.0,0.0,1.0,1.0,0.0
AC021087.1,0.0,0.0,1.0,1.0,0.0
AL161797.1,0.0,0.0,1.0,1.0,0.0
CILP2,0.0,0.0,1.0,1.0,0.0
GBP5,0.0,0.0,1.0,1.0,0.0
AC092364.1,0.0,0.0,1.0,1.0,0.0
AC011503.4,0.0,0.0,1.0,1.0,0.0
KLKB1,0.0,0.0,1.0,1.0,0.0
ZNF730,0.0,0.0,1.0,1.0,0.0
LINC01859,0.0,0.0,1.0,1.0,0.0
ZNF728,0.0,0.0,1.0,1.0,0.0
ZNF98,0.0,0.0,1.0,1.0,0.0
ZNF729,0.0,0.0,1.0,1.0,0.0
AC123912.1,0.0,0.0,1.0,1.0,0.0
AC002306.1,0.0,0.0,1.0,1.0,0.0
AC109517.1,0.0,0.0,1.0,1.0,0.0
MTNR1A,0.0,0.0,1.0,1.0,0.0
AC008554.1,0.0,0.0,1.0,1.0,0.0
AC110772.2,0.0,0.0,1.0,1.0,0.0
LINC02374,0.0,0.0,1.0,1.0,0.0
LINC02515,0.0,0.0,1.0,1.0,0.0
AC011477.3,0.0,0.0,1.0,1.0,0.0
NXNL1,0.0,0.0,1.0,1.0,0.0
AC010319.5,0.0,0.0,1.0,1.0,0.0
AC097716.1,0.0,0.0,1.0,1.0,0.0
EPHX3,0.0,0.0,1.0,1.0,0.0
CYP4F12,0.0,0.0,1.0,1.0,0.0
AC093072.1,0.0,0.0,1.0,1.0,0.0
PGLYRP2,0.0,0.0,1.0,1.0,0.0
AC098595.1,0.0,0.0,1.0,1.0,0.0
LINC02607,0.0,0.0,1.0,1.0,0.0
LINC02472,0.0,0.0,1.0,1.0,0.0
LINC01787,0.0,0.0,1.0,1.0,0.0
SLC1A6,0.0,0.0,1.0,1.0,0.0
AC093579.1,0.0,0.0,1.0,1.0,0.0
OR7A5,0.0,0.0,1.0,1.0,0.0
SLC6A3,0.0,0.0,1.0,1.0,0.0
AC091849.2,0.0,0.0,1.0,1.0,0.0
AC011509.2,0.0,0.0,1.0,1.0,0.0
AL445433.2,0.0,0.0,1.0,1.0,0.0
AC022098.2,0.0,0.0,1.0,1.0,0.0
RLN3,0.0,0.0,1.0,1.0,0.0
AC004597.1,0.0,0.0,1.0,1.0,0.0
LINC01764,0.0,0.0,1.0,1.0,0.0
UCA1,0.0,0.0,1.0,1.0,0.0
CYP4F2,0.0,0.0,1.0,1.0,0.0
AC106772.1,0.0,0.0,1.0,1.0,0.0
AC020913.3,0.0,0.0,1.0,1.0,0.0
AC020913.1,0.0,0.0,1.0,1.0,0.0
AC118469.2,0.0,0.0,1.0,1.0,0.0
AC020908.1,0.0,0.0,1.0,1.0,0.0
AC026740.1,0.0,0.0,1.0,1.0,0.0
AC008737.3,0.0,0.0,1.0,1.0,0.0
AC024075.3,0.0,0.0,1.0,1.0,0.0
AC008764.5,0.0,0.0,1.0,1.0,0.0
AC116351.2,0.0,0.0,1.0,1.0,0.0
AC092802.4,0.0,0.0,1.0,1.0,0.0
CIB3,0.0,0.0,1.0,1.0,0.0
AC114291.1,0.0,0.0,1.0,1.0,0.0
LINC01761,0.0,0.0,1.0,1.0,0.0
LINC01855,0.0,0.0,1.0,1.0,0.0
AC011503.1,0.0,0.0,1.0,1.0,0.0
AC096659.1,0.0,0.0,1.0,1.0,0.0
MISP,0.0,0.0,1.0,1.0,0.0
AC093606.1,0.0,0.0,1.0,1.0,0.0
AC012309.2,0.0,0.0,1.0,1.0,0.0
AC079772.1,0.0,0.0,1.0,1.0,0.0
AL844170.1,0.0,0.0,1.0,1.0,0.0
AC092295.1,0.0,0.0,1.0,1.0,0.0
AC092296.1,0.0,0.0,1.0,1.0,0.0
LINC01555,0.0,0.0,1.0,1.0,0.0
MCOLN2,0.0,0.0,1.0,1.0,0.0
COX7A1,0.0,0.0,1.0,1.0,0.0
AC016590.2,0.0,0.0,1.0,1.0,0.0
MCOLN3,0.0,0.0,1.0,1.0,0.0
OVOL3,0.0,0.0,1.0,1.0,0.0
AC084871.1,0.0,0.0,1.0,1.0,0.0
AF038458.3,0.0,0.0,1.0,1.0,0.0
TYROBP,0.0,0.0,1.0,1.0,0.0
AC084871.3,0.0,0.0,1.0,1.0,0.0
AC002398.2,0.0,0.0,1.0,1.0,0.0
LINC01361,0.0,0.0,1.0,1.0,0.0
AC022148.2,0.0,0.0,1.0,1.0,0.0
AC005307.1,0.0,0.0,1.0,1.0,0.0
AC005789.1,0.0,0.0,1.0,1.0,0.0
LGALS7B,0.0,0.0,1.0,1.0,0.0
AC008649.2,0.0,0.0,1.0,1.0,0.0
AC008649.1,0.0,0.0,1.0,1.0,0.0
AC074194.1,0.0,0.0,1.0,1.0,0.0
AC067969.1,0.0,0.0,1.0,1.0,0.0
RYR1,0.0,0.0,1.0,1.0,0.0
RASGRP4,0.0,0.0,1.0,1.0,0.0
AC005625.1,0.0,0.0,1.0,1.0,0.0
AL157944.1,0.0,0.0,1.0,1.0,0.0
LINC02792,0.0,0.0,1.0,1.0,0.0
AC016687.3,0.0,0.0,1.0,1.0,0.0
AC011465.1,0.0,0.0,1.0,1.0,0.0
AL606519.1,0.0,0.0,1.0,1.0,0.0
LINC01781,0.0,0.0,1.0,1.0,0.0
WDR87,0.0,0.0,1.0,1.0,0.0
ZNF781,0.0,0.0,1.0,1.0,0.0
LINC02436,0.0,0.0,1.0,1.0,0.0
AC092807.1,0.0,0.0,1.0,1.0,0.0
ZBTB32,0.0,0.0,1.0,1.0,0.0
LINC01791,0.0,0.0,1.0,1.0,0.0
AL445438.1,0.0,0.0,1.0,1.0,0.0
AC008805.2,0.0,0.0,1.0,1.0,0.0
SLC7A9,0.0,0.0,1.0,1.0,0.0
AC008736.2,0.0,0.0,1.0,1.0,0.0
AC008474.1,0.0,0.0,1.0,1.0,0.0
LINC01533,0.0,0.0,1.0,1.0,0.0
AC025809.1,0.0,0.0,1.0,1.0,0.0
ZNF536,0.0,0.0,1.0,1.0,0.0
AC002115.1,0.0,0.0,1.0,1.0,0.0
AC008507.5,0.0,0.0,1.0,1.0,0.0
AC104459.1,0.0,0.0,1.0,1.0,0.0
GBP7,0.0,0.0,1.0,1.0,0.0
AC011474.1,0.0,0.0,1.0,1.0,0.0
AC007786.3,0.0,0.0,1.0,1.0,0.0
LINC01532,0.0,0.0,1.0,1.0,0.0
AC079466.1,0.0,0.0,1.0,1.0,0.0
WDR88,0.0,0.0,1.0,1.0,0.0
AC008738.6,0.0,0.0,1.0,1.0,0.0
AC008738.2,0.0,0.0,1.0,1.0,0.0
AC010485.1,0.0,0.0,1.0,1.0,0.0
LINC01766,0.0,0.0,1.0,1.0,0.0
ATP4A,0.0,0.0,1.0,1.0,0.0
COL24A1,0.0,0.0,1.0,1.0,0.0
AC002511.2,0.0,0.0,1.0,1.0,0.0
LINC01531,0.0,0.0,1.0,1.0,0.0
FFAR1,0.0,0.0,1.0,1.0,0.0
AC002128.2,0.0,0.0,1.0,1.0,0.0
FXYD3,0.0,0.0,1.0,1.0,0.0
HPN-AS1,0.0,0.0,1.0,1.0,0.0
HPN,0.0,0.0,1.0,1.0,0.0
AL355981.1,0.0,0.0,1.0,1.0,0.0
AC008555.5,0.0,0.0,1.0,1.0,0.0
AC008555.1,0.0,0.0,1.0,1.0,0.0
LINC01801,0.0,0.0,1.0,1.0,0.0
CHST8,0.0,0.0,1.0,1.0,0.0
LINC01708,0.0,0.0,1.0,1.0,0.0
AC093019.2,0.0,0.0,1.0,1.0,0.0
AC011446.3,0.0,0.0,1.0,1.0,0.0
AC011498.3,0.0,0.0,1.0,1.0,0.0
LINC02261,0.0,0.0,1.0,1.0,0.0
ANKRD33B-AS1,0.0,0.0,1.0,1.0,0.0
MIR7-3HG,0.0,0.0,1.0,1.0,0.0
CTNND2,0.0,0.0,1.0,1.0,0.0
AC106771.1,0.0,0.0,1.0,1.0,0.0
LINC01194,0.0,0.0,1.0,1.0,0.0
AMPD1,0.0,0.0,1.0,1.0,0.0
AC133961.1,0.0,0.0,1.0,1.0,0.0
AC024132.3,0.0,0.0,1.0,1.0,0.0
AC104521.1,0.0,0.0,1.0,1.0,0.0
SYCP1,0.0,0.0,1.0,1.0,0.0
TMIGD2,0.0,0.0,1.0,1.0,0.0
ANKRD24,0.0,0.0,1.0,1.0,0.0
AC016586.1,0.0,0.0,1.0,1.0,0.0
CASQ2,0.0,0.0,1.0,1.0,0.0
RAX2,0.0,0.0,1.0,1.0,0.0
AC005790.1,0.0,0.0,1.0,1.0,0.0
AC012640.3,0.0,0.0,1.0,1.0,0.0
AC025183.2,0.0,0.0,1.0,1.0,0.0
AC010503.4,0.0,0.0,1.0,1.0,0.0
VAV1,0.0,0.0,1.0,1.0,0.0
AC008760.1,0.0,0.0,1.0,1.0,0.0
AL445426.1,0.0,0.0,1.0,1.0,0.0
AC008760.2,0.0,0.0,1.0,1.0,0.0
AC091932.1,0.0,0.0,1.0,1.0,0.0
AC010503.1,0.0,0.0,1.0,1.0,0.0
AC010503.2,0.0,0.0,1.0,1.0,0.0
SEMA5A,0.0,0.0,1.0,1.0,0.0
FUT3,0.0,0.0,1.0,1.0,0.0
AL603832.2,0.0,0.0,1.0,1.0,0.0
AC011491.3,0.0,0.0,1.0,1.0,0.0
ACSBG2,0.0,0.0,1.0,1.0,0.0
AC011444.3,0.0,0.0,1.0,1.0,0.0
AC024592.1,0.0,0.0,1.0,1.0,0.0
FUT5,0.0,0.0,1.0,1.0,0.0
AC024592.2,0.0,0.0,1.0,1.0,0.0
NHLH2,0.0,0.0,1.0,1.0,0.0
MAB21L3,0.0,0.0,1.0,1.0,0.0
LINC01779,0.0,0.0,1.0,1.0,0.0
AC005330.1,0.0,0.0,1.0,1.0,0.0
AC012615.4,0.0,0.0,1.0,1.0,0.0
LINC02223,0.0,0.0,1.0,1.0,0.0
LINC02100,0.0,0.0,1.0,1.0,0.0
AL391557.1,0.0,0.0,1.0,1.0,0.0
TBX15,0.0,0.0,1.0,1.0,0.0
AL139420.1,0.0,0.0,1.0,1.0,0.0
AC106744.1,0.0,0.0,1.0,1.0,0.0
LINC01780,0.0,0.0,1.0,1.0,0.0
C19orf71,0.0,0.0,1.0,1.0,0.0
HSD3B1,0.0,0.0,1.0,1.0,0.0
ADAM30,0.0,0.0,1.0,1.0,0.0
AC245008.1,0.0,0.0,1.0,1.0,0.0
AC140168.1,0.0,0.0,1.0,1.0,0.0
AC253572.1,0.0,0.0,1.0,1.0,0.0
ELANE,0.0,0.0,1.0,1.0,0.0
PRTN3,0.0,0.0,1.0,1.0,0.0
LINC02217,0.0,0.0,1.0,1.0,0.0
LINC02111,0.0,0.0,1.0,1.0,0.0
AL157902.1,0.0,0.0,1.0,1.0,0.0
AC026790.1,0.0,0.0,1.0,1.0,0.0
AL355538.1,0.0,0.0,1.0,1.0,0.0
AC010649.1,0.0,0.0,1.0,1.0,0.0
AC005262.2,0.0,0.0,1.0,1.0,0.0
AL390066.2,0.0,0.0,1.0,1.0,0.0
AC114964.2,0.0,0.0,1.0,1.0,0.0
AC006130.1,0.0,0.0,1.0,1.0,0.0
DIRAS1,0.0,0.0,1.0,1.0,0.0
AC006538.3,0.0,0.0,1.0,1.0,0.0
AC092068.1,0.0,0.0,1.0,1.0,0.0
AC092335.1,0.0,0.0,1.0,1.0,0.0
VTCN1,0.0,0.0,1.0,1.0,0.0
AC005258.2,0.0,0.0,1.0,1.0,0.0
LINGO3,0.0,0.0,1.0,1.0,0.0
PEAK3,0.0,0.0,1.0,1.0,0.0
LINC02150,0.0,0.0,1.0,1.0,0.0
ADGRE1,0.0,0.0,1.0,1.0,0.0
MBD3L2B,0.0,0.0,1.0,1.0,0.0
LINC01160,0.0,0.0,1.0,1.0,0.0
AC008543.5,0.0,0.0,1.0,1.0,0.0
AC095032.1,0.0,0.0,1.0,1.0,0.0
AC008758.2,0.0,0.0,1.0,1.0,0.0
AMY1A,0.0,0.0,1.0,1.0,0.0
LINC01676,0.0,0.0,1.0,1.0,0.0
LINC02145,0.0,0.0,1.0,1.0,0.0
NTNG1,0.0,0.0,1.0,1.0,0.0
AC008543.4,0.0,0.0,1.0,1.0,0.0
VAV3-AS1,0.0,0.0,1.0,1.0,0.0
AP1M2,0.0,0.0,1.0,1.0,0.0
AC093307.1,0.0,0.0,1.0,1.0,0.0
AL160171.1,0.0,0.0,1.0,1.0,0.0
UBE2QL1,0.0,0.0,1.0,1.0,0.0
FNDC7,0.0,0.0,1.0,1.0,0.0
TSPAN16,0.0,0.0,1.0,1.0,0.0
AC109349.1,0.0,0.0,1.0,1.0,0.0
AC011442.1,0.0,0.0,1.0,1.0,0.0
AC022424.1,0.0,0.0,1.0,1.0,0.0
AC099567.1,0.0,0.0,1.0,1.0,0.0
GNG14,0.0,0.0,1.0,1.0,0.0
AC018761.1,0.0,0.0,1.0,1.0,0.0
AC124852.1,0.0,0.0,1.0,1.0,0.0
AC007787.1,0.0,0.0,1.0,1.0,0.0
AC126768.2,0.0,0.0,1.0,1.0,0.0
AL589990.1,0.0,0.0,1.0,1.0,0.0
FARSA-AS1,0.0,0.0,1.0,1.0,0.0
IRX2,0.0,0.0,1.0,1.0,0.0
AC099670.3,0.0,0.0,1.0,1.0,0.0
KLF1,0.0,0.0,1.0,1.0,0.0
AC020934.2,0.0,0.0,1.0,1.0,0.0
AC094105.2,0.0,0.0,1.0,1.0,0.0
AC020934.1,0.0,0.0,1.0,1.0,0.0
THSD8,0.0,0.0,1.0,1.0,0.0
AC018761.3,0.0,0.0,1.0,1.0,0.0
AC025187.1,0.0,0.0,1.0,1.0,0.0
AC106799.2,0.0,0.0,1.0,1.0,0.0
SYPL2,0.0,0.0,1.0,1.0,0.0
GPR61,0.0,0.0,1.0,1.0,0.0
ADORA3,0.0,0.0,1.0,1.0,0.0
CHIA,0.0,0.0,1.0,1.0,0.0
PROK1,0.0,0.0,1.0,1.0,0.0
KCNA2,0.0,0.0,1.0,1.0,0.0
AC025174.1,0.0,0.0,1.0,1.0,0.0
CCL25,0.0,0.0,1.0,1.0,0.0
AL355816.1,0.0,0.0,1.0,1.0,0.0
AC091912.3,0.0,0.0,1.0,1.0,0.0
CHI3L2,0.0,0.0,1.0,1.0,0.0
AL356387.1,0.0,0.0,1.0,1.0,0.0
S1PR5,0.0,0.0,1.0,1.0,0.0
AC091965.1,0.0,0.0,1.0,1.0,0.0
CD209,0.0,0.0,1.0,1.0,0.0
CLEC4G,0.0,0.0,1.0,1.0,0.0
FCER2,0.0,0.0,1.0,1.0,0.0
AC008763.1,0.0,0.0,1.0,1.0,0.0
PCP2,0.0,0.0,1.0,1.0,0.0
CAMSAP3,0.0,0.0,1.0,1.0,0.0
AC092316.1,0.0,0.0,1.0,1.0,0.0
OR1M1,0.0,0.0,1.0,1.0,0.0
OR7E24,0.0,0.0,1.0,1.0,0.0
AC097480.2,0.0,0.0,1.0,1.0,0.0
LINC02102,0.0,0.0,1.0,1.0,0.0
AL355310.2,0.0,0.0,1.0,1.0,0.0
AC068944.1,0.0,0.0,1.0,1.0,0.0
GSTM1,0.0,0.0,1.0,1.0,0.0
AC122710.2,0.0,0.0,1.0,1.0,0.0
LINC02196,0.0,0.0,1.0,1.0,0.0
AC011511.2,0.0,0.0,1.0,1.0,0.0
AL158847.1,0.0,0.0,1.0,1.0,0.0
EPS8L3,0.0,0.0,1.0,1.0,0.0
AL450468.2,0.0,0.0,1.0,1.0,0.0
RDH8,0.0,0.0,1.0,1.0,0.0
COL5A3,0.0,0.0,1.0,1.0,0.0
AC008759.3,0.0,0.0,1.0,1.0,0.0
ZNF560,0.0,0.0,1.0,1.0,0.0
AC011451.3,0.0,0.0,1.0,1.0,0.0
AC015802.5,0.0,0.0,1.0,1.0,0.0
HSPB3,0.0,0.0,1.0,1.0,0.0
AC016583.2,0.0,0.0,1.0,1.0,0.0
USP6,0.0,0.0,1.0,1.0,0.0
SHCBP1L,0.0,0.0,1.0,1.0,0.0
LAMC1-AS1,0.0,0.0,1.0,1.0,0.0
AC055872.2,0.0,0.0,1.0,1.0,0.0
DHX33-DT,0.0,0.0,1.0,1.0,0.0
AL137800.1,0.0,0.0,1.0,1.0,0.0
AC087500.2,0.0,0.0,1.0,1.0,0.0
AL590422.1,0.0,0.0,1.0,1.0,0.0
AL445228.1,0.0,0.0,1.0,1.0,0.0
TEKT1,0.0,0.0,1.0,1.0,0.0
AC093281.1,0.0,0.0,1.0,1.0,0.0
GLTPD2,0.0,0.0,1.0,1.0,0.0
TM4SF5,0.0,0.0,1.0,1.0,0.0
AC093281.2,0.0,0.0,1.0,1.0,0.0
AL713852.2,0.0,0.0,1.0,1.0,0.0
LINC01633,0.0,0.0,1.0,1.0,0.0
LINC01996,0.0,0.0,1.0,1.0,0.0
AC113167.1,0.0,0.0,1.0,1.0,0.0
AC074131.1,0.0,0.0,1.0,1.0,0.0
AL390718.1,0.0,0.0,1.0,1.0,0.0
CACNA1E,0.0,0.0,1.0,1.0,0.0
OVAAL,0.0,0.0,1.0,1.0,0.0
LINC02816,0.0,0.0,1.0,1.0,0.0
AC114971.1,0.0,0.0,1.0,1.0,0.0
AC113189.1,0.0,0.0,1.0,1.0,0.0
LINC02060,0.0,0.0,1.0,1.0,0.0
TMEM95,0.0,0.0,1.0,1.0,0.0
LINC01699,0.0,0.0,1.0,1.0,0.0
AC091826.2,0.0,0.0,1.0,1.0,0.0
AC027763.2,0.0,0.0,1.0,1.0,0.0
LINC01344,0.0,0.0,1.0,1.0,0.0
TEDDM1,0.0,0.0,1.0,1.0,0.0
LINC00272,0.0,0.0,1.0,1.0,0.0
ASGR2,0.0,0.0,1.0,1.0,0.0
CLEC10A,0.0,0.0,1.0,1.0,0.0
SLC16A11,0.0,0.0,1.0,1.0,0.0
RGSL1,0.0,0.0,1.0,1.0,0.0
SMTNL2,0.0,0.0,1.0,1.0,0.0
AC118754.1,0.0,0.0,1.0,1.0,0.0
AC008799.2,0.0,0.0,1.0,1.0,0.0
RGS18,0.0,0.0,1.0,1.0,0.0
AL596211.1,0.0,0.0,1.0,1.0,0.0
AL691515.1,0.0,0.0,1.0,1.0,0.0
BRINP3,0.0,0.0,1.0,1.0,0.0
AL391645.1,0.0,0.0,1.0,1.0,0.0
AC087392.4,0.0,0.0,1.0,1.0,0.0
AL138927.1,0.0,0.0,1.0,1.0,0.0
AL713866.1,0.0,0.0,1.0,1.0,0.0
AC015853.2,0.0,0.0,1.0,1.0,0.0
LINC01975,0.0,0.0,1.0,1.0,0.0
AC129507.3,0.0,0.0,1.0,1.0,0.0
AC129507.4,0.0,0.0,1.0,1.0,0.0
LINC02091,0.0,0.0,1.0,1.0,0.0
AC240565.1,0.0,0.0,1.0,1.0,0.0
RGS1,0.0,0.0,1.0,1.0,0.0
RGS13,0.0,0.0,1.0,1.0,0.0
PRDM7,0.0,0.0,1.0,1.0,0.0
AC117528.1,0.0,0.0,1.0,1.0,0.0
RTN4RL1,0.0,0.0,1.0,1.0,0.0
AC099684.2,0.0,0.0,1.0,1.0,0.0
AC108102.1,0.0,0.0,1.0,1.0,0.0
LINC01350,0.0,0.0,1.0,1.0,0.0
AC116914.1,0.0,0.0,1.0,1.0,0.0
AC093298.2,0.0,0.0,1.0,1.0,0.0
AC114316.1,0.0,0.0,1.0,1.0,0.0
AC008517.1,0.0,0.0,1.0,1.0,0.0
LINC02058,0.0,0.0,1.0,1.0,0.0
AC027796.5,0.0,0.0,1.0,1.0,0.0
AC015921.1,0.0,0.0,1.0,1.0,0.0
AC005696.3,0.0,0.0,1.0,1.0,0.0
AL133553.1,0.0,0.0,1.0,1.0,0.0
AC006435.1,0.0,0.0,1.0,1.0,0.0
AC006435.3,0.0,0.0,1.0,1.0,0.0
AL450226.1,0.0,0.0,1.0,1.0,0.0
C4orf50,0.0,0.0,1.0,1.0,0.0
OCLM,0.0,0.0,1.0,1.0,0.0
AC018754.1,0.0,0.0,1.0,1.0,0.0
ALOX15B,0.0,0.0,1.0,1.0,0.0
AC090774.2,0.0,0.0,1.0,1.0,0.0
TNR-IT1,0.0,0.0,1.0,1.0,0.0
AL353997.2,0.0,0.0,1.0,1.0,0.0
EVPLL,0.0,0.0,1.0,1.0,0.0
LINC01337,0.0,0.0,1.0,1.0,0.0
AC026427.1,0.0,0.0,1.0,1.0,0.0
TNN,0.0,0.0,1.0,1.0,0.0
RAI1-AS1,0.0,0.0,1.0,1.0,0.0
AC020558.6,0.0,0.0,1.0,1.0,0.0
LINC01657,0.0,0.0,1.0,1.0,0.0
SPZ1,0.0,0.0,1.0,1.0,0.0
ACOT12,0.0,0.0,1.0,1.0,0.0
AC098850.1,0.0,0.0,1.0,1.0,0.0
AL031290.1,0.0,0.0,1.0,1.0,0.0
AC127540.1,0.0,0.0,1.0,1.0,0.0
ASTN1,0.0,0.0,1.0,1.0,0.0
AL136114.1,0.0,0.0,1.0,1.0,0.0
ATG10-AS1,0.0,0.0,1.0,1.0,0.0
AC107982.2,0.0,0.0,1.0,1.0,0.0
AC090286.1,0.0,0.0,1.0,1.0,0.0
AC129492.2,0.0,0.0,1.0,1.0,0.0
AC025627.1,0.0,0.0,1.0,1.0,0.0
AC008088.1,0.0,0.0,1.0,1.0,0.0
AC005730.2,0.0,0.0,1.0,1.0,0.0
AL139142.1,0.0,0.0,1.0,1.0,0.0
BHMT,0.0,0.0,1.0,1.0,0.0
AC015726.2,0.0,0.0,1.0,1.0,0.0
TEX50,0.0,0.0,1.0,1.0,0.0
AC005722.3,0.0,0.0,1.0,1.0,0.0
LINC02094,0.0,0.0,1.0,1.0,0.0
AC007952.3,0.0,0.0,1.0,1.0,0.0
AC004448.3,0.0,0.0,1.0,1.0,0.0
AC004448.5,0.0,0.0,1.0,1.0,0.0
MFAP4,0.0,0.0,1.0,1.0,0.0
AC008496.2,0.0,0.0,1.0,1.0,0.0
AC124066.1,0.0,0.0,1.0,1.0,0.0
AC007952.8,0.0,0.0,1.0,1.0,0.0
AC012636.1,0.0,0.0,1.0,1.0,0.0
TEX35,0.0,0.0,1.0,1.0,0.0
LINC01338,0.0,0.0,1.0,1.0,0.0
AC005324.1,0.0,0.0,1.0,1.0,0.0
AC087501.1,0.0,0.0,1.0,1.0,0.0
AC002347.2,0.0,0.0,1.0,1.0,0.0
AC002347.1,0.0,0.0,1.0,1.0,0.0
RCVRN,0.0,0.0,1.0,1.0,0.0
USP43,0.0,0.0,1.0,1.0,0.0
CFAP52,0.0,0.0,1.0,1.0,0.0
AC010486.3,0.0,0.0,1.0,1.0,0.0
AC087501.3,0.0,0.0,1.0,1.0,0.0
AL160286.2,0.0,0.0,1.0,1.0,0.0
TBC1D26,0.0,0.0,1.0,1.0,0.0
AC005695.1,0.0,0.0,1.0,1.0,0.0
TDRD5,0.0,0.0,1.0,1.0,0.0
AL359853.1,0.0,0.0,1.0,1.0,0.0
AC016550.3,0.0,0.0,1.0,1.0,0.0
AL353708.2,0.0,0.0,1.0,1.0,0.0
AC129492.1,0.0,0.0,1.0,1.0,0.0
ALOX12B,0.0,0.0,1.0,1.0,0.0
AC114928.1,0.0,0.0,1.0,1.0,0.0
AC015908.3,0.0,0.0,1.0,1.0,0.0
AC015908.4,0.0,0.0,1.0,1.0,0.0
AC015908.2,0.0,0.0,1.0,1.0,0.0
AC005703.4,0.0,0.0,1.0,1.0,0.0
AC005863.1,0.0,0.0,1.0,1.0,0.0
AC022816.1,0.0,0.0,1.0,1.0,0.0
AC027338.2,0.0,0.0,1.0,1.0,0.0
HS3ST3B1,0.0,0.0,1.0,1.0,0.0
AC027338.1,0.0,0.0,1.0,1.0,0.0
AC005304.1,0.0,0.0,1.0,1.0,0.0
LINC02093,0.0,0.0,1.0,1.0,0.0
AC005277.1,0.0,0.0,1.0,1.0,0.0
VCAN,0.0,0.0,1.0,1.0,0.0
AC068442.1,0.0,0.0,1.0,1.0,0.0
LINC00670,0.0,0.0,1.0,1.0,0.0
AC005244.2,0.0,0.0,1.0,1.0,0.0
AC005209.1,0.0,0.0,1.0,1.0,0.0
AC005548.1,0.0,0.0,1.0,1.0,0.0
GAS8-AS1,0.0,0.0,1.0,1.0,0.0
AC092143.2,0.0,0.0,1.0,1.0,0.0
LINC01031,0.0,0.0,1.0,1.0,0.0
AC098934.4,0.0,0.0,1.0,1.0,0.0
AC024587.2,0.0,0.0,1.0,1.0,0.0
AC087565.1,0.0,0.0,1.0,1.0,0.0
HCCAT5,0.0,0.0,1.0,1.0,0.0
HGFAC,0.0,0.0,1.0,1.0,0.0
AC008462.1,0.0,0.0,1.0,1.0,0.0
HPR,0.0,0.0,1.0,1.0,0.0
LGR6,0.0,0.0,1.0,1.0,0.0
AC009097.4,0.0,0.0,1.0,1.0,0.0
AC008505.1,0.0,0.0,1.0,1.0,0.0
AC009097.1,0.0,0.0,1.0,1.0,0.0
AC009097.2,0.0,0.0,1.0,1.0,0.0
TAT,0.0,0.0,1.0,1.0,0.0
AC008871.1,0.0,0.0,1.0,1.0,0.0
AC010547.2,0.0,0.0,1.0,1.0,0.0
CHST4,0.0,0.0,1.0,1.0,0.0
AC010547.3,0.0,0.0,1.0,1.0,0.0
AC091987.1,0.0,0.0,1.0,1.0,0.0
AL590235.2,0.0,0.0,1.0,1.0,0.0
AL136456.1,0.0,0.0,1.0,1.0,0.0
LINC00491,0.0,0.0,1.0,1.0,0.0
AC092134.1,0.0,0.0,1.0,1.0,0.0
PKP1,0.0,0.0,1.0,1.0,0.0
ADRA2C,0.0,0.0,1.0,1.0,0.0
CPHXL,0.0,0.0,1.0,1.0,0.0
DUXB,0.0,0.0,1.0,1.0,0.0
LAD1,0.0,0.0,1.0,1.0,0.0
TNNI1,0.0,0.0,1.0,1.0,0.0
AC096677.2,0.0,0.0,1.0,1.0,0.0
CLEC18B,0.0,0.0,1.0,1.0,0.0
AC099487.2,0.0,0.0,1.0,1.0,0.0
AC009163.1,0.0,0.0,1.0,1.0,0.0
DOK7,0.0,0.0,1.0,1.0,0.0
CTRB2,0.0,0.0,1.0,1.0,0.0
AC092800.1,0.0,0.0,1.0,1.0,0.0
FA2H,0.0,0.0,1.0,1.0,0.0
LINC02115,0.0,0.0,1.0,1.0,0.0
AC116428.1,0.0,0.0,1.0,1.0,0.0
CALB2,0.0,0.0,1.0,1.0,0.0
AC106736.1,0.0,0.0,1.0,1.0,0.0
CA7,0.0,0.0,1.0,1.0,0.0
AL592114.3,0.0,0.0,1.0,1.0,0.0
AC027682.5,0.0,0.0,1.0,1.0,0.0
AC009061.1,0.0,0.0,1.0,1.0,0.0
AC096675.1,0.0,0.0,1.0,1.0,0.0
TSSK1B,0.0,0.0,1.0,1.0,0.0
AC093422.2,0.0,0.0,1.0,1.0,0.0
CDH16,0.0,0.0,1.0,1.0,0.0
AC093240.1,0.0,0.0,1.0,1.0,0.0
IL34,0.0,0.0,1.0,1.0,0.0
BLACAT1,0.0,0.0,1.0,1.0,0.0
AC010542.1,0.0,0.0,1.0,1.0,0.0
CMTM2,0.0,0.0,1.0,1.0,0.0
AC008494.2,0.0,0.0,1.0,1.0,0.0
BEAN1-AS1,0.0,0.0,1.0,1.0,0.0
LINC00922,0.0,0.0,1.0,1.0,0.0
AC009055.2,0.0,0.0,1.0,1.0,0.0
REN,0.0,0.0,1.0,1.0,0.0
ERLNC1,0.0,0.0,1.0,1.0,0.0
DPEP3,0.0,0.0,1.0,1.0,0.0
AC020978.3,0.0,0.0,1.0,1.0,0.0
MYOG,0.0,0.0,1.0,1.0,0.0
ADORA1,0.0,0.0,1.0,1.0,0.0
AC105940.2,0.0,0.0,1.0,1.0,0.0
CHI3L1,0.0,0.0,1.0,1.0,0.0
CLEC18C,0.0,0.0,1.0,1.0,0.0
CHIT1,0.0,0.0,1.0,1.0,0.0
LINC01848,0.0,0.0,1.0,1.0,0.0
FMOD,0.0,0.0,1.0,1.0,0.0
AC010395.1,0.0,0.0,1.0,1.0,0.0
AC126773.4,0.0,0.0,1.0,1.0,0.0
AC126773.3,0.0,0.0,1.0,1.0,0.0
AC099521.1,0.0,0.0,1.0,1.0,0.0
LINC00303,0.0,0.0,1.0,1.0,0.0
AC020978.4,0.0,0.0,1.0,1.0,0.0
AL645924.1,0.0,0.0,1.0,1.0,0.0
CLEC3A,0.0,0.0,1.0,1.0,0.0
OTOP1,0.0,0.0,1.0,1.0,0.0
AC106743.1,0.0,0.0,1.0,1.0,0.0
AC130467.1,0.0,0.0,1.0,1.0,0.0
AC134312.3,0.0,0.0,1.0,1.0,0.0
AC126696.1,0.0,0.0,1.0,1.0,0.0
AC010536.3,0.0,0.0,1.0,1.0,0.0
AL365258.1,0.0,0.0,1.0,1.0,0.0
AC010531.5,0.0,0.0,1.0,1.0,0.0
AC010531.7,0.0,0.0,1.0,1.0,0.0
AC010531.4,0.0,0.0,1.0,1.0,0.0
AC009154.2,0.0,0.0,1.0,1.0,0.0
AC018695.3,0.0,0.0,1.0,1.0,0.0
AC009154.1,0.0,0.0,1.0,1.0,0.0
ATP6V1G3,0.0,0.0,1.0,1.0,0.0
AL157402.2,0.0,0.0,1.0,1.0,0.0
LINC00917,0.0,0.0,1.0,1.0,0.0
LINC01081,0.0,0.0,1.0,1.0,0.0
LINC01396,0.0,0.0,1.0,1.0,0.0
AC092723.3,0.0,0.0,1.0,1.0,0.0
AC134312.6,0.0,0.0,1.0,1.0,0.0
AC138512.1,0.0,0.0,1.0,1.0,0.0
AC116552.1,0.0,0.0,1.0,1.0,0.0
IL17C,0.0,0.0,1.0,1.0,0.0
AL357793.1,0.0,0.0,1.0,1.0,0.0
LINC01724,0.0,0.0,1.0,1.0,0.0
AC008592.4,0.0,0.0,1.0,1.0,0.0
AC009113.2,0.0,0.0,1.0,1.0,0.0
CFHR3,0.0,0.0,1.0,1.0,0.0
AC008592.1,0.0,0.0,1.0,1.0,0.0
LINC02138,0.0,0.0,1.0,1.0,0.0
AC135782.1,0.0,0.0,1.0,1.0,0.0
AC092384.1,0.0,0.0,1.0,1.0,0.0
CFHR4,0.0,0.0,1.0,1.0,0.0
CFHR5,0.0,0.0,1.0,1.0,0.0
F13B,0.0,0.0,1.0,1.0,0.0
AC008592.2,0.0,0.0,1.0,1.0,0.0
AC138028.3,0.0,0.0,1.0,1.0,0.0
AC099509.1,0.0,0.0,1.0,1.0,0.0
AC092723.1,0.0,0.0,1.0,1.0,0.0
AC018695.4,0.0,0.0,1.0,1.0,0.0
AC009145.3,0.0,0.0,1.0,1.0,0.0
LINC01846,0.0,0.0,1.0,1.0,0.0
AC099506.3,0.0,0.0,1.0,1.0,0.0
AC092142.1,0.0,0.0,1.0,1.0,0.0
AL358473.1,0.0,0.0,1.0,1.0,0.0
BCO1,0.0,0.0,1.0,1.0,0.0
AC122697.1,0.0,0.0,1.0,1.0,0.0
ASCL5,0.0,0.0,1.0,1.0,0.0
IGFN1,0.0,0.0,1.0,1.0,0.0
AC108097.1,0.0,0.0,1.0,1.0,0.0
AC096631.1,0.0,0.0,1.0,1.0,0.0
AC022166.2,0.0,0.0,1.0,1.0,0.0
MAFTRR,0.0,0.0,1.0,1.0,0.0
MAF,0.0,0.0,1.0,1.0,0.0
AC092376.3,0.0,0.0,1.0,1.0,0.0
AC092376.2,0.0,0.0,1.0,1.0,0.0
AC009145.2,0.0,0.0,1.0,1.0,0.0
AC009145.1,0.0,0.0,1.0,1.0,0.0
AC009142.1,0.0,0.0,1.0,1.0,0.0
AC008883.2,0.0,0.0,1.0,1.0,0.0
AC009119.2,0.0,0.0,1.0,1.0,0.0
SLC38A8,0.0,0.0,1.0,1.0,0.0
AC092127.2,0.0,0.0,1.0,1.0,0.0
AC092377.1,0.0,0.0,1.0,1.0,0.0
LINC01221,0.0,0.0,1.0,1.0,0.0
AC026469.1,0.0,0.0,1.0,1.0,0.0
FAM92B,0.0,0.0,1.0,1.0,0.0
LINC02789,0.0,0.0,1.0,1.0,0.0
AC097065.2,0.0,0.0,1.0,1.0,0.0
AC025280.2,0.0,0.0,1.0,1.0,0.0
AC025280.1,0.0,0.0,1.0,1.0,0.0
AC025280.3,0.0,0.0,1.0,1.0,0.0
AC104461.1,0.0,0.0,1.0,1.0,0.0
ADAD2,0.0,0.0,1.0,1.0,0.0
LIX1,0.0,0.0,1.0,1.0,0.0
AL359834.1,0.0,0.0,1.0,1.0,0.0
AC040169.4,0.0,0.0,1.0,1.0,0.0
LINC02088,0.0,0.0,1.0,1.0,0.0
DMGDH,0.0,0.0,1.0,1.0,0.0
AC034238.1,0.0,0.0,1.0,1.0,0.0
AC027801.3,0.0,0.0,1.0,1.0,0.0
AC015909.1,0.0,0.0,1.0,1.0,0.0
SGCA,0.0,0.0,1.0,1.0,0.0
AC002401.1,0.0,0.0,1.0,1.0,0.0
AC002401.3,0.0,0.0,1.0,1.0,0.0
FCRL1,0.0,0.0,1.0,1.0,0.0
AC009720.1,0.0,0.0,1.0,1.0,0.0
DLX3,0.0,0.0,1.0,1.0,0.0
TAC4,0.0,0.0,1.0,1.0,0.0
CHAD,0.0,0.0,1.0,1.0,0.0
AC027801.4,0.0,0.0,1.0,1.0,0.0
CD5L,0.0,0.0,1.0,1.0,0.0
AC015795.1,0.0,0.0,1.0,1.0,0.0
AL138899.3,0.0,0.0,1.0,1.0,0.0
NGFR,0.0,0.0,1.0,1.0,0.0
LINC02075,0.0,0.0,1.0,1.0,0.0
CD1D,0.0,0.0,1.0,1.0,0.0
FCRL3,0.0,0.0,1.0,1.0,0.0
FCRL5,0.0,0.0,1.0,1.0,0.0
AC015813.8,0.0,0.0,1.0,1.0,0.0
AC090618.1,0.0,0.0,1.0,1.0,0.0
AC015845.1,0.0,0.0,1.0,1.0,0.0
AC007431.2,0.0,0.0,1.0,1.0,0.0
AC003950.1,0.0,0.0,1.0,1.0,0.0
AC004584.1,0.0,0.0,1.0,1.0,0.0
AC015912.1,0.0,0.0,1.0,1.0,0.0
AL590666.4,0.0,0.0,1.0,1.0,0.0
ELOVL7,0.0,0.0,1.0,1.0,0.0
TMEM100,0.0,0.0,1.0,1.0,0.0
ETV3L,0.0,0.0,1.0,1.0,0.0
HLF,0.0,0.0,1.0,1.0,0.0
CA10,0.0,0.0,1.0,1.0,0.0
LINC02073,0.0,0.0,1.0,1.0,0.0
AC005920.1,0.0,0.0,1.0,1.0,0.0
AC005921.4,0.0,0.0,1.0,1.0,0.0
AC022445.1,0.0,0.0,1.0,1.0,0.0
INSRR,0.0,0.0,1.0,1.0,0.0
AC091133.4,0.0,0.0,1.0,1.0,0.0
GIP,0.0,0.0,1.0,1.0,0.0
AC122707.1,0.0,0.0,1.0,1.0,0.0
LINC01974,0.0,0.0,1.0,1.0,0.0
APCS,0.0,0.0,1.0,1.0,0.0
AC006296.3,0.0,0.0,1.0,1.0,0.0
FCRL6,0.0,0.0,1.0,1.0,0.0
NKX3-2,0.0,0.0,1.0,1.0,0.0
AC025442.1,0.0,0.0,1.0,1.0,0.0
CFAP45,0.0,-0.27514467,1.0,1.0,0.023809523809523808
LINC02065,0.0,0.0,1.0,1.0,0.0
AC092353.1,0.0,0.0,1.0,1.0,0.0
CD1A,0.0,0.0,1.0,1.0,0.0
IGSF9,0.0,0.0,1.0,1.0,0.0
CR936218.1,0.0,0.0,1.0,1.0,0.0
STH,0.0,0.0,1.0,1.0,0.0
AC091132.2,0.0,0.0,1.0,1.0,0.0
AC003070.1,0.0,0.0,1.0,1.0,0.0
AC006445.3,0.0,0.0,1.0,1.0,0.0
MAST4-IT1,0.0,0.0,1.0,1.0,0.0
AC018521.3,0.0,0.0,1.0,1.0,0.0
AC006296.1,0.0,0.0,1.0,1.0,0.0
OR10J1,0.0,0.0,1.0,1.0,0.0
AL513323.1,0.0,0.0,1.0,1.0,0.0
PRAC1,0.0,0.0,1.0,1.0,0.0
HOXB-AS4,0.0,0.0,1.0,1.0,0.0
OR10K1,0.0,0.0,1.0,1.0,0.0
OR6Y1,0.0,0.0,1.0,1.0,0.0
OR10Z1,0.0,0.0,1.0,1.0,0.0
OR6K3,0.0,0.0,1.0,1.0,0.0
OR6N1,0.0,0.0,1.0,1.0,0.0
HOXB1,0.0,0.0,1.0,1.0,0.0
SHISAL2B,0.0,0.0,1.0,1.0,0.0
SKAP1-AS1,0.0,0.0,1.0,1.0,0.0
AIM2,0.0,0.0,1.0,1.0,0.0
CADM3,0.0,0.0,1.0,1.0,0.0
CADM3-AS1,0.0,0.0,1.0,1.0,0.0
PRR15L,0.0,0.0,1.0,1.0,0.0
AC018521.6,0.0,0.0,1.0,1.0,0.0
TTC24,0.0,0.0,1.0,1.0,0.0
AC092343.1,0.0,0.0,1.0,1.0,0.0
KCNJ12,0.0,0.0,1.0,1.0,0.0
CASC17,0.0,0.0,1.0,1.0,0.0
DNAI2,0.0,0.0,1.0,1.0,0.0
AC100786.2,0.0,0.0,1.0,1.0,0.0
AC124804.1,0.0,0.0,1.0,1.0,0.0
CPSF4L,0.0,0.0,1.0,1.0,0.0
AC007639.1,0.0,0.0,1.0,1.0,0.0
SOX9,0.0,0.0,1.0,1.0,0.0
LINC01152,0.0,0.0,1.0,1.0,0.0
KCNJ16,0.0,0.0,1.0,1.0,0.0
BTBD17,0.0,0.0,1.0,1.0,0.0
LINC01028,0.0,0.0,1.0,1.0,0.0
AC005208.1,0.0,0.0,1.0,1.0,0.0
LINC01497,0.0,0.0,1.0,1.0,0.0
DDX4,0.0,0.0,1.0,1.0,0.0
AC002546.1,0.0,0.0,1.0,1.0,0.0
AC005495.2,0.0,0.0,1.0,1.0,0.0
ABCA9-AS1,0.0,0.0,1.0,1.0,0.0
AC103809.1,0.0,0.0,1.0,1.0,0.0
GPR142,0.0,0.0,1.0,1.0,0.0
OR4D1,0.0,0.0,1.0,1.0,0.0
AC087749.2,0.0,0.0,1.0,1.0,0.0
RNF157-AS1,0.0,0.0,1.0,1.0,0.0
FOXJ1,0.0,0.0,1.0,1.0,0.0
AL513523.4,0.0,0.0,1.0,1.0,0.0
GZMK,0.0,0.0,1.0,1.0,0.0
AC087289.2,0.0,0.0,1.0,1.0,0.0
AC034238.2,0.0,0.0,1.0,1.0,0.0
AC087289.1,0.0,0.0,1.0,1.0,0.0
GZMA,0.0,0.0,1.0,1.0,0.0
CD300LD,0.0,0.0,1.0,1.0,0.0
AC011933.3,0.0,0.0,1.0,1.0,0.0
AC108063.1,0.0,0.0,1.0,1.0,0.0
USH1G,0.0,0.0,1.0,1.0,0.0
AC108063.2,0.0,0.0,1.0,1.0,0.0
AC016888.1,0.0,0.0,1.0,1.0,0.0
CD300E,0.0,0.0,1.0,1.0,0.0
AC064805.1,0.0,0.0,1.0,1.0,0.0
AC011591.1,0.0,0.0,1.0,1.0,0.0
AC034245.1,0.0,0.0,1.0,1.0,0.0
LENEP,0.0,0.0,1.0,1.0,0.0
AL139130.1,0.0,0.0,1.0,1.0,0.0
AC005746.1,0.0,0.0,1.0,1.0,0.0
AC005746.2,0.0,0.0,1.0,1.0,0.0
AC005884.2,0.0,0.0,1.0,1.0,0.0
AC005884.1,0.0,0.0,1.0,1.0,0.0
CA4,0.0,0.0,1.0,1.0,0.0
AC005702.5,0.0,0.0,1.0,1.0,0.0
LINC02225,0.0,0.0,1.0,1.0,0.0
AC008786.1,0.0,0.0,1.0,1.0,0.0
DCST1,0.0,0.0,1.0,1.0,0.0
AC025521.1,0.0,0.0,1.0,1.0,0.0
AC011195.2,0.0,0.0,1.0,1.0,0.0
LINC02108,0.0,0.0,1.0,1.0,0.0
HSF5,0.0,0.0,1.0,1.0,0.0
AC016642.1,0.0,0.0,1.0,1.0,0.0
AC004687.1,0.0,0.0,1.0,1.0,0.0
EPX,0.0,0.0,1.0,1.0,0.0
TBX4,0.0,0.0,1.0,1.0,0.0
RAB25,0.0,0.0,1.0,1.0,0.0
AL355388.1,0.0,0.0,1.0,1.0,0.0
AC005821.1,0.0,0.0,1.0,1.0,0.0
AC079331.3,0.0,0.0,1.0,1.0,0.0
APOH,0.0,0.0,1.0,1.0,0.0
AC008937.1,0.0,0.0,1.0,1.0,0.0
PROM1,0.0,0.0,1.0,1.0,0.0
AC005803.1,0.0,0.0,1.0,1.0,0.0
GH2,0.0,0.0,1.0,1.0,0.0
FGFBP2,0.0,0.0,1.0,1.0,0.0
AC005828.5,0.0,0.0,1.0,1.0,0.0
AC005828.3,0.0,0.0,1.0,1.0,0.0
AC005828.1,0.0,0.0,1.0,1.0,0.0
AC015923.1,0.0,0.0,1.0,1.0,0.0
AL162734.1,0.0,0.0,1.0,1.0,0.0
AC005972.3,0.0,0.0,1.0,1.0,0.0
MARCH10-DT,0.0,0.0,1.0,1.0,0.0
MARCH10,0.0,0.0,1.0,1.0,0.0
CD180,0.0,0.0,1.0,1.0,0.0
AC010420.1,0.0,0.0,1.0,1.0,0.0
AC112206.2,0.0,0.0,1.0,1.0,0.0
XCL1,0.0,0.0,1.0,1.0,0.0
AC024614.2,0.0,0.0,1.0,1.0,0.0
AC011824.1,0.0,0.0,1.0,1.0,0.0
ASIC2,0.0,0.0,1.0,1.0,0.0
AC084809.2,0.0,0.0,1.0,1.0,0.0
AC079336.4,0.0,0.0,1.0,1.0,0.0
AC079336.1,0.0,0.0,1.0,1.0,0.0
Z99943.1,0.0,0.0,1.0,1.0,0.0
AL031275.1,0.0,0.0,1.0,1.0,0.0
AC004147.5,0.0,0.0,1.0,1.0,0.0
AC007923.4,0.0,0.0,1.0,1.0,0.0
LINC00626,0.0,0.0,1.0,1.0,0.0
AC138207.7,0.0,0.0,1.0,1.0,0.0
AC138207.5,0.0,0.0,1.0,1.0,0.0
LINC00970,0.0,0.0,1.0,1.0,0.0
AL031726.1,0.0,0.0,1.0,1.0,0.0
LINC02517,0.0,0.0,1.0,1.0,0.0
AC004147.1,0.0,0.0,1.0,1.0,0.0
AC005549.1,0.0,0.0,1.0,1.0,0.0
VANGL2,0.0,0.0,1.0,1.0,0.0
AC015911.2,0.0,0.0,1.0,1.0,0.0
AC006237.1,0.0,0.0,1.0,1.0,0.0
LINC02122,0.0,0.0,1.0,1.0,0.0
GAS2L2,0.0,0.0,1.0,1.0,0.0
LINC01331,0.0,0.0,1.0,1.0,0.0
AC015911.9,0.0,0.0,1.0,1.0,0.0
AC015911.6,0.0,0.0,1.0,1.0,0.0
SLFN14,0.0,0.0,1.0,1.0,0.0
LINC01335,0.0,0.0,1.0,1.0,0.0
CCL1,0.0,0.0,1.0,1.0,0.0
LINC01332,0.0,0.0,1.0,1.0,0.0
CD247,0.0,0.0,1.0,1.0,0.0
AC022916.4,0.0,0.0,1.0,1.0,0.0
FNDC8,0.0,0.0,1.0,1.0,0.0
AL359962.3,0.0,0.0,1.0,1.0,0.0
AL359962.2,0.0,0.0,1.0,1.0,0.0
AC022903.1,0.0,0.0,1.0,1.0,0.0
AC127024.3,0.0,0.0,1.0,1.0,0.0
AC011840.1,0.0,0.0,1.0,1.0,0.0
AC011840.4,0.0,0.0,1.0,1.0,0.0
AC061975.7,0.0,0.0,1.0,1.0,0.0
OTP,0.0,0.0,1.0,1.0,0.0
AC108482.1,0.0,0.0,1.0,1.0,0.0
SEBOX,0.0,0.0,1.0,1.0,0.0
AC108482.2,0.0,0.0,1.0,1.0,0.0
MYOC,0.0,0.0,1.0,1.0,0.0
AC112254.1,0.0,0.0,1.0,1.0,0.0
AC061975.1,0.0,0.0,1.0,1.0,0.0
DNM3-IT1,0.0,0.0,1.0,1.0,0.0
Z99758.1,0.0,0.0,1.0,1.0,0.0
NOS2,0.0,0.0,1.0,1.0,0.0
C1orf105,0.0,0.0,1.0,1.0,0.0
AC129926.1,0.0,0.0,1.0,1.0,0.0
AC209154.1,0.0,0.0,1.0,1.0,0.0
AC233702.7,0.0,0.0,1.0,1.0,0.0
AC068418.3,0.0,0.0,1.0,1.0,0.0
FASLG,0.0,0.0,1.0,1.0,0.0
AL021026.1,0.0,0.0,1.0,1.0,0.0
BX284613.2,0.0,0.0,1.0,1.0,0.0
Z97200.1,0.0,0.0,1.0,1.0,0.0
AL023495.1,0.0,0.0,1.0,1.0,0.0
TMIGD1,0.0,0.0,1.0,1.0,0.0
AC104984.2,0.0,0.0,1.0,1.0,0.0
AC104996.1,0.0,0.0,1.0,1.0,0.0
SV2C,0.0,0.0,1.0,1.0,0.0
AC104564.4,0.0,0.0,1.0,1.0,0.0
AC068025.1,0.0,0.0,1.0,1.0,0.0
AC024619.1,0.0,0.0,1.0,1.0,0.0
S100Z,0.0,0.0,1.0,1.0,0.0
AC024267.1,0.0,0.0,1.0,1.0,0.0
AC010761.5,0.0,0.0,1.0,1.0,0.0
AC010761.4,0.0,0.0,1.0,1.0,0.0
CRHBP,0.0,0.0,1.0,1.0,0.0
AC010761.6,0.0,0.0,1.0,1.0,0.0
AL356475.1,0.0,0.0,1.0,1.0,0.0
LINC01681,0.0,0.0,1.0,1.0,0.0
AC015849.2,0.0,0.0,1.0,1.0,0.0
LYZL6,0.0,0.0,1.0,1.0,0.0
AC073648.7,0.0,0.0,1.0,1.0,0.0
AC005599.1,0.0,0.0,1.0,1.0,0.0
AL592295.3,0.0,0.0,1.0,1.0,0.0
FCGR2B,0.0,0.0,1.0,1.0,0.0
AC145146.1,0.0,0.0,1.0,1.0,0.0
AL590408.1,0.0,0.0,1.0,1.0,0.0
AL512785.1,0.0,0.0,1.0,1.0,0.0
AC139834.1,0.0,0.0,1.0,1.0,0.0
AL596325.1,0.0,0.0,1.0,1.0,0.0
GAST,0.0,0.0,1.0,1.0,0.0
KRTAP4-11,0.0,0.0,1.0,1.0,0.0
KRT14,0.0,0.0,1.0,1.0,0.0
AC019349.1,0.0,0.0,1.0,1.0,0.0
KRT36,0.0,0.0,1.0,1.0,0.0
KRT32,0.0,0.0,1.0,1.0,0.0
KRT37,0.0,0.0,1.0,1.0,0.0
AC003958.2,0.0,0.0,1.0,1.0,0.0
KRT31,0.0,0.0,1.0,1.0,0.0
AC108037.1,0.0,0.0,1.0,1.0,0.0
LINC02270,0.0,0.0,1.0,1.0,0.0
LINC00671,0.0,0.0,1.0,1.0,0.0
AC010273.3,0.0,0.0,1.0,1.0,0.0
AC106798.1,0.0,0.0,1.0,1.0,0.0
LINC02219,0.0,0.0,1.0,1.0,0.0
AC010280.2,0.0,0.0,1.0,1.0,0.0
AL354714.1,0.0,0.0,1.0,1.0,0.0
AC004596.1,0.0,0.0,1.0,1.0,0.0
ITLN2,0.0,0.0,1.0,1.0,0.0
AC093523.1,0.0,0.0,1.0,1.0,0.0
PYY,0.0,0.0,1.0,1.0,0.0
LINC01976,0.0,0.0,1.0,1.0,0.0
AC007993.3,0.0,0.0,1.0,1.0,0.0
AL591806.1,0.0,0.0,1.0,1.0,0.0
AC003098.1,0.0,0.0,1.0,1.0,0.0
SOST,0.0,0.0,1.0,1.0,0.0
MEOX1,0.0,0.0,1.0,1.0,0.0
MIR2117HG,0.0,0.0,1.0,1.0,0.0
KRTAP9-6,0.0,0.0,1.0,1.0,0.0
KRTAP4-9,0.0,0.0,1.0,1.0,0.0
CCL15,0.0,0.0,1.0,1.0,0.0
AC243830.3,0.0,0.0,1.0,1.0,0.0
FOXD1-AS1,0.0,0.0,1.0,1.0,0.0
LINC01675,0.0,0.0,1.0,1.0,0.0
AC244093.5,0.0,0.0,1.0,1.0,0.0
FAM90A26,0.0,0.0,1.0,1.0,0.0
LHX1,0.0,0.0,1.0,1.0,0.0
LHX1-DT,0.0,0.0,1.0,1.0,0.0
AC243830.1,0.0,0.0,1.0,1.0,0.0
ILDR2,0.0,0.0,1.0,1.0,0.0
KRT39,0.0,0.0,1.0,1.0,0.0
MAEL,0.0,0.0,1.0,1.0,0.0
LINC01363,0.0,0.0,1.0,1.0,0.0
TBC1D3I,0.0,0.0,1.0,1.0,0.0
AC243829.5,0.0,0.0,1.0,1.0,0.0
TBC1D3B,0.0,0.0,1.0,1.0,0.0
AC243829.2,0.0,0.0,1.0,1.0,0.0
CCL23,0.0,0.0,1.0,1.0,0.0
AC243585.1,0.0,0.0,1.0,1.0,0.0
HNF1B,0.0,0.0,1.0,1.0,0.0
TBC1D3D,0.0,0.0,1.0,1.0,0.0
TMEM174,0.0,0.0,1.0,1.0,0.0
KRT12,0.0,0.0,1.0,1.0,0.0
CCR7,0.0,0.0,1.0,1.0,0.0
TNS4,0.0,0.0,1.0,1.0,0.0
GJD3,0.0,0.0,1.0,1.0,0.0
AL357568.1,0.0,0.0,1.0,1.0,0.0
AC063979.2,0.0,0.0,1.0,1.0,0.0
LRRC52-AS1,0.0,0.0,1.0,1.0,0.0
PNMT,0.0,0.0,1.0,1.0,0.0
PPP1R1B,0.0,0.0,1.0,1.0,0.0
AC035140.1,0.0,0.0,1.0,1.0,0.0
AC004408.1,0.0,0.0,1.0,1.0,0.0
ARL5C,0.0,0.0,1.0,1.0,0.0
LINC02079,0.0,0.0,1.0,1.0,0.0
AC006441.4,0.0,0.0,1.0,1.0,0.0
FBXO47,0.0,0.0,1.0,1.0,0.0
AC104534.1,0.0,0.0,1.0,1.0,0.0
AC010605.1,0.0,0.0,1.0,1.0,0.0
AC093536.2,0.0,0.0,1.0,1.0,0.0
AL035658.1,0.0,0.0,1.0,1.0,0.0
PADI3,0.0,0.0,1.0,1.0,0.0
OCIAD1-AS1,0.0,0.0,1.0,1.0,0.0
SHISA8,0.0,0.0,1.0,1.0,0.0
PADI4,0.0,0.0,1.0,1.0,0.0
ACTL8,0.0,0.0,1.0,1.0,0.0
CSDC2,0.0,0.0,1.0,1.0,0.0
IGSF21,0.0,0.0,1.0,1.0,0.0
AC108067.1,0.0,0.0,1.0,1.0,0.0
CCSER1,0.0,0.0,1.0,1.0,0.0
AL031727.2,0.0,0.0,1.0,1.0,0.0
MCHR1,0.0,0.0,1.0,1.0,0.0
BMPR1B,0.0,0.0,1.0,1.0,0.0
AL022238.3,0.0,0.0,1.0,1.0,0.0
HTR6,0.0,0.0,1.0,1.0,0.0
UNC5C,0.0,0.0,1.0,1.0,0.0
PDHA2,0.0,0.0,1.0,1.0,0.0
AC096746.1,0.0,0.0,1.0,1.0,0.0
LINC02783,0.0,0.0,1.0,1.0,0.0
LINC01589,0.0,0.0,1.0,1.0,0.0
PNPLA5,0.0,0.0,1.0,1.0,0.0
AL008718.3,0.0,0.0,1.0,1.0,0.0
Z82243.1,0.0,0.0,1.0,1.0,0.0
PHF21B,0.0,0.0,1.0,1.0,0.0
LINC00207,0.0,0.0,1.0,1.0,0.0
AL137802.1,0.0,0.0,1.0,1.0,0.0
Z85994.1,0.0,0.0,1.0,1.0,0.0
LINC01783,0.0,0.0,1.0,1.0,0.0
BX546033.1,0.0,0.0,1.0,1.0,0.0
AC105445.1,0.0,0.0,1.0,1.0,0.0
MPPED1,0.0,0.0,1.0,1.0,0.0
Z82214.1,0.0,0.0,1.0,1.0,0.0
Z82214.2,0.0,0.0,1.0,1.0,0.0
AL021920.1,0.0,0.0,1.0,1.0,0.0
AL049569.2,0.0,0.0,1.0,1.0,0.0
AL049569.1,0.0,0.0,1.0,1.0,0.0
AL022316.1,0.0,0.0,1.0,1.0,0.0
LINC02267,0.0,0.0,1.0,1.0,0.0
CACNA1I,0.0,0.0,1.0,1.0,0.0
PLA2G2A,0.0,0.0,1.0,1.0,0.0
SSTR3,0.0,0.0,1.0,1.0,0.0
ADH6,0.0,0.0,1.0,1.0,0.0
ADH1A,0.0,0.0,1.0,1.0,0.0
Z83844.2,0.0,0.0,1.0,1.0,0.0
ADH1C,0.0,0.0,1.0,1.0,0.0
LGALS2,0.0,0.0,1.0,1.0,0.0
Z94160.2,0.0,0.0,1.0,1.0,0.0
MTTP,0.0,0.0,1.0,1.0,0.0
Z82188.2,0.0,0.0,1.0,1.0,0.0
AC096585.1,0.0,0.0,1.0,1.0,0.0
C4orf54,0.0,0.0,1.0,1.0,0.0
TMPRSS6,0.0,0.0,1.0,1.0,0.0
TEX33,0.0,0.0,1.0,1.0,0.0
Z82180.1,0.0,0.0,1.0,1.0,0.0
NCF4,0.0,0.0,1.0,1.0,0.0
PVALB,0.0,0.0,1.0,1.0,0.0
Z80897.2,0.0,0.0,1.0,1.0,0.0
RAP1GAP,0.0,0.0,1.0,1.0,0.0
ADH4,0.0,0.0,1.0,1.0,0.0
ALPL,0.0,0.0,1.0,1.0,0.0
AL031005.1,0.0,0.0,1.0,1.0,0.0
MGAT3,0.0,0.0,1.0,1.0,0.0
PLA2G2F,0.0,0.0,1.0,1.0,0.0
Z98257.1,0.0,0.0,1.0,1.0,0.0
PLA2G2C,0.0,0.0,1.0,1.0,0.0
AC034154.1,0.0,0.0,1.0,1.0,0.0
LINC01141,0.0,0.0,1.0,1.0,0.0
APOBEC3B-AS1,0.0,0.0,1.0,1.0,0.0
ZAR1,0.0,0.0,1.0,1.0,0.0
AL022318.1,0.0,0.0,1.0,1.0,0.0
FAM43B,0.0,0.0,1.0,1.0,0.0
AC019131.1,0.0,0.0,1.0,1.0,0.0
Z98749.1,0.0,0.0,1.0,1.0,0.0
AL663074.1,0.0,0.0,1.0,1.0,0.0
AL031587.2,0.0,0.0,1.0,1.0,0.0
SOX10,0.0,0.0,1.0,1.0,0.0
SMC1B,0.0,0.0,1.0,1.0,0.0
BX324167.2,0.0,0.0,1.0,1.0,0.0
AL022313.3,0.0,0.0,1.0,1.0,0.0
FRMPD4,0.0,0.0,1.0,1.0,0.0
AC097625.1,0.0,0.0,1.0,1.0,0.0
PRAMEF20,0.0,0.0,1.0,1.0,0.0
AL359771.1,0.0,0.0,1.0,1.0,0.0
AL357873.1,0.0,0.0,1.0,1.0,0.0
EGFL6,0.0,0.0,1.0,1.0,0.0
ATXN3L,0.0,0.0,1.0,1.0,0.0
AC079171.1,0.0,0.0,1.0,1.0,0.0
AC004554.2,0.0,0.0,1.0,1.0,0.0
CDS1,0.0,0.0,1.0,1.0,0.0
KAZN-AS1,0.0,0.0,1.0,1.0,0.0
AL031293.1,0.0,0.0,1.0,1.0,0.0
C1orf195,0.0,0.0,1.0,1.0,0.0
AC003684.1,0.0,0.0,1.0,1.0,0.0
FAM9A,0.0,0.0,1.0,1.0,0.0
ANOS1,0.0,0.0,1.0,1.0,0.0
VCX3B,0.0,0.0,1.0,1.0,0.0
PRAMEF17,0.0,0.0,1.0,1.0,0.0
PRAMEF18,0.0,0.0,1.0,1.0,0.0
AC104785.1,0.0,0.0,1.0,1.0,0.0
AC079160.1,0.0,0.0,1.0,1.0,0.0
AL357835.1,0.0,0.0,1.0,1.0,0.0
LINC02766,0.0,0.0,1.0,1.0,0.0
KLHL34,0.0,0.0,1.0,1.0,0.0
AC124017.1,0.0,0.0,1.0,1.0,0.0
AADACL4,0.0,0.0,1.0,1.0,0.0
PPEF1-AS1,0.0,0.0,1.0,1.0,0.0
RS1,0.0,0.0,1.0,1.0,0.0
PRAMEF1,0.0,0.0,1.0,1.0,0.0
AC078993.1,0.0,0.0,1.0,1.0,0.0
Z93022.1,0.0,0.0,1.0,1.0,0.0
HNRNPCL1,0.0,0.0,1.0,1.0,0.0
HNRNPCL3,0.0,0.0,1.0,1.0,0.0
HNRNPCL2,0.0,0.0,1.0,1.0,0.0
S100G,0.0,0.0,1.0,1.0,0.0
HNRNPCL4,0.0,0.0,1.0,1.0,0.0
MAGEB17,0.0,0.0,1.0,1.0,0.0
AC079142.1,0.0,0.0,1.0,1.0,0.0
AC110995.1,0.0,0.0,1.0,1.0,0.0
AC074035.1,0.0,0.0,1.0,1.0,0.0
AC207130.1,0.0,0.0,1.0,1.0,0.0
IL17REL,0.0,0.0,1.0,1.0,0.0
BX539320.1,0.0,0.0,1.0,1.0,0.0
SRARP,0.0,0.0,1.0,1.0,0.0
Z98885.2,0.0,0.0,1.0,1.0,0.0
CLCNKA,0.0,0.0,1.0,1.0,0.0
AL023802.1,0.0,0.0,1.0,1.0,0.0
AL031593.1,0.0,0.0,1.0,1.0,0.0
AL078622.1,0.0,0.0,1.0,1.0,0.0
ARSF,0.0,0.0,1.0,1.0,0.0
FP325330.2,0.0,0.0,1.0,1.0,0.0
FP325330.3,0.0,0.0,1.0,1.0,0.0
AC107067.2,0.0,0.0,1.0,1.0,0.0
Z82186.1,0.0,0.0,1.0,1.0,0.0
ARHGEF19-AS1,0.0,0.0,1.0,1.0,0.0
AC107067.1,0.0,0.0,1.0,1.0,0.0
LINC02480,0.0,0.0,1.0,1.0,0.0
MLC1,0.0,0.0,1.0,1.0,0.0
SPP1,0.0,0.0,1.0,1.0,0.0
AC131944.1,0.0,0.0,1.0,1.0,0.0
DSPP,0.0,0.0,1.0,1.0,0.0
GYG2-AS1,0.0,0.0,1.0,1.0,0.0
GYG2,0.0,0.0,1.0,1.0,0.0
PTPN13,0.0,0.0,1.0,1.0,0.0
AL031283.1,0.0,0.0,1.0,1.0,0.0
AL683807.2,0.0,0.0,1.0,1.0,0.0
SLC10A6,0.0,0.0,1.0,1.0,0.0
CRLF2,0.0,0.0,1.0,1.0,0.0
CELA2B,0.0,0.0,1.0,1.0,0.0
AL121992.3,0.0,0.0,1.0,1.0,0.0
KLHDC7B,0.0,0.0,1.0,1.0,0.0
U62317.1,0.0,0.0,1.0,1.0,0.0
U62317.4,0.0,0.0,1.0,1.0,0.0
CR559946.2,0.0,0.0,1.0,1.0,0.0
CR559946.1,0.0,0.0,1.0,1.0,0.0
AL121992.2,0.0,0.0,1.0,1.0,0.0
AL022313.4,0.0,0.0,1.0,1.0,0.0
AL022313.2,0.0,0.0,1.0,1.0,0.0
NCCRP1,0.0,0.0,1.0,1.0,0.0
YIPF7,0.0,0.0,1.0,1.0,0.0
CRYBG2,0.0,0.0,1.0,1.0,0.0
ZNF683,0.0,0.0,1.0,1.0,0.0
AC139718.2,0.0,0.0,1.0,1.0,0.0
AC139718.1,0.0,0.0,1.0,1.0,0.0
AC004704.1,0.0,0.0,1.0,1.0,0.0
AL512408.1,0.0,0.0,1.0,1.0,0.0
AC000082.1,0.0,0.0,1.0,1.0,0.0
AL034380.1,0.0,0.0,1.0,1.0,0.0
ENPEP,0.0,0.0,1.0,1.0,0.0
AC004471.2,0.0,0.0,1.0,1.0,0.0
AC004471.1,0.0,0.0,1.0,1.0,0.0
DGCR9,0.0,0.0,1.0,1.0,0.0
AC007326.5,0.0,0.0,1.0,1.0,0.0
FAM230E,0.0,0.0,1.0,1.0,0.0
RIMBP3,0.0,0.0,1.0,1.0,0.0
NR0B2,0.0,0.0,1.0,1.0,0.0
AC007663.2,0.0,0.0,1.0,1.0,0.0
AC007731.2,0.0,0.0,1.0,1.0,0.0
AL391650.2,0.0,0.0,1.0,1.0,0.0
CCDC116,0.0,0.0,1.0,1.0,0.0
IGLV1-51,0.0,0.0,1.0,1.0,0.0
IGLV5-52,0.0,0.0,1.0,1.0,0.0
TRIM63,0.0,0.0,1.0,1.0,0.0
GABRG1,0.0,0.0,1.0,1.0,0.0
AP000553.8,0.0,0.0,1.0,1.0,0.0
AP000553.9,0.0,0.0,1.0,1.0,0.0
C1orf232,0.0,0.0,1.0,1.0,0.0
FAM230H,0.0,0.0,1.0,1.0,0.0
USP41,0.0,0.0,1.0,1.0,0.0
GGT2,0.0,0.0,1.0,1.0,0.0
LRIT3,0.0,0.0,1.0,1.0,0.0
AC002472.1,0.0,0.0,1.0,1.0,0.0
P2RX6,0.0,0.0,1.0,1.0,0.0
CATSPER4,0.0,0.0,1.0,1.0,0.0
AC007308.1,0.0,0.0,1.0,1.0,0.0
AC007731.3,0.0,0.0,1.0,1.0,0.0
LINC02475,0.0,0.0,1.0,1.0,0.0
AC096734.2,0.0,0.0,1.0,1.0,0.0
AL590640.1,0.0,0.0,1.0,1.0,0.0
SHISA3,0.0,0.0,1.0,1.0,0.0
COL18A1-AS1,0.0,0.0,1.0,1.0,0.0
BX322557.1,0.0,0.0,1.0,1.0,0.0
LINC00315,0.0,0.0,1.0,1.0,0.0
BX322557.2,0.0,0.0,1.0,1.0,0.0
AL133499.1,0.0,0.0,1.0,1.0,0.0
AC093879.2,0.0,0.0,1.0,1.0,0.0
AL844908.1,0.0,0.0,1.0,1.0,0.0
AC024022.1,0.0,0.0,1.0,1.0,0.0
AC006946.2,0.0,0.0,1.0,1.0,0.0
UGT8,0.0,0.0,1.0,1.0,0.0
AL512288.1,0.0,0.0,1.0,1.0,0.0
NDST4,0.0,0.0,1.0,1.0,0.0
TSPEAR-AS1,0.0,0.0,1.0,1.0,0.0
TSPEAR,0.0,0.0,1.0,1.0,0.0
LINC02575,0.0,0.0,1.0,1.0,0.0
TRPM2-AS,0.0,0.0,1.0,1.0,0.0
AL133493.2,0.0,0.0,1.0,1.0,0.0
AL133492.1,0.0,0.0,1.0,1.0,0.0
AL592528.1,0.0,0.0,1.0,1.0,0.0
AJ011931.2,0.0,0.0,1.0,1.0,0.0
AP000365.1,0.0,0.0,1.0,1.0,0.0
AP000547.4,0.0,0.0,1.0,1.0,0.0
AC145543.1,0.0,0.0,1.0,1.0,0.0
CD164L2,0.0,0.0,1.0,1.0,0.0
AP000532.2,0.0,0.0,1.0,1.0,0.0
AC023886.1,0.0,0.0,1.0,1.0,0.0
S100B,0.0,0.0,1.0,1.0,0.0
BX293535.1,0.0,0.0,1.0,1.0,0.0
AP001468.1,0.0,0.0,1.0,1.0,0.0
FTCD-AS1,0.0,0.0,1.0,1.0,0.0
AP001471.1,0.0,0.0,1.0,1.0,0.0
AP001476.2,0.0,0.0,1.0,1.0,0.0
AP001476.1,0.0,0.0,1.0,1.0,0.0
AC017007.5,0.0,0.0,1.0,1.0,0.0
AJ011931.1,0.0,0.0,1.0,1.0,0.0
IGLV1-50,0.0,0.0,1.0,1.0,0.0
GGTLC2,0.0,0.0,1.0,1.0,0.0
AC097459.1,0.0,0.0,1.0,1.0,0.0
AC005005.3,0.0,0.0,1.0,1.0,0.0
LINC02558,0.0,0.0,1.0,1.0,0.0
AL008719.1,0.0,0.0,1.0,1.0,0.0
AL450043.1,0.0,0.0,1.0,1.0,0.0
LINC02428,0.0,0.0,1.0,1.0,0.0
AC105460.1,0.0,0.0,1.0,1.0,0.0
PLA2G3,0.0,0.0,1.0,1.0,0.0
AL590609.3,0.0,0.0,1.0,1.0,0.0
AL591178.1,0.0,0.0,1.0,1.0,0.0
Z83839.2,0.0,0.0,1.0,1.0,0.0
AL591178.2,0.0,0.0,1.0,1.0,0.0
IFNLR1,0.0,0.0,1.0,1.0,0.0
AC005006.1,0.0,0.0,1.0,1.0,0.0
GAL3ST1,0.0,0.0,1.0,1.0,0.0
AC004832.1,0.0,0.0,1.0,1.0,0.0
GRHL3,0.0,0.0,1.0,1.0,0.0
CXXC4,0.0,0.0,1.0,1.0,0.0
SLC5A1,0.0,0.0,1.0,1.0,0.0
RFPL2,0.0,0.0,1.0,1.0,0.0
AC244250.1,0.0,0.0,1.0,1.0,0.0
AL022334.2,0.0,0.0,1.0,1.0,0.0
EPHA8,0.0,0.0,1.0,1.0,0.0
AL512444.1,0.0,0.0,1.0,1.0,0.0
LINC01216,0.0,0.0,1.0,1.0,0.0
AL031428.1,0.0,0.0,1.0,1.0,0.0
LINC01218,0.0,0.0,1.0,1.0,0.0
AL049748.1,0.0,0.0,1.0,1.0,0.0
MB,0.0,0.0,1.0,1.0,0.0
Z82244.1,0.0,0.0,1.0,1.0,0.0
RFPL3,0.0,0.0,1.0,1.0,0.0
AL109936.2,0.0,0.0,1.0,1.0,0.0
AL008635.1,0.0,0.0,1.0,1.0,0.0
ISX,0.0,0.0,1.0,1.0,0.0
AL024495.1,0.0,0.0,1.0,1.0,0.0
LARGE-AS1,0.0,0.0,1.0,1.0,0.0
AL021937.4,0.0,0.0,1.0,1.0,0.0
IGLVIVOR22-2,0.0,0.0,1.0,1.0,0.0
HORMAD2-AS1,0.0,0.0,1.0,1.0,0.0
AL445648.1,0.0,0.0,1.0,1.0,0.0
AC004063.1,0.0,0.0,1.0,1.0,0.0
AP000355.1,0.0,0.0,1.0,1.0,0.0
IGLVIVOR22-1,0.0,0.0,1.0,1.0,0.0
AC107398.4,0.0,0.0,1.0,1.0,0.0
GABRB1,0.0,0.0,1.0,1.0,0.0
PIWIL3,0.0,0.0,1.0,1.0,0.0
AP000357.2,0.0,0.0,1.0,1.0,0.0
LEF1,0.0,0.0,1.0,1.0,0.0
GGT1-1,0.0,0.0,1.0,1.0,0.0
LEF1-AS1,0.0,0.0,1.0,1.0,0.0
AC005529.1,0.0,0.0,1.0,1.0,0.0
GSTT4,0.0,0.0,1.0,1.0,0.0
GABRA4,0.0,0.0,1.0,1.0,0.0
EXTL1,0.0,0.0,1.0,1.0,0.0
AP000345.2,0.0,0.0,1.0,1.0,0.0
LINC02556,0.0,0.0,1.0,1.0,0.0
GABRA2,0.0,0.0,1.0,1.0,0.0
IGLC1,0.0,0.0,1.0,1.0,0.0
SEZ6L,0.0,0.0,1.0,1.0,0.0
Z95115.2,0.0,0.0,1.0,1.0,0.0
GIMD1,0.0,0.0,1.0,1.0,0.0
AC107398.5,0.0,0.0,1.0,1.0,0.0
RUNX3,0.0,0.0,1.0,1.0,0.0
AC000035.1,0.0,0.0,1.0,1.0,0.0
AL445471.2,0.0,0.0,1.0,1.0,0.0
RFPL1,0.0,0.0,1.0,1.0,0.0
AC096577.1,0.0,0.0,1.0,1.0,0.0
AL050344.1,0.0,0.0,1.0,1.0,0.0
AL031186.1,0.0,0.0,1.0,1.0,0.0
TET2-AS1,0.0,0.0,1.0,1.0,0.0
AL021393.1,0.0,0.0,1.0,1.0,0.0
ARHGEF38,0.0,0.0,1.0,1.0,0.0
NPNT,0.0,0.0,1.0,1.0,0.0
AL121885.2,0.0,0.0,1.0,1.0,0.0
AL050402.1,0.0,0.0,1.0,1.0,0.0
AC109361.2,0.0,0.0,1.0,1.0,0.0
AL008638.6,0.0,0.0,1.0,1.0,0.0
PHEX-AS1,0.0,0.0,1.0,1.0,0.0
PTCHD1-AS,0.0,0.0,1.0,1.0,0.0
CBLL2,0.0,0.0,1.0,1.0,0.0
STATH,0.0,0.0,1.0,1.0,0.0
CD40LG,0.0,0.0,1.0,1.0,0.0
LINC00892,0.0,0.0,1.0,1.0,0.0
ADGRG4,0.0,0.0,1.0,1.0,0.0
UGT2B11,0.0,0.0,1.0,1.0,0.0
UGT2B4,0.0,0.0,1.0,1.0,0.0
AL590282.2,0.0,0.0,1.0,1.0,0.0
AC234771.1,0.0,0.0,1.0,1.0,0.0
HTN3,0.0,0.0,1.0,1.0,0.0
GPR101,0.0,0.0,1.0,1.0,0.0
LINC02243,0.0,0.0,1.0,1.0,0.0
CCDC160,0.0,0.0,1.0,1.0,0.0
GPC3,0.0,0.0,1.0,1.0,0.0
USP26,0.0,0.0,1.0,1.0,0.0
MBNL3,0.0,0.0,1.0,1.0,0.0
FRMD7,0.0,0.0,1.0,1.0,0.0
STK26,0.0,0.0,1.0,1.0,0.0
UGT2B7,0.0,0.0,1.0,1.0,0.0
FGF13,0.0,0.0,1.0,1.0,0.0
HSFX4,0.0,0.0,1.0,1.0,0.0
SPANXN3,0.0,0.0,1.0,1.0,0.0
HSFX3,0.0,0.0,1.0,1.0,0.0
AC244197.2,0.0,0.0,1.0,1.0,0.0
FMR1NB,0.0,0.0,1.0,1.0,0.0
LINC01770,0.0,0.0,1.0,1.0,0.0
AL589669.1,0.0,0.0,1.0,1.0,0.0
SLITRK2,0.0,0.0,1.0,1.0,0.0
SPANXN2,0.0,0.0,1.0,1.0,0.0
MAGEC1,0.0,0.0,1.0,1.0,0.0
FGF13-AS1,0.0,0.0,1.0,1.0,0.0
AC235097.1,0.0,0.0,1.0,1.0,0.0
SPANXA1,0.0,0.0,1.0,1.0,0.0
TMPRSS11F,0.0,0.0,1.0,1.0,0.0
TMPRSS11B,0.0,0.0,1.0,1.0,0.0
AL451048.1,0.0,0.0,1.0,1.0,0.0
CDR1,0.0,0.0,1.0,1.0,0.0
MCF2,0.0,0.0,1.0,1.0,0.0
ARHGAP36,0.0,0.0,1.0,1.0,0.0
Z82195.3,0.0,0.0,1.0,1.0,0.0
PRR27,0.0,0.0,1.0,1.0,0.0
KLHL13,0.0,0.0,1.0,1.0,0.0
SOWAHD,0.0,0.0,1.0,1.0,0.0
PLCH2,0.0,0.0,1.0,1.0,0.0
AC004835.1,0.0,0.0,1.0,1.0,0.0
AL139246.3,0.0,0.0,1.0,1.0,0.0
KIAA1210,0.0,0.0,1.0,1.0,0.0
JCHAIN,0.0,0.0,1.0,1.0,0.0
AL831784.1,0.0,0.0,1.0,1.0,0.0
SLC6A14,0.0,0.0,1.0,1.0,0.0
CSN3,0.0,0.0,1.0,1.0,0.0
RBMXL3,0.0,0.0,1.0,1.0,0.0
HTR2C,0.0,0.0,1.0,1.0,0.0
XACT,0.0,0.0,1.0,1.0,0.0
AL023877.1,0.0,0.0,1.0,1.0,0.0
AC002072.1,0.0,0.0,1.0,1.0,0.0
AMOT,0.0,0.0,1.0,1.0,0.0
DCX,0.0,0.0,1.0,1.0,0.0
RHOXF2,0.0,0.0,1.0,1.0,0.0
TMEM255A,0.0,0.0,1.0,1.0,0.0
ATP1B4,0.0,0.0,1.0,1.0,0.0
AC009570.2,0.0,0.0,1.0,1.0,0.0
SASH3,0.0,0.0,1.0,1.0,0.0
XPNPEP2,0.0,0.0,1.0,1.0,0.0
ENAM,0.0,0.0,1.0,1.0,0.0
AL589739.1,0.0,0.0,1.0,1.0,0.0
AL591643.1,0.0,0.0,1.0,1.0,0.0
PRR32,0.0,0.0,1.0,1.0,0.0
DCAF12L2,0.0,0.0,1.0,1.0,0.0
AL445072.1,0.0,0.0,1.0,1.0,0.0
TEX13C,0.0,0.0,1.0,1.0,0.0
TENM1,0.0,0.0,1.0,1.0,0.0
TEX13D,0.0,0.0,1.0,1.0,0.0
SH2D1A,0.0,0.0,1.0,1.0,0.0
AL359851.1,0.0,0.0,1.0,1.0,0.0
AC002377.1,0.0,0.0,1.0,1.0,0.0
AC006144.2,0.0,0.0,1.0,1.0,0.0
MAGEA8,0.0,0.0,1.0,1.0,0.0
ANKRD65,0.0,0.0,1.0,1.0,0.0
AC092832.2,0.0,0.0,1.0,1.0,0.0
AC010722.1,0.0,0.0,1.0,1.0,0.0
DDX3Y,0.0,0.0,1.0,1.0,0.0
FAM197Y6,0.0,0.0,1.0,1.0,0.0
FAM197Y7,0.0,0.0,1.0,1.0,0.0
AC064829.1,0.0,0.0,1.0,1.0,0.0
AC013724.1,0.0,0.0,1.0,1.0,0.0
AC011297.1,0.0,0.0,1.0,1.0,0.0
TBL1Y,0.0,0.0,1.0,1.0,0.0
RPS4Y1,0.0,0.0,1.0,1.0,0.0
TMSB4Y,0.0,0.0,1.0,1.0,0.0
AC017091.1,0.0,0.0,1.0,1.0,0.0
AL645608.7,0.0,0.0,1.0,1.0,0.0
TMLHE-AS1,0.0,0.0,1.0,1.0,0.0
F8A3,0.0,0.0,1.0,1.0,0.0
AC234781.1,0.0,0.0,1.0,1.0,0.0
CLIC2,0.0,0.0,1.0,1.0,0.0
LINC02429,0.0,0.0,1.0,1.0,0.0
UTY,0.0,0.0,1.0,1.0,0.0
NLGN4Y-AS1,0.0,0.0,1.0,1.0,0.0
GNRHR,0.0,0.0,1.0,1.0,0.0
AL645608.4,0.0,0.0,1.0,1.0,0.0
AC007325.1,0.0,0.0,1.0,1.0,0.0
AC023491.2,0.0,0.0,1.0,1.0,0.0
AC136616.1,0.0,0.0,1.0,1.0,0.0
AC136352.3,0.0,0.0,1.0,1.0,0.0
AC004556.3,0.0,0.0,1.0,1.0,0.0
AL627309.3,0.0,0.0,1.0,1.0,0.0
AL645608.6,0.0,0.0,1.0,1.0,0.0
LINC02593,0.0,0.0,1.0,1.0,0.0
FAM224B,0.0,0.0,1.0,1.0,0.0
PRORY,0.0,0.0,1.0,1.0,0.0
RPS4Y2,0.0,0.0,1.0,1.0,0.0
EIF1AY,0.0,0.0,1.0,1.0,0.0
AC105390.1,0.0,0.0,1.0,1.0,0.0
AC010889.2,0.0,0.0,1.0,1.0,0.0
KDM5D,0.0,0.0,1.0,1.0,0.0
FAM224A,0.0,0.0,1.0,1.0,0.0
AL645608.1,0.0,0.0,1.0,1.0,0.0
AC096588.1,0.0,0.0,1.0,1.0,0.0
AC093857.1,0.0,0.0,1.0,1.0,0.0
MAGEA12,0.0,0.0,1.0,1.0,0.0
TREX2,0.0,0.0,1.0,1.0,0.0
PNMA6E,0.0,0.0,1.0,1.0,0.0
PNMA6F,0.0,0.0,1.0,1.0,0.0
AC236972.3,0.0,0.0,1.0,1.0,0.0
MAGEA1,0.0,0.0,1.0,1.0,0.0
PNMA3,0.0,0.0,1.0,1.0,0.0
PNMA5,0.0,0.0,1.0,1.0,0.0
GABRQ,0.0,0.0,1.0,1.0,0.0
SMIM9,0.0,0.0,1.0,1.0,0.0
AC244102.4,0.0,0.0,1.0,1.0,0.0
AC116666.1,0.0,0.0,1.0,1.0,0.0
FATE1,0.0,0.0,1.0,1.0,0.0
PASD1,0.0,0.0,1.0,1.0,0.0
BX546450.1,0.0,0.0,1.0,1.0,0.0
BX546450.2,0.0,0.0,1.0,1.0,0.0
AF274853.1,0.0,0.0,1.0,1.0,0.0
MXRA8,0.0,0.0,1.0,1.0,0.0
ATP2B3,0.0,0.0,1.0,1.0,0.0
DUSP9,0.0,0.0,1.0,1.0,0.0
PNCK,0.0,0.0,1.0,1.0,0.0
RNF223,0.0,0.0,1.0,1.0,0.0
CTAG2,0.0,0.0,1.0,1.0,0.0
AL390719.2,0.0,0.0,1.0,1.0,0.0
TNFRSF18,0.0,0.0,1.0,1.0,0.0
ADGRL3,0.0,0.0,1.0,1.0,0.0
TECRL,0.0,0.0,1.0,1.0,0.0
LINC02232,0.0,0.0,1.0,1.0,0.0
TEX28,0.0,0.0,1.0,1.0,0.0
OPN1LW,0.0,0.0,1.0,1.0,0.0
EPHA5,0.0,0.0,1.0,1.0,0.0
HCFC1-AS1,0.0,0.0,1.0,1.0,0.0
AC097110.1,0.0,0.0,1.0,1.0,0.0
U52112.1,0.0,0.0,1.0,1.0,0.0
AC116049.2,0.0,0.0,1.0,1.0,0.0
TAS1R3,0.0,0.0,1.0,1.0,0.0
AL592464.3,0.0,0.0,1.0,1.0,0.0
CHRDL1,0.0,0.0,1.0,1.0,0.0
PRDM16,0.0,0.0,1.0,1.0,0.0
AC092674.1,0.0,0.0,1.0,1.0,0.0
FAM156B,0.0,0.0,1.0,1.0,0.0
XAGE3,0.0,0.0,1.0,1.0,0.0
XAGE5,0.0,0.0,1.0,1.0,0.0
XAGE2,0.0,0.0,1.0,1.0,0.0
LINC01496,0.0,0.0,1.0,1.0,0.0
NUDT10,0.0,0.0,1.0,1.0,0.0
DGKK,0.0,0.0,1.0,1.0,0.0
PAGE1,0.0,0.0,1.0,1.0,0.0
AL591212.1,0.0,0.0,1.0,1.0,0.0
FRAS1,0.0,0.0,1.0,1.0,0.0
AC231533.1,0.0,0.0,1.0,1.0,0.0
AC112253.1,0.0,0.0,1.0,1.0,0.0
AC098868.1,0.0,0.0,1.0,1.0,0.0
AL139423.1,0.0,0.0,1.0,1.0,0.0
NAA11,0.0,0.0,1.0,1.0,0.0
AL606490.3,0.0,0.0,1.0,1.0,0.0
SOWAHB,0.0,0.0,1.0,1.0,0.0
AL357140.4,0.0,0.0,1.0,1.0,0.0
ARHGEF16,0.0,0.0,1.0,1.0,0.0
FOXR2,0.0,0.0,1.0,1.0,0.0
CXCL9,0.0,0.0,1.0,1.0,0.0
SPIN4-AS1,0.0,0.0,1.0,1.0,0.0
CXCL10,0.0,0.0,1.0,1.0,0.0
CA6,0.0,0.0,1.0,1.0,0.0
SLC2A7,0.0,0.0,1.0,1.0,0.0
AC110795.1,0.0,0.0,1.0,1.0,0.0
AL354793.1,0.0,0.0,1.0,1.0,0.0
PAGE5,0.0,0.0,1.0,1.0,0.0
AC233728.1,0.0,0.0,1.0,1.0,0.0
PAGE2,0.0,0.0,1.0,1.0,0.0
PAGE2B,0.0,0.0,1.0,1.0,0.0
ALAS2,0.0,0.0,1.0,1.0,0.0
AC034139.1,0.0,0.0,1.0,1.0,0.0
PFKFB1,0.0,0.0,1.0,1.0,0.0
TRO,0.0,0.0,1.0,1.0,0.0
ITIH6,0.0,0.0,1.0,1.0,0.0
SSX1,0.0,0.0,1.0,1.0,0.0
ZNF630-AS1,0.0,0.0,1.0,1.0,0.0
SPACA5,0.0,0.0,1.0,1.0,0.0
MAGEB5,0.0,0.0,1.0,1.0,0.0
CYBB,0.0,0.0,1.0,1.0,0.0
NPPB,0.0,0.0,1.0,1.0,0.0
AL606516.1,0.0,0.0,1.0,1.0,0.0
CFAP47,0.0,0.0,1.0,1.0,0.0
TAB3-AS1,0.0,0.0,1.0,1.0,0.0
DCAF8L2,0.0,0.0,1.0,1.0,0.0
VENTXP1,0.0,0.0,1.0,1.0,0.0
MAGEB6,0.0,0.0,1.0,1.0,0.0
PCAT4,0.0,0.0,1.0,1.0,0.0
AC121342.1,0.0,0.0,1.0,1.0,0.0
ARX,0.0,0.0,1.0,1.0,0.0
ZFX-AS1,0.0,0.0,1.0,1.0,0.0
TNFRSF8,0.0,0.0,1.0,1.0,0.0
AC105384.1,0.0,0.0,1.0,1.0,0.0
DDX53,0.0,0.0,1.0,1.0,0.0
AC004470.1,0.0,0.0,1.0,1.0,0.0
OTC,0.0,0.0,1.0,1.0,0.0
TSPAN7,0.0,0.0,1.0,1.0,0.0
AL953897.1,0.0,0.0,1.0,1.0,0.0
AL592164.2,0.0,0.0,1.0,1.0,0.0
ZNF157,0.0,0.0,1.0,1.0,0.0
AL591503.1,0.0,0.0,1.0,1.0,0.0
AL031291.1,0.0,0.0,1.0,1.0,0.0
LINC01647,0.0,0.0,1.0,1.0,0.0
NDP-AS1,0.0,0.0,1.0,1.0,0.0
AL023574.1,0.0,0.0,1.0,1.0,0.0
GSX2,0.0,0.0,1.0,1.0,0.0
Z94277.1,0.0,0.0,1.0,1.0,0.0
AL133329.1,0.0,0.0,1.0,1.0,0.0
GPR34,0.0,0.0,1.0,1.0,0.0
NYX,0.0,0.0,1.0,1.0,0.0
LINC02601,0.0,0.0,1.0,1.0,0.0
LINC00575,0.0,0.0,1.0,1.0,0.0
AC067942.4,0.0,0.0,1.0,1.0,0.0
MPC1L,0.0,0.0,1.0,1.0,0.0
AL034397.3,0.0,0.0,1.0,1.0,0.0
HEPH,0.0,0.0,1.0,1.0,0.0
AL358876.2,0.0,0.0,1.0,1.0,0.0
LINC02782,0.0,0.0,1.0,1.0,0.0
AFM,0.0,0.0,1.0,1.0,0.0
UMLILO,0.0,0.0,1.0,1.0,0.0
TCEAL7,0.0,0.0,1.0,1.0,0.0
TCEAL5,0.0,0.0,1.0,1.0,0.0
AJAP1,0.0,0.0,1.0,1.0,0.0
NXF3,0.0,0.0,1.0,1.0,0.0
BEX1,0.0,0.0,1.0,1.0,0.0
ARMCX5-GPRASP2-1,0.0,0.0,1.0,1.0,0.0
AL031848.1,0.0,0.0,1.0,1.0,0.0
AL365255.1,0.0,0.0,1.0,1.0,0.0
TCEAL6,0.0,0.0,1.0,1.0,0.0
NXF5,0.0,0.0,1.0,1.0,0.0
AC093677.3,0.0,0.0,1.0,1.0,0.0
AC239584.1,0.0,0.0,1.0,1.0,0.0
BTC,0.0,0.0,1.0,1.0,0.0
BTK,0.0,0.0,1.0,1.0,0.0
ALB,0.0,0.0,1.0,1.0,0.0
LINC02780,0.0,0.0,1.0,1.0,0.0
LINC01345,0.0,0.0,1.0,1.0,0.0
LINC01346,0.0,0.0,1.0,1.0,0.0
GUCY2F,0.0,0.0,1.0,1.0,0.0
AL035425.1,0.0,0.0,1.0,1.0,0.0
AL035425.3,0.0,0.0,1.0,1.0,0.0
AL512413.1,0.0,0.0,1.0,1.0,0.0
TEX13B,0.0,0.0,1.0,1.0,0.0
NCBP2L,0.0,0.0,1.0,1.0,0.0
PDCL2,0.0,0.0,1.0,1.0,0.0
SLC4A4,0.0,0.0,1.0,1.0,0.0
NUP62CL,0.0,0.0,1.0,1.0,0.0
RIPPLY1,0.0,0.0,1.0,1.0,0.0
RADX,0.0,0.0,1.0,1.0,0.0
ESX1,0.0,0.0,1.0,1.0,0.0
AL365330.1,0.0,0.0,1.0,1.0,0.0
PLP1,0.0,0.0,1.0,1.0,0.0
GLRA4,0.0,0.0,1.0,1.0,0.0
TRMT2B-AS1,0.0,0.0,1.0,1.0,0.0
TAS1R1,0.0,0.0,1.0,1.0,0.0
LINC00269,0.0,0.0,1.0,1.0,0.0
KIT,0.0,0.0,1.0,1.0,0.0
CDX4,0.0,0.0,1.0,1.0,0.0
NAP1L2,0.0,0.0,1.0,1.0,0.0
PABPC1L2A,0.0,0.0,1.0,1.0,0.0
PHKA1-AS1,0.0,0.0,1.0,1.0,0.0
AC111194.2,0.0,0.0,1.0,1.0,0.0
LINC00891,0.0,0.0,1.0,1.0,0.0
CXCR3,0.0,0.0,1.0,1.0,0.0
PPEF2,0.0,0.0,1.0,1.0,0.0
TNMD,0.0,0.0,1.0,1.0,0.0
IL2RG,0.0,0.0,1.0,1.0,0.0
CXorf65,0.0,0.0,1.0,1.0,0.0
SLC7A3,0.0,0.0,1.0,1.0,0.0
RAB41,0.0,0.0,1.0,1.0,0.0
P2RY4,0.0,0.0,1.0,1.0,0.0
AWAT1,0.0,0.0,1.0,1.0,0.0
AL158141.1,0.0,0.0,1.0,1.0,0.0
AL359881.2,0.0,0.0,1.0,1.0,0.0
AL359881.3,0.0,0.0,1.0,1.0,0.0
ZCCHC13,0.0,0.0,1.0,1.0,0.0
SLC16A2,0.0,0.0,1.0,1.0,0.0
NAP1L3,0.0,0.0,1.0,1.0,0.0
PABPC5,0.0,0.0,1.0,1.0,0.0
AL121823.1,0.0,0.0,1.0,1.0,0.0
DACH2,0.0,0.0,1.0,1.0,0.0
POF1B,0.0,0.0,1.0,1.0,0.0
ZNF711,0.0,0.0,1.0,1.0,0.0
AC003001.1,0.0,0.0,1.0,1.0,0.0
SATL1,0.0,0.0,1.0,1.0,0.0
AC025244.2,0.0,0.0,1.0,1.0,0.0
GPR174,0.0,0.0,1.0,1.0,0.0
P2RY10,0.0,0.0,1.0,1.0,0.0
AC021220.2,0.0,0.0,1.0,1.0,0.0
AL512330.1,0.0,0.0,1.0,1.0,0.0
AL451105.2,0.0,0.0,1.0,1.0,0.0
Z97987.1,0.0,0.0,1.0,1.0,0.0
TRPM2,0.0,0.0,1.0,1.0,0.0
MTRNR2L13,0.0,0.0,1.0,1.0,0.0
AC106892.1,0.0,0.0,1.0,1.0,0.0
AC079298.1,0.0,0.0,1.0,1.0,0.0
AC106865.2,0.0,0.0,1.0,1.0,0.0
SLC1A7,0.0,0.0,1.0,1.0,0.0
TLR2,0.0,0.0,1.0,1.0,0.0
AC079298.3,0.0,0.0,1.0,1.0,0.0
DCHS2,0.0,0.0,1.0,1.0,0.0
AC008753.2,0.0,0.0,1.0,1.0,0.0
AC008753.3,0.0,0.0,1.0,1.0,0.0
AL355483.2,0.0,0.0,1.0,1.0,0.0
LILRA6,0.0,0.0,1.0,1.0,0.0
FGB,0.0,0.0,1.0,1.0,0.0
AC119428.2,0.0,0.0,1.0,1.0,0.0
VN1R2,0.0,0.0,1.0,1.0,0.0
AC092070.1,0.0,0.0,1.0,1.0,0.0
FGA,0.0,0.0,1.0,1.0,0.0
GLIS1,0.0,0.0,1.0,1.0,0.0
ERVV-2,0.0,0.0,1.0,1.0,0.0
AC245052.1,0.0,0.0,1.0,1.0,0.0
AC021860.1,0.0,0.0,1.0,1.0,0.0
NLRP9,0.0,0.0,1.0,1.0,0.0
FBXW7-AS1,0.0,0.0,1.0,1.0,0.0
TXNDC12-AS1,0.0,0.0,1.0,1.0,0.0
AC079340.2,0.0,0.0,1.0,1.0,0.0
AC080078.1,0.0,0.0,1.0,1.0,0.0
C19orf85,0.0,0.0,1.0,1.0,0.0
SHISA7,0.0,0.0,1.0,1.0,0.0
AC020922.3,0.0,0.0,1.0,1.0,0.0
TMEM190,0.0,0.0,1.0,1.0,0.0
AC020922.4,0.0,0.0,1.0,1.0,0.0
AC245884.1,0.0,0.0,1.0,1.0,0.0
AC020922.2,0.0,0.0,1.0,1.0,0.0
AL591167.1,0.0,0.0,1.0,1.0,0.0
NLRP2,0.0,0.0,1.0,1.0,0.0
LAIR2,0.0,0.0,1.0,1.0,0.0
AC099677.4,0.0,0.0,1.0,1.0,0.0
AL445183.1,0.0,0.0,1.0,1.0,0.0
AC245884.9,0.0,0.0,1.0,1.0,0.0
ERVV-1,0.0,0.0,1.0,1.0,0.0
AC097467.3,0.0,0.0,1.0,1.0,0.0
MAP9,0.0,0.0,1.0,1.0,0.0
AL161644.1,0.0,0.0,1.0,1.0,0.0
AC098679.6,0.0,0.0,1.0,1.0,0.0
AC008750.3,0.0,0.0,1.0,1.0,0.0
IGLON5,0.0,0.0,1.0,1.0,0.0
LINC01872,0.0,0.0,1.0,1.0,0.0
SIGLECL1,0.0,0.0,1.0,1.0,0.0
SIGLEC7,0.0,0.0,1.0,1.0,0.0
SIGLEC9,0.0,0.0,1.0,1.0,0.0
KLK14,0.0,0.0,1.0,1.0,0.0
GUCY1B1,0.0,0.0,1.0,1.0,0.0
KLK13,0.0,0.0,1.0,1.0,0.0
KLK8,0.0,0.0,1.0,1.0,0.0
KLK7,0.0,0.0,1.0,1.0,0.0
AC011483.1,0.0,0.0,1.0,1.0,0.0
KLK4,0.0,0.0,1.0,1.0,0.0
KLK3,0.0,0.0,1.0,1.0,0.0
AC011523.1,0.0,0.0,1.0,1.0,0.0
NKG7,0.0,0.0,1.0,1.0,0.0
C19orf84,0.0,0.0,1.0,1.0,0.0
LINC02278,0.0,0.0,1.0,1.0,0.0
AC008750.1,0.0,0.0,1.0,1.0,0.0
AC022150.3,0.0,0.0,1.0,1.0,0.0
AC010320.3,0.0,0.0,1.0,1.0,0.0
AC011468.3,0.0,0.0,1.0,1.0,0.0
AC092608.1,0.0,0.0,1.0,1.0,0.0
GRIA2,0.0,0.0,1.0,1.0,0.0
AC093817.2,0.0,0.0,1.0,1.0,0.0
ZNF649-AS1,0.0,0.0,1.0,1.0,0.0
AC006272.1,0.0,0.0,1.0,1.0,0.0
FPR2,0.0,0.0,1.0,1.0,0.0
SIGLEC14,0.0,0.0,1.0,1.0,0.0
SIGLEC5,0.0,0.0,1.0,1.0,0.0
AC093817.1,0.0,0.0,1.0,1.0,0.0
AC020914.1,0.0,0.0,1.0,1.0,0.0
SIGLEC12,0.0,0.0,1.0,1.0,0.0
AC008750.2,0.0,0.0,1.0,1.0,0.0
AC010525.1,0.0,0.0,1.0,1.0,0.0
NLRP13,0.0,0.0,1.0,1.0,0.0
AL079338.1,0.0,0.0,1.0,1.0,0.0
AC092435.1,0.0,0.0,1.0,1.0,0.0
AL109935.1,0.0,0.0,1.0,1.0,0.0
LINC01729,0.0,0.0,1.0,1.0,0.0
LINC00658,0.0,0.0,1.0,1.0,0.0
AL121757.3,0.0,0.0,1.0,1.0,0.0
AL121890.3,0.0,0.0,1.0,1.0,0.0
AL133396.2,0.0,0.0,1.0,1.0,0.0
AL139350.1,0.0,0.0,1.0,1.0,0.0
AC097450.1,0.0,0.0,1.0,1.0,0.0
AC092435.2,0.0,0.0,1.0,1.0,0.0
EDNRA,0.0,0.0,1.0,1.0,0.0
SIGLEC1,0.0,0.0,1.0,1.0,0.0
LINC02507,0.0,0.0,1.0,1.0,0.0
AC093835.1,0.0,0.0,1.0,1.0,0.0
AVP,0.0,0.0,1.0,1.0,0.0
OXT,0.0,0.0,1.0,1.0,0.0
GNRH2,0.0,0.0,1.0,1.0,0.0
MCM8-AS1,0.0,0.0,1.0,1.0,0.0
LRRN4,0.0,0.0,1.0,1.0,0.0
LINC01864,0.0,0.0,1.0,1.0,0.0
REELD1,0.0,0.0,1.0,1.0,0.0
ISM1-AS1,0.0,0.0,1.0,1.0,0.0
LINC01723,0.0,0.0,1.0,1.0,0.0
AL078623.1,0.0,0.0,1.0,1.0,0.0
AL109838.1,0.0,0.0,1.0,1.0,0.0
LINC01095,0.0,0.0,1.0,1.0,0.0
LINC00687,0.0,0.0,1.0,1.0,0.0
AL109837.3,0.0,0.0,1.0,1.0,0.0
C20orf187,0.0,0.0,1.0,1.0,0.0
AL118505.1,0.0,0.0,1.0,1.0,0.0
AL050403.1,0.0,0.0,1.0,1.0,0.0
AC097372.1,0.0,0.0,1.0,1.0,0.0
AL023913.1,0.0,0.0,1.0,1.0,0.0
SNAP25,0.0,0.0,1.0,1.0,0.0
AL034427.1,0.0,0.0,1.0,1.0,0.0
HAO1,0.0,0.0,1.0,1.0,0.0
CASC20,0.0,0.0,1.0,1.0,0.0
TMEM239,0.0,0.0,1.0,1.0,0.0
TMC2,0.0,0.0,1.0,1.0,0.0
SIRPD,0.0,0.0,1.0,1.0,0.0
USP29,0.0,0.0,1.0,1.0,0.0
ZIK1,0.0,0.0,1.0,1.0,0.0
BEND5,0.0,0.0,1.0,1.0,0.0
LINC02808,0.0,0.0,1.0,1.0,0.0
AC003005.2,0.0,0.0,1.0,1.0,0.0
C1orf185,0.0,0.0,1.0,1.0,0.0
AC005261.3,0.0,0.0,1.0,1.0,0.0
DUXA,0.0,0.0,1.0,1.0,0.0
PEG3,0.0,0.0,1.0,1.0,0.0
AC069272.1,0.0,0.0,1.0,1.0,0.0
AC104819.3,0.0,0.0,1.0,1.0,0.0
AC006116.4,0.0,0.0,1.0,1.0,0.0
AC006116.9,0.0,0.0,1.0,1.0,0.0
AC097375.4,0.0,0.0,1.0,1.0,0.0
ZSCAN5B,0.0,0.0,1.0,1.0,0.0
GALP,0.0,0.0,1.0,1.0,0.0
AC079340.3,0.0,0.0,1.0,1.0,0.0
SLC5A9,0.0,0.0,1.0,1.0,0.0
AL109659.1,0.0,0.0,1.0,1.0,0.0
AC096541.1,0.0,0.0,1.0,1.0,0.0
AC008969.2,0.0,0.0,1.0,1.0,0.0
LINC01398,0.0,0.0,1.0,1.0,0.0
RSPO4,0.0,0.0,1.0,1.0,0.0
DMBX1,0.0,0.0,1.0,1.0,0.0
TMEM275,0.0,0.0,1.0,1.0,0.0
AC002460.1,0.0,0.0,1.0,1.0,0.0
AC012313.9,0.0,0.0,1.0,1.0,0.0
CYP4Z1,0.0,0.0,1.0,1.0,0.0
AC108156.1,0.0,0.0,1.0,1.0,0.0
LINC02430,0.0,0.0,1.0,1.0,0.0
LINC02560,0.0,0.0,1.0,1.0,0.0
RNF225,0.0,0.0,1.0,1.0,0.0
LINC02355,0.0,0.0,1.0,1.0,0.0
FOXE3,0.0,0.0,1.0,1.0,0.0
AC008751.3,0.0,0.0,1.0,1.0,0.0
LINC01738,0.0,0.0,1.0,1.0,0.0
AC098679.1,0.0,0.0,1.0,1.0,0.0
LINC02784,0.0,0.0,1.0,1.0,0.0
AC010325.2,0.0,0.0,1.0,1.0,0.0
AC005392.3,0.0,0.0,1.0,1.0,0.0
LINC01702,0.0,0.0,1.0,1.0,0.0
ASB5,0.0,0.0,1.0,1.0,0.0
AC067968.2,0.0,0.0,1.0,1.0,0.0
AC097518.2,0.0,0.0,1.0,1.0,0.0
AC097518.1,0.0,0.0,1.0,1.0,0.0
RPE65,0.0,0.0,1.0,1.0,0.0
L34079.2,0.0,0.0,1.0,1.0,0.0
AC005392.2,0.0,0.0,1.0,1.0,0.0
C1orf141,0.0,0.0,1.0,1.0,0.0
PSG2,0.0,0.0,1.0,1.0,0.0
LINC01099,0.0,0.0,1.0,1.0,0.0
PSG7,0.0,0.0,1.0,1.0,0.0
PSG6,0.0,0.0,1.0,1.0,0.0
PSG8-AS1,0.0,0.0,1.0,1.0,0.0
PSG8,0.0,0.0,1.0,1.0,0.0
PSG3,0.0,0.0,1.0,1.0,0.0
LINC02505,0.0,0.0,1.0,1.0,0.0
AC245748.3,0.0,0.0,1.0,1.0,0.0
ACP4,0.0,0.0,1.0,1.0,0.0
AC106895.1,0.0,0.0,1.0,1.0,0.0
AC022463.1,0.0,0.0,1.0,1.0,0.0
AL445205.1,0.0,0.0,1.0,1.0,0.0
UBE2U,0.0,0.0,1.0,1.0,0.0
RSPH6A,0.0,0.0,1.0,1.0,0.0
AC093849.1,0.0,0.0,1.0,1.0,0.0
AL513493.1,0.0,0.0,1.0,1.0,0.0
AL590783.1,0.0,0.0,1.0,1.0,0.0
LINC02268,0.0,0.0,1.0,1.0,0.0
AL592161.1,0.0,0.0,1.0,1.0,0.0
APOC2,0.0,0.0,1.0,1.0,0.0
NWD2,0.0,0.0,1.0,1.0,0.0
LINC02616,0.0,0.0,1.0,1.0,0.0
AC093746.1,0.0,0.0,1.0,1.0,0.0
CBLC,0.0,0.0,1.0,1.0,0.0
INSL5,0.0,0.0,1.0,1.0,0.0
AC096751.2,0.0,0.0,1.0,1.0,0.0
AL035412.1,0.0,0.0,1.0,1.0,0.0
AC011497.1,0.0,0.0,1.0,1.0,0.0
LINC01707,0.0,0.0,1.0,1.0,0.0
TTC9B,0.0,0.0,1.0,1.0,0.0
AC019193.3,0.0,0.0,1.0,1.0,0.0
AL354949.1,0.0,0.0,1.0,1.0,0.0
AL583808.1,0.0,0.0,1.0,1.0,0.0
AC010271.2,0.0,0.0,1.0,1.0,0.0
AL591463.1,0.0,0.0,1.0,1.0,0.0
CLDN24,0.0,0.0,1.0,1.0,0.0
CNTD2,0.0,0.0,1.0,1.0,0.0
AC105271.1,0.0,0.0,1.0,1.0,0.0
AC108169.1,0.0,0.0,1.0,1.0,0.0
ERICH3,0.0,0.0,1.0,1.0,0.0
FCGBP,0.0,0.0,1.0,1.0,0.0
AC092813.1,0.0,0.0,1.0,1.0,0.0
AC092813.2,0.0,0.0,1.0,1.0,0.0
ST6GALNAC5,0.0,0.0,1.0,1.0,0.0
AC011445.1,0.0,0.0,1.0,1.0,0.0
IFNL2,0.0,0.0,1.0,1.0,0.0
AC008537.2,0.0,0.0,1.0,1.0,0.0
CYP2A6,0.0,0.0,1.0,1.0,0.0
LINC02484,0.0,0.0,1.0,1.0,0.0
AC079226.1,0.0,0.0,1.0,1.0,0.0
AC093840.2,0.0,0.0,1.0,1.0,0.0
LINC01758,0.0,0.0,1.0,1.0,0.0
AC010247.2,0.0,0.0,1.0,1.0,0.0
AL359894.1,0.0,0.0,1.0,1.0,0.0
GRIK5,0.0,0.0,1.0,1.0,0.0
AC110790.1,0.0,0.0,1.0,1.0,0.0
LYPD4,0.0,0.0,1.0,1.0,0.0
AC243967.3,0.0,0.0,1.0,1.0,0.0
AL117353.1,0.0,0.0,1.0,1.0,0.0
AC011462.2,0.0,0.0,1.0,1.0,0.0
AL158839.1,0.0,0.0,1.0,1.0,0.0
AC079226.2,0.0,0.0,1.0,1.0,0.0
AC011510.1,0.0,0.0,1.0,1.0,0.0
AL513285.1,0.0,0.0,1.0,1.0,0.0
CYP2F1,0.0,0.0,1.0,1.0,0.0
NANOS2,0.0,0.0,1.0,1.0,0.0
BX004807.1,0.0,0.0,1.0,1.0,0.0
PGLYRP1,0.0,0.0,1.0,1.0,0.0
HRC,0.0,0.0,1.0,1.0,0.0
LINC01755,0.0,0.0,1.0,1.0,0.0
APELA,0.0,0.0,1.0,1.0,0.0
LINC01753,0.0,0.0,1.0,1.0,0.0
PTH2,0.0,0.0,1.0,1.0,0.0
CCDC155,0.0,0.0,1.0,1.0,0.0
TRIM60,0.0,0.0,1.0,1.0,0.0
TRIM75P,0.0,0.0,1.0,1.0,0.0
AL353681.1,0.0,0.0,1.0,1.0,0.0
DAB1-AS1,0.0,0.0,1.0,1.0,0.0
LINC01767,0.0,0.0,1.0,1.0,0.0
FYB2,0.0,0.0,1.0,1.0,0.0
AC008687.3,0.0,0.0,1.0,1.0,0.0
NTF4,0.0,0.0,1.0,1.0,0.0
CGB2,0.0,0.0,1.0,1.0,0.0
AL161740.1,0.0,0.0,1.0,1.0,0.0
DAB1,0.0,0.0,1.0,1.0,0.0
LINC01258,0.0,0.0,1.0,1.0,0.0
BSND,0.0,0.0,1.0,1.0,0.0
AL590440.1,0.0,0.0,1.0,1.0,0.0
TKTL2,0.0,0.0,1.0,1.0,0.0
GPR32,0.0,0.0,1.0,1.0,0.0
FAM151A,0.0,0.0,1.0,1.0,0.0
ASPDH,0.0,0.0,1.0,1.0,0.0
AL590093.1,0.0,0.0,1.0,1.0,0.0
MYBPC2,0.0,0.0,1.0,1.0,0.0
LINC01259,0.0,0.0,1.0,1.0,0.0
C4orf45,0.0,0.0,1.0,1.0,0.0
AC010624.3,0.0,0.0,1.0,1.0,0.0
TTC22,0.0,0.0,1.0,1.0,0.0
AC023136.1,0.0,0.0,1.0,1.0,0.0
AC018766.1,0.0,0.0,1.0,1.0,0.0
AC021134.1,0.0,0.0,1.0,1.0,0.0
AC021134.2,0.0,0.0,1.0,1.0,0.0
NPY1R,0.0,0.0,1.0,1.0,0.0
TSKS,0.0,0.0,1.0,1.0,0.0
NUCB1-AS1,0.0,0.0,1.0,1.0,0.0
TULP2,0.0,0.0,1.0,1.0,0.0
IGFL4,0.0,0.0,1.0,1.0,0.0
LINC00466,0.0,0.0,1.0,1.0,0.0
SLC8A2,0.0,0.0,1.0,1.0,0.0
LINC02174,0.0,0.0,1.0,1.0,0.0
AC074254.1,0.0,0.0,1.0,1.0,0.0
GALNTL6,0.0,0.0,1.0,1.0,0.0
AL162400.3,0.0,0.0,1.0,1.0,0.0
AC096543.1,0.0,0.0,1.0,1.0,0.0
AC008635.1,0.0,0.0,1.0,1.0,0.0
AC096543.2,0.0,0.0,1.0,1.0,0.0
FGF21,0.0,0.0,1.0,1.0,0.0
AC011484.1,0.0,0.0,1.0,1.0,0.0
FOXD3-AS1,0.0,0.0,1.0,1.0,0.0
PNMA8C,0.0,0.0,1.0,1.0,0.0
CCDC8,0.0,0.0,1.0,1.0,0.0
IGFL1,0.0,0.0,1.0,1.0,0.0
IGFL2-AS1,0.0,0.0,1.0,1.0,0.0
AC007785.1,0.0,0.0,1.0,1.0,0.0
ZNF541,0.0,0.0,1.0,1.0,0.0
BICRA-AS1,0.0,0.0,1.0,1.0,0.0
TPRX1,0.0,0.0,1.0,1.0,0.0
AC021151.1,0.0,0.0,1.0,1.0,0.0
TACSTD2,0.0,0.0,1.0,1.0,0.0
AC080079.2,0.0,0.0,1.0,1.0,0.0
FAM83E,0.0,0.0,1.0,1.0,0.0
AL136985.1,0.0,0.0,1.0,1.0,0.0
AC098680.2,0.0,0.0,1.0,1.0,0.0
AC008403.2,0.0,0.0,1.0,1.0,0.0
AL035416.1,0.0,0.0,1.0,1.0,0.0
HOOK1,0.0,0.0,1.0,1.0,0.0
LINC02778,0.0,0.0,1.0,1.0,0.0
AC099792.1,0.0,0.0,1.0,1.0,0.0
AC079858.1,0.0,0.0,1.0,1.0,0.0
NFIA-AS1,0.0,0.0,1.0,1.0,0.0
AC011466.2,0.0,0.0,1.0,1.0,0.0
AC011466.3,0.0,0.0,1.0,1.0,0.0
PLA2G4C-AS1,0.0,0.0,1.0,1.0,0.0
MACROD2,0.0,0.0,1.0,1.0,0.0
AC104791.1,0.0,0.0,1.0,1.0,0.0
AP001062.3,0.0,0.0,1.0,1.0,0.0
SMIM34B,0.0,0.0,1.0,1.0,0.0
AP001464.1,0.0,0.0,1.0,1.0,0.0
CR382287.2,0.0,0.0,1.0,1.0,0.0
AC018692.1,0.0,0.0,1.0,1.0,0.0
LINC02379,0.0,0.0,1.0,1.0,0.0
FP236383.5,0.0,0.0,1.0,1.0,0.0
FP671120.7,0.0,0.0,1.0,1.0,0.0
FP671120.6,0.0,0.0,1.0,1.0,0.0
CU633904.1,0.0,0.0,1.0,1.0,0.0
AP001347.1,0.0,0.0,1.0,1.0,0.0
CU634019.1,0.0,0.0,1.0,1.0,0.0
AC093772.1,0.0,0.0,1.0,1.0,0.0
FP475955.3,0.0,0.0,1.0,1.0,0.0
AC097462.3,0.0,0.0,1.0,1.0,0.0
CU633906.1,0.0,0.0,1.0,1.0,0.0
FP236315.3,0.0,0.0,1.0,1.0,0.0
SLC25A31,0.0,0.0,1.0,1.0,0.0
AJ239318.1,0.0,0.0,1.0,1.0,0.0
RBM11,0.0,0.0,1.0,1.0,0.0
LINC01692,0.0,0.0,1.0,1.0,0.0
TMPRSS15,0.0,0.0,1.0,1.0,0.0
AP000477.3,0.0,0.0,1.0,1.0,0.0
AP000459.2,0.0,0.0,1.0,1.0,0.0
AP000561.1,0.0,0.0,1.0,1.0,0.0
LINC01425,0.0,0.0,1.0,1.0,0.0
NCAM2,0.0,0.0,1.0,1.0,0.0
LINC01683,0.0,0.0,1.0,1.0,0.0
MIR548XHG,0.0,0.0,1.0,1.0,0.0
LINC01549,0.0,0.0,1.0,1.0,0.0
AL109945.1,0.0,0.0,1.0,1.0,0.0
AF130359.1,0.0,0.0,1.0,1.0,0.0
AC121154.1,0.0,0.0,1.0,1.0,0.0
AP000962.3,0.0,0.0,1.0,1.0,0.0
AP001172.2,0.0,0.0,1.0,1.0,0.0
AJ009632.1,0.0,0.0,1.0,1.0,0.0
AF127577.5,0.0,0.0,1.0,1.0,0.0
AF127936.1,0.0,0.0,1.0,1.0,0.0
LINC01670,0.0,0.0,1.0,1.0,0.0
AC079801.1,0.0,0.0,1.0,1.0,0.0
MYT1,0.0,0.0,1.0,1.0,0.0
LINC02377,0.0,0.0,1.0,1.0,0.0
GJB3,0.0,0.0,1.0,1.0,0.0
AL122010.1,0.0,0.0,1.0,1.0,0.0
LINC00686,0.0,0.0,1.0,1.0,0.0
AL357033.3,0.0,0.0,1.0,1.0,0.0
AL357033.4,0.0,0.0,1.0,1.0,0.0
AL450469.1,0.0,0.0,1.0,1.0,0.0
LINC02479,0.0,0.0,1.0,1.0,0.0
HRH3,0.0,0.0,1.0,1.0,0.0
AL121581.2,0.0,0.0,1.0,1.0,0.0
AL162457.1,0.0,0.0,1.0,1.0,0.0
AL365229.1,0.0,0.0,1.0,1.0,0.0
AC096711.1,0.0,0.0,1.0,1.0,0.0
AL590434.1,0.0,0.0,1.0,1.0,0.0
AC105383.1,0.0,0.0,1.0,1.0,0.0
PCDH10,0.0,0.0,1.0,1.0,0.0
PHACTR3,0.0,0.0,1.0,1.0,0.0
LINC02466,0.0,0.0,1.0,1.0,0.0
AL513327.2,0.0,0.0,1.0,1.0,0.0
A3GALT2,0.0,0.0,1.0,1.0,0.0
SLC17A9,0.0,0.0,1.0,1.0,0.0
ABHD16B,0.0,0.0,1.0,1.0,0.0
ZBTB46-AS1,0.0,0.0,1.0,1.0,0.0
AL031602.2,0.0,0.0,1.0,1.0,0.0
AL121845.4,0.0,0.0,1.0,1.0,0.0
AC098869.2,0.0,0.0,1.0,1.0,0.0
AL121829.2,0.0,0.0,1.0,1.0,0.0
SRMS,0.0,0.0,1.0,1.0,0.0
KCNQ2,0.0,0.0,1.0,1.0,0.0
COL20A1,0.0,0.0,1.0,1.0,0.0
AL121827.2,0.0,0.0,1.0,1.0,0.0
NKAIN4,0.0,0.0,1.0,1.0,0.0
BIRC7,0.0,0.0,1.0,1.0,0.0
AL096828.1,0.0,0.0,1.0,1.0,0.0
AL096828.5,0.0,0.0,1.0,1.0,0.0
AL096828.2,0.0,0.0,1.0,1.0,0.0
AP000477.1,0.0,0.0,1.0,1.0,0.0
AP001341.1,0.0,0.0,1.0,1.0,0.0
AL049794.1,0.0,0.0,1.0,1.0,0.0
LINC00114,0.0,0.0,1.0,1.0,0.0
AL009181.1,0.0,0.0,1.0,1.0,0.0
FAM3B,0.0,0.0,1.0,1.0,0.0
DSCAM-AS1,0.0,0.0,1.0,1.0,0.0
B3GALT5,0.0,0.0,1.0,1.0,0.0
FABP2,0.0,0.0,1.0,1.0,0.0
LINC01700,0.0,0.0,1.0,1.0,0.0
AP001042.3,0.0,0.0,1.0,1.0,0.0
AP001434.1,0.0,0.0,1.0,1.0,0.0
AP001610.2,0.0,0.0,1.0,1.0,0.0
AC097173.2,0.0,0.0,1.0,1.0,0.0
AC025741.1,0.0,0.0,1.0,1.0,0.0
AL590729.1,0.0,0.0,1.0,1.0,0.0
NDNF,0.0,0.0,1.0,1.0,0.0
AP000696.1,0.0,0.0,1.0,1.0,0.0
AP000688.2,0.0,0.0,1.0,1.0,0.0
AP000688.4,0.0,0.0,1.0,1.0,0.0
BEND4,0.0,0.0,1.0,1.0,0.0
TMPRSS2,0.0,0.0,1.0,1.0,0.0
LINC00158,0.0,0.0,1.0,1.0,0.0
AP001628.1,0.0,0.0,1.0,1.0,0.0
DNMT3L,0.0,0.0,1.0,1.0,0.0
AP001056.1,0.0,0.0,1.0,1.0,0.0
TRAM1L1,0.0,0.0,1.0,1.0,0.0
LINC02263,0.0,0.0,1.0,1.0,0.0
AL353622.2,0.0,0.0,1.0,1.0,0.0
AP001048.1,0.0,0.0,1.0,1.0,0.0
LINC01679,0.0,0.0,1.0,1.0,0.0
AP001628.2,0.0,0.0,1.0,1.0,0.0
AP001619.2,0.0,0.0,1.0,1.0,0.0
AP001627.1,0.0,0.0,1.0,1.0,0.0
PDE9A,0.0,0.0,1.0,1.0,0.0
LINC01671,0.0,0.0,1.0,1.0,0.0
AP001625.2,0.0,0.0,1.0,1.0,0.0
AP001625.3,0.0,0.0,1.0,1.0,0.0
TMPRSS3,0.0,0.0,1.0,1.0,0.0
PRSS12,0.0,0.0,1.0,1.0,0.0
AL137027.1,0.0,0.0,1.0,1.0,0.0
AF015720.1,0.0,0.0,1.0,1.0,0.0
AF015262.1,0.0,0.0,1.0,1.0,0.0
AP001604.1,0.0,0.0,1.0,1.0,0.0
AL354919.2,0.0,0.0,1.0,1.0,0.0
LINC00189,0.0,0.0,1.0,1.0,0.0
AL354919.1,0.0,0.0,1.0,1.0,0.0
UCHL1-AS1,0.0,0.0,1.0,1.0,0.0
LINC00314,0.0,0.0,1.0,1.0,0.0
AJ006995.1,0.0,0.0,1.0,1.0,0.0
LINC01673,0.0,0.0,1.0,1.0,0.0
AC026402.2,0.0,0.0,1.0,1.0,0.0
CLIC6,0.0,0.0,1.0,1.0,0.0
CYYR1,0.0,0.0,1.0,1.0,0.0
AP001439.1,0.0,0.0,1.0,1.0,0.0
AC093821.1,0.0,0.0,1.0,1.0,0.0
LINC02435,0.0,0.0,1.0,1.0,0.0
AP000224.1,0.0,0.0,1.0,1.0,0.0
AC108075.1,0.0,0.0,1.0,1.0,0.0
AP000221.1,0.0,0.0,1.0,1.0,0.0
AC105389.2,0.0,0.0,1.0,1.0,0.0
BACH1-IT3,0.0,0.0,1.0,1.0,0.0
GRIK1-AS1,0.0,0.0,1.0,1.0,0.0
KRTAP20-4,0.0,0.0,1.0,1.0,0.0
AP000322.1,0.0,0.0,1.0,1.0,0.0
AP000322.2,0.0,0.0,1.0,1.0,0.0
KCNE2,0.0,0.0,1.0,1.0,0.0
AP000317.1,0.0,0.0,1.0,1.0,0.0
AL445235.1,0.0,0.0,1.0,1.0,0.0
LINC00682,0.0,0.0,1.0,1.0,0.0
AP000302.1,0.0,0.0,1.0,1.0,0.0
OLIG1,0.0,0.0,1.0,1.0,0.0
OLIG2,0.0,0.0,1.0,1.0,0.0
AP000281.2,0.0,0.0,1.0,1.0,0.0
TRPC3,0.0,0.0,1.0,1.0,0.0
PHOX2B,0.0,0.0,1.0,1.0,0.0
AP000255.1,0.0,0.0,1.0,1.0,0.0
IL21-AS1,0.0,0.0,1.0,1.0,0.0
KRTAP20-2,0.0,0.0,1.0,1.0,0.0
PABPC4L,0.0,0.0,1.0,1.0,0.0
LINC02462,0.0,0.0,1.0,1.0,0.0
AL132655.1,0.0,0.0,1.0,1.0,0.0
DEFB124,0.0,0.0,1.0,1.0,0.0
EFCAB8,0.0,0.0,1.0,1.0,0.0
AL035071.2,0.0,0.0,1.0,1.0,0.0
AC097658.3,0.0,0.0,1.0,1.0,0.0
XKR7,0.0,0.0,1.0,1.0,0.0
FREM3,0.0,0.0,1.0,1.0,0.0
COX4I2,0.0,0.0,1.0,1.0,0.0
REM1,0.0,0.0,1.0,1.0,0.0
FAM242A,0.0,0.0,1.0,1.0,0.0
AL050349.1,0.0,0.0,1.0,1.0,0.0
AL121762.1,0.0,0.0,1.0,1.0,0.0
AL121904.1,0.0,0.0,1.0,1.0,0.0
AC093890.2,0.0,0.0,1.0,1.0,0.0
GYPA,0.0,0.0,1.0,1.0,0.0
LINC01733,0.0,0.0,1.0,1.0,0.0
AC099795.1,0.0,0.0,1.0,1.0,0.0
AC106871.1,0.0,0.0,1.0,1.0,0.0
AL121906.1,0.0,0.0,1.0,1.0,0.0
AL031668.1,0.0,0.0,1.0,1.0,0.0
AL354984.2,0.0,0.0,1.0,1.0,0.0
AC096733.1,0.0,0.0,1.0,1.0,0.0
TLDC2,0.0,0.0,1.0,1.0,0.0
AL356379.2,0.0,0.0,1.0,1.0,0.0
AC108019.2,0.0,0.0,1.0,1.0,0.0
AL121895.2,0.0,0.0,1.0,1.0,0.0
AL121895.1,0.0,0.0,1.0,1.0,0.0
AL031289.1,0.0,0.0,1.0,1.0,0.0
KCNQ4,0.0,0.0,1.0,1.0,0.0
FAM83C,0.0,0.0,1.0,1.0,0.0
GUCA2A,0.0,0.0,1.0,1.0,0.0
FAM83C-AS1,0.0,0.0,1.0,1.0,0.0
RNF150,0.0,0.0,1.0,1.0,0.0
AC093151.8,0.0,0.0,1.0,1.0,0.0
AC107220.1,0.0,0.0,1.0,1.0,0.0
AL445933.2,0.0,0.0,1.0,1.0,0.0
AL158216.1,0.0,0.0,1.0,1.0,0.0
GUCA2B,0.0,0.0,1.0,1.0,0.0
TMEM125,0.0,0.0,1.0,1.0,0.0
C1orf210,0.0,0.0,1.0,1.0,0.0
AL035252.5,0.0,0.0,1.0,1.0,0.0
LINC00851,0.0,0.0,1.0,1.0,0.0
NKX2-4,0.0,0.0,1.0,1.0,0.0
AL121759.2,0.0,0.0,1.0,1.0,0.0
CFAP61,0.0,0.0,1.0,1.0,0.0
AC093864.1,0.0,0.0,1.0,1.0,0.0
C4orf51,0.0,0.0,1.0,1.0,0.0
AL121830.1,0.0,0.0,1.0,1.0,0.0
SCP2D1,0.0,0.0,1.0,1.0,0.0
AL049646.2,0.0,0.0,1.0,1.0,0.0
AL035252.2,0.0,0.0,1.0,1.0,0.0
BANF2,0.0,0.0,1.0,1.0,0.0
ERI3-IT1,0.0,0.0,1.0,1.0,0.0
PCSK2,0.0,0.0,1.0,1.0,0.0
AL359511.3,0.0,0.0,1.0,1.0,0.0
AL359511.2,0.0,0.0,1.0,1.0,0.0
OTOR,0.0,0.0,1.0,1.0,0.0
AL034428.1,0.0,0.0,1.0,1.0,0.0
AL158013.1,0.0,0.0,1.0,1.0,0.0
LINC01726,0.0,0.0,1.0,1.0,0.0
AL133464.1,0.0,0.0,1.0,1.0,0.0
LINC00261,0.0,0.0,1.0,1.0,0.0
VSX1,0.0,0.0,1.0,1.0,0.0
AC109811.1,0.0,0.0,1.0,1.0,0.0
MPL,0.0,0.0,1.0,1.0,0.0
CST7,0.0,0.0,1.0,1.0,0.0
AL035661.1,0.0,0.0,1.0,1.0,0.0
LINC01721,0.0,0.0,1.0,1.0,0.0
GGTLC1,0.0,0.0,1.0,1.0,0.0
CST5,0.0,0.0,1.0,1.0,0.0
CST2,0.0,0.0,1.0,1.0,0.0
AL591074.1,0.0,0.0,1.0,1.0,0.0
AL139289.3,0.0,0.0,1.0,1.0,0.0
CST9,0.0,0.0,1.0,1.0,0.0
CST9L,0.0,0.0,1.0,1.0,0.0
CSTL1,0.0,0.0,1.0,1.0,0.0
AL096677.1,0.0,0.0,1.0,1.0,0.0
AL603839.1,0.0,0.0,1.0,1.0,0.0
AL136172.1,0.0,0.0,1.0,1.0,0.0
GHRH,0.0,0.0,1.0,1.0,0.0
AL353604.1,0.0,0.0,1.0,1.0,0.0
AC131956.3,0.0,0.0,1.0,1.0,0.0
AL109984.1,0.0,0.0,1.0,1.0,0.0
AC097511.1,0.0,0.0,1.0,1.0,0.0
AL050404.1,0.0,0.0,1.0,1.0,0.0
AL031430.1,0.0,0.0,1.0,1.0,0.0
AC098859.2,0.0,0.0,1.0,1.0,0.0
SMIM25,0.0,0.0,1.0,1.0,0.0
AL161937.1,0.0,0.0,1.0,1.0,0.0
LINC01522,0.0,0.0,1.0,1.0,0.0
TRERNA1,0.0,0.0,1.0,1.0,0.0
AL513220.1,0.0,0.0,1.0,1.0,0.0
AC093766.1,0.0,0.0,1.0,1.0,0.0
RSPO1,0.0,0.0,1.0,1.0,0.0
EPHA10,0.0,0.0,1.0,1.0,0.0
AL137078.2,0.0,0.0,1.0,1.0,0.0
AC109927.2,0.0,0.0,1.0,1.0,0.0
AL109610.1,0.0,0.0,1.0,1.0,0.0
AL031674.1,0.0,0.0,1.0,1.0,0.0
AL109930.1,0.0,0.0,1.0,1.0,0.0
AL354993.1,0.0,0.0,1.0,1.0,0.0
LINC01742,0.0,0.0,1.0,1.0,0.0
AC105362.1,0.0,0.0,1.0,1.0,0.0
AC073429.2,0.0,0.0,1.0,1.0,0.0
AL109955.2,0.0,0.0,1.0,1.0,0.0
AC018680.1,0.0,0.0,1.0,1.0,0.0
AL122058.1,0.0,0.0,1.0,1.0,0.0
AL157414.4,0.0,0.0,1.0,1.0,0.0
AL157414.1,0.0,0.0,1.0,1.0,0.0
LINC01716,0.0,0.0,1.0,1.0,0.0
AL109806.2,0.0,0.0,1.0,1.0,0.0
AL139824.1,0.0,0.0,1.0,1.0,0.0
LINC01441,0.0,0.0,1.0,1.0,0.0
PCDH18,0.0,0.0,1.0,1.0,0.0
AC006076.1,0.0,0.0,1.0,1.0,0.0
AC005914.1,0.0,0.0,1.0,1.0,0.0
AL139351.2,0.0,0.0,1.0,1.0,0.0
AL357558.3,0.0,0.0,1.0,1.0,0.0
CLGN,0.0,0.0,1.0,1.0,0.0
AL118523.1,0.0,0.0,1.0,1.0,0.0
AL035447.1,0.0,0.0,1.0,1.0,0.0
HPCAL4,0.0,0.0,1.0,1.0,0.0
GTSF1L,0.0,0.0,1.0,1.0,0.0
Z98752.1,0.0,0.0,1.0,1.0,0.0
AL049812.3,0.0,0.0,1.0,1.0,0.0
LINC02811,0.0,0.0,1.0,1.0,0.0
AL035665.2,0.0,0.0,1.0,1.0,0.0
AL035251.1,0.0,0.0,1.0,1.0,0.0
AL357558.2,0.0,0.0,1.0,1.0,0.0
TMCO2,0.0,0.0,1.0,1.0,0.0
ADIG,0.0,0.0,1.0,1.0,0.0
AL359555.1,0.0,0.0,1.0,1.0,0.0
AL359555.2,0.0,0.0,1.0,1.0,0.0
AL359555.4,0.0,0.0,1.0,1.0,0.0
AL031651.2,0.0,0.0,1.0,1.0,0.0
KIAA1755,0.0,0.0,1.0,1.0,0.0
HEYL,0.0,0.0,1.0,1.0,0.0
GDAP1L1,0.0,0.0,1.0,1.0,0.0
AC112236.1,0.0,0.0,1.0,1.0,0.0
R3HDML,0.0,0.0,1.0,1.0,0.0
AL929472.3,0.0,0.0,1.0,1.0,0.0
EYA2,0.0,0.0,1.0,1.0,0.0
ZNF334,0.0,0.0,1.0,1.0,0.0
CDH22,0.0,0.0,1.0,1.0,0.0
MMP9,0.0,0.0,1.0,1.0,0.0
POU3F1,0.0,0.0,1.0,1.0,0.0
WFDC10B,0.0,0.0,1.0,1.0,0.0
WFDC11,0.0,0.0,1.0,1.0,0.0
WFDC8,0.0,0.0,1.0,1.0,0.0
EPPIN,0.0,0.0,1.0,1.0,0.0
SLPI,0.0,0.0,1.0,1.0,0.0
KCNS1,0.0,0.0,1.0,1.0,0.0
AC112236.3,0.0,0.0,1.0,1.0,0.0
LINC01620,0.0,0.0,1.0,1.0,0.0
HNF4A-AS1,0.0,0.0,1.0,1.0,0.0
AC092131.1,0.0,0.0,1.0,1.0,0.0
AC147651.2,0.0,0.0,1.0,1.0,0.0
FAM110C,0.0,0.0,1.0,1.0,0.0
AC103858.2,0.0,0.0,1.0,1.0,0.0
PCDHA1,0.0,0.0,1.0,1.0,0.0
AC013356.4,0.0,0.0,1.0,1.0,0.0
AF111169.3,0.0,0.0,1.0,1.0,0.0
LINC01847,0.0,0.0,1.0,1.0,0.0
AC060809.1,0.0,0.0,1.0,1.0,0.0
AC109809.1,0.0,0.0,1.0,1.0,0.0
AC096644.3,0.0,0.0,1.0,1.0,0.0
AC013356.3,0.0,0.0,1.0,1.0,0.0
AC007314.1,0.0,0.0,1.0,1.0,0.0
AC009019.2,0.0,0.0,1.0,1.0,0.0
AC007376.2,0.0,0.0,1.0,1.0,0.0
TMC3,0.0,0.0,1.0,1.0,0.0
AC008050.1,0.0,0.0,1.0,1.0,0.0
ESRRB,0.0,0.0,1.0,1.0,0.0
PCDHA2,0.0,0.0,1.0,1.0,0.0
AC016526.1,0.0,0.0,1.0,1.0,0.0
CHRM3-AS2,0.0,0.0,1.0,1.0,0.0
LRRC74A,0.0,0.0,1.0,1.0,0.0
STRA6,0.0,0.0,1.0,1.0,0.0
CHRM3,0.0,0.0,1.0,1.0,0.0
AC104699.1,0.0,0.0,1.0,1.0,0.0
AF001550.1,0.0,0.0,1.0,1.0,0.0
NGB,0.0,0.0,1.0,1.0,0.0
ZDHHC22,0.0,0.0,1.0,1.0,0.0
TMEM63C,0.0,0.0,1.0,1.0,0.0
AC021755.2,0.0,0.0,1.0,1.0,0.0
AC008591.1,0.0,0.0,1.0,1.0,0.0
CRYM,0.0,0.0,1.0,1.0,0.0
RNU6ATAC35P,0.0,0.0,1.0,1.0,0.0
AC007686.2,0.0,0.0,1.0,1.0,0.0
AC005609.5,0.0,0.0,1.0,1.0,0.0
AC005632.5,0.0,0.0,1.0,1.0,0.0
AC020658.3,0.0,0.0,1.0,1.0,0.0
C15orf56,0.0,0.0,1.0,1.0,0.0
LINC01629,0.0,0.0,1.0,1.0,0.0
IL12B,0.0,0.0,1.0,1.0,0.0
AC009021.2,0.0,0.0,1.0,1.0,0.0
AC016526.4,0.0,0.0,1.0,1.0,0.0
AC130466.1,0.0,0.0,1.0,1.0,0.0
CACNG3,0.0,0.0,1.0,1.0,0.0
CHP2,0.0,0.0,1.0,1.0,0.0
AL691403.1,0.0,0.0,1.0,1.0,0.0
OTOF,0.0,0.0,1.0,1.0,0.0
PRKCB,0.0,0.0,1.0,1.0,0.0
FAM166C,0.0,0.0,1.0,1.0,0.0
PCDHA8,0.0,0.0,1.0,1.0,0.0
AC108451.2,0.0,0.0,1.0,1.0,0.0
LINC01567,0.0,0.0,1.0,1.0,0.0
HS3ST2,0.0,0.0,1.0,1.0,0.0
CIB4,0.0,0.0,1.0,1.0,0.0
AC078852.2,0.0,0.0,1.0,1.0,0.0
AC016705.3,0.0,0.0,1.0,1.0,0.0
AC016705.1,0.0,0.0,1.0,1.0,0.0
MEGF10,0.0,0.0,1.0,1.0,0.0
C1orf143,0.0,0.0,1.0,1.0,0.0
MIR3142HG,0.0,0.0,1.0,1.0,0.0
PCDHA6,0.0,0.0,1.0,1.0,0.0
LINC02013,0.0,0.0,1.0,1.0,0.0
OSTN,0.0,0.0,1.0,1.0,0.0
AC008870.1,0.0,0.0,1.0,1.0,0.0
SCNN1G,0.0,0.0,1.0,1.0,0.0
SCNN1B,0.0,0.0,1.0,1.0,0.0
TGFB3-AS1,0.0,0.0,1.0,1.0,0.0
SLC30A10,0.0,0.0,1.0,1.0,0.0
CYS1,0.0,0.0,1.0,1.0,0.0
AC104794.5,0.0,0.0,1.0,1.0,0.0
ADRA1B,0.0,0.0,1.0,1.0,0.0
FMN2,0.0,0.0,1.0,1.0,0.0
AL590490.1,0.0,0.0,1.0,1.0,0.0
AC010969.1,0.0,0.0,1.0,1.0,0.0
OSTN-AS1,0.0,0.0,1.0,1.0,0.0
AL356364.1,0.0,0.0,1.0,1.0,0.0
AL358176.4,0.0,0.0,1.0,1.0,0.0
CCDC192,0.0,0.0,1.0,1.0,0.0
PCDHA5,0.0,0.0,1.0,1.0,0.0
CHSY3,0.0,0.0,1.0,1.0,0.0
AC006525.1,0.0,0.0,1.0,1.0,0.0
AC245033.2,0.0,0.0,1.0,1.0,0.0
AC126755.3,0.0,0.0,1.0,1.0,0.0
AC009152.6,0.0,0.0,1.0,1.0,0.0
AC087516.2,0.0,0.0,1.0,1.0,0.0
AC010601.1,0.0,0.0,1.0,1.0,0.0
RLBP1,0.0,0.0,1.0,1.0,0.0
LINC01148,0.0,0.0,1.0,1.0,0.0
NPIPA8,0.0,0.0,1.0,1.0,0.0
NPIPA9,0.0,0.0,1.0,1.0,0.0
AC013640.1,0.0,0.0,1.0,1.0,0.0
AC092535.5,0.0,0.0,1.0,1.0,0.0
RNF212,0.0,0.0,1.0,1.0,0.0
LINC02329,0.0,0.0,1.0,1.0,0.0
NTRK3,0.0,0.0,1.0,1.0,0.0
LINC00052,0.0,0.0,1.0,1.0,0.0
AL357172.1,0.0,0.0,1.0,1.0,0.0
CPN2,0.0,0.0,1.0,1.0,0.0
AC020687.1,0.0,0.0,1.0,1.0,0.0
AC087516.1,0.0,0.0,1.0,1.0,0.0
XYLT1,0.0,0.0,1.0,1.0,0.0
AC136431.2,0.0,0.0,1.0,1.0,0.0
RHCG,0.0,0.0,1.0,1.0,0.0
LINC02768,0.0,0.0,1.0,1.0,0.0
AL121981.1,0.0,0.0,1.0,1.0,0.0
NANOGP8,0.0,0.0,1.0,1.0,0.0
AL122018.2,0.0,0.0,1.0,1.0,0.0
LINC02853,0.0,0.0,1.0,1.0,0.0
AC021351.1,0.0,0.0,1.0,1.0,0.0
AC091979.2,0.0,0.0,1.0,1.0,0.0
KCNK10,0.0,0.0,1.0,1.0,0.0
AC136624.1,0.0,0.0,1.0,1.0,0.0
AC138969.3,0.0,0.0,1.0,1.0,0.0
AC079075.1,0.0,0.0,1.0,1.0,0.0
AC013391.1,0.0,0.0,1.0,1.0,0.0
NPIPA7,0.0,0.0,1.0,1.0,0.0
AC136431.1,0.0,0.0,1.0,1.0,0.0
LINC01146,0.0,0.0,1.0,1.0,0.0
AC021739.5,0.0,0.0,1.0,1.0,0.0
MT1HL1,0.0,0.0,1.0,1.0,0.0
CPEB1,0.0,0.0,1.0,1.0,0.0
LINC01655,0.0,0.0,1.0,1.0,0.0
AC008056.2,0.0,0.0,1.0,1.0,0.0
LINC01705,0.0,0.0,1.0,1.0,0.0
AC022469.1,0.0,0.0,1.0,1.0,0.0
AC024270.2,0.0,0.0,1.0,1.0,0.0
LINC02257,0.0,0.0,1.0,1.0,0.0
AC134043.2,0.0,0.0,1.0,1.0,0.0
AL359924.1,0.0,0.0,1.0,1.0,0.0
PDILT,0.0,0.0,1.0,1.0,0.0
AL356807.1,0.0,0.0,1.0,1.0,0.0
AC013652.2,0.0,0.0,1.0,1.0,0.0
AL583825.1,0.0,0.0,1.0,1.0,0.0
AP3B2,0.0,0.0,1.0,1.0,0.0
ACSM1,0.0,0.0,1.0,1.0,0.0
AC004381.1,0.0,0.0,1.0,1.0,0.0
AC109630.1,0.0,0.0,1.0,1.0,0.0
AL360013.2,0.0,0.0,1.0,1.0,0.0
AC008056.3,0.0,0.0,1.0,1.0,0.0
AC008056.1,0.0,0.0,1.0,1.0,0.0
AC113146.1,0.0,0.0,1.0,1.0,0.0
AC130456.3,0.0,0.0,1.0,1.0,0.0
AL513314.1,0.0,0.0,1.0,1.0,0.0
AC087468.2,0.0,0.0,1.0,1.0,0.0
GRPEL2-AS1,0.0,0.0,1.0,1.0,0.0
SLC28A1,0.0,0.0,1.0,1.0,0.0
AC068875.1,0.0,0.0,1.0,1.0,0.0
AC063976.1,0.0,0.0,1.0,1.0,0.0
LINC02345,0.0,0.0,1.0,1.0,0.0
POMC,0.0,0.0,1.0,1.0,0.0
CLEC19A,0.0,0.0,1.0,1.0,0.0
PYDC2,0.0,0.0,1.0,1.0,0.0
AC243562.3,0.0,0.0,1.0,1.0,0.0
MEIKIN,0.0,0.0,1.0,1.0,0.0
RYR2,0.0,0.0,1.0,1.0,0.0
AC116158.2,0.0,0.0,1.0,1.0,0.0
SH3GL3,0.0,0.0,1.0,1.0,0.0
AC087761.1,0.0,0.0,1.0,1.0,0.0
RGS7,0.0,0.0,1.0,1.0,0.0
PPP1R14D,0.0,0.0,1.0,1.0,0.0
AL356804.1,0.0,0.0,1.0,1.0,0.0
AC011373.1,0.0,0.0,1.0,1.0,0.0
AL590648.2,0.0,0.0,1.0,1.0,0.0
AC017076.1,0.0,0.0,1.0,1.0,0.0
EPB42,0.0,0.0,1.0,1.0,0.0
AC092803.4,0.0,0.0,1.0,1.0,0.0
LINC01740,0.0,0.0,1.0,1.0,0.0
TGM5,0.0,0.0,1.0,1.0,0.0
SMCO1,0.0,0.0,1.0,1.0,0.0
AC026689.1,0.0,0.0,1.0,1.0,0.0
TGM7,0.0,0.0,1.0,1.0,0.0
PPP2R2B,0.0,0.0,1.0,1.0,0.0
AL591686.2,0.0,0.0,1.0,1.0,0.0
AL591686.1,0.0,0.0,1.0,1.0,0.0
AL606534.3,0.0,0.0,1.0,1.0,0.0
SLC8A3,0.0,0.0,1.0,1.0,0.0
NRIR,0.0,0.0,1.0,1.0,0.0
AC105020.4,0.0,0.0,1.0,1.0,0.0
JAKMIP2-AS1,0.0,0.0,1.0,1.0,0.0
TENM2,0.0,0.0,1.0,1.0,0.0
AC244517.1,0.0,0.0,1.0,1.0,0.0
ZG16,0.0,0.0,1.0,1.0,0.0
AC004817.2,0.0,0.0,1.0,1.0,0.0
AC004817.5,0.0,0.0,1.0,1.0,0.0
MAP1LC3C,0.0,0.0,1.0,1.0,0.0
AC008662.1,0.0,0.0,1.0,1.0,0.0
AC008662.2,0.0,0.0,1.0,1.0,0.0
LINC02143,0.0,0.0,1.0,1.0,0.0
AC013460.1,0.0,0.0,1.0,1.0,0.0
AC019294.3,0.0,0.0,1.0,1.0,0.0
AC010904.2,0.0,0.0,1.0,1.0,0.0
AC004816.2,0.0,0.0,1.0,1.0,0.0
LINC01269,0.0,0.0,1.0,1.0,0.0
AC068481.1,0.0,0.0,1.0,1.0,0.0
TRIM54,0.0,0.0,1.0,1.0,0.0
DNM1P35,0.0,0.0,1.0,1.0,0.0
AC244517.12,0.0,0.0,1.0,1.0,0.0
CCDC177,0.0,0.0,1.0,1.0,0.0
TP63,0.0,0.0,1.0,1.0,0.0
AC090519.2,0.0,0.0,1.0,1.0,0.0
AC100835.1,0.0,0.0,1.0,1.0,0.0
SOX11,0.0,0.0,1.0,1.0,0.0
AC090826.3,0.0,0.0,1.0,1.0,0.0
AC090826.2,0.0,0.0,1.0,1.0,0.0
AC093249.2,0.0,0.0,1.0,1.0,0.0
C1orf100,0.0,0.0,1.0,1.0,0.0
AC092017.4,0.0,0.0,1.0,1.0,0.0
KCNH1,0.0,0.0,1.0,1.0,0.0
AC113208.5,0.0,0.0,1.0,1.0,0.0
AC011365.1,0.0,0.0,1.0,1.0,0.0
AC023300.2,0.0,0.0,1.0,1.0,0.0
C5orf58,0.0,0.0,1.0,1.0,0.0
AL034351.3,0.0,0.0,1.0,1.0,0.0
CCDC33,0.0,0.0,1.0,1.0,0.0
LINC02201,0.0,0.0,1.0,1.0,0.0
AC022101.1,0.0,0.0,1.0,1.0,0.0
LINC01247,0.0,0.0,1.0,1.0,0.0
SLIT3,0.0,0.0,1.0,1.0,0.0
AC105275.2,0.0,0.0,1.0,1.0,0.0
CYP1A1,0.0,0.0,1.0,1.0,0.0
AC012645.3,0.0,0.0,1.0,1.0,0.0
AL157996.2,0.0,0.0,1.0,1.0,0.0
LINC02608,0.0,0.0,1.0,1.0,0.0
MIR7515HG,0.0,0.0,1.0,1.0,0.0
AC106786.1,0.0,0.0,1.0,1.0,0.0
AL359317.1,0.0,0.0,1.0,1.0,0.0
AC106782.5,0.0,0.0,1.0,1.0,0.0
LPGAT1-AS1,0.0,0.0,1.0,1.0,0.0
CPLX3,0.0,0.0,1.0,1.0,0.0
AL356310.1,0.0,0.0,1.0,1.0,0.0
AL121820.1,0.0,0.0,1.0,1.0,0.0
LMAN1L,0.0,0.0,1.0,1.0,0.0
AC116348.3,0.0,0.0,1.0,1.0,0.0
AL121820.2,0.0,0.0,1.0,1.0,0.0
AC116348.2,0.0,0.0,1.0,1.0,0.0
AC092580.2,0.0,0.0,1.0,1.0,0.0
PCDHB3,0.0,0.0,1.0,1.0,0.0
AC011416.4,0.0,0.0,1.0,1.0,0.0
SPINK5,0.0,0.0,1.0,1.0,0.0
AC080162.1,0.0,0.0,1.0,1.0,0.0
SPINK7,0.0,0.0,1.0,1.0,0.0
VSX2,0.0,0.0,1.0,1.0,0.0
LINC02274,0.0,0.0,1.0,1.0,0.0
PCDHA11,0.0,0.0,1.0,1.0,0.0
LINC01202,0.0,0.0,1.0,1.0,0.0
AC016597.2,0.0,0.0,1.0,1.0,0.0
GSG1L,0.0,0.0,1.0,1.0,0.0
NPIPB7,0.0,0.0,1.0,1.0,0.0
PCDHA13,0.0,0.0,1.0,1.0,0.0
LMNB1-DT,0.0,0.0,1.0,1.0,0.0
C5orf46,0.0,0.0,1.0,1.0,0.0
CRABP1,0.0,0.0,1.0,1.0,0.0
AC090607.5,0.0,0.0,1.0,1.0,0.0
ACOT6,0.0,0.0,1.0,1.0,0.0
PCDHAC1,0.0,0.0,1.0,1.0,0.0
AC008456.1,0.0,0.0,1.0,1.0,0.0
AC109449.1,0.0,0.0,1.0,1.0,0.0
VRTN,0.0,0.0,1.0,1.0,0.0
AC106706.2,0.0,0.0,1.0,1.0,0.0
AL359764.1,0.0,0.0,1.0,1.0,0.0
AC025166.1,0.0,0.0,1.0,1.0,0.0
SYNDIG1L,0.0,0.0,1.0,1.0,0.0
AC021483.1,0.0,0.0,1.0,1.0,0.0
AC020661.1,0.0,0.0,1.0,1.0,0.0
AQP8,0.0,0.0,1.0,1.0,0.0
AC008741.1,0.0,0.0,1.0,1.0,0.0
AL359764.3,0.0,0.0,1.0,1.0,0.0
HS3ST4,0.0,0.0,1.0,1.0,0.0
AC011944.1,0.0,0.0,1.0,1.0,0.0
INO80-AS1,0.0,0.0,1.0,1.0,0.0
AC009158.1,0.0,0.0,1.0,1.0,0.0
AC002331.1,0.0,0.0,1.0,1.0,0.0
AC009035.1,0.0,0.0,1.0,1.0,0.0
LINC02129,0.0,0.0,1.0,1.0,0.0
AC138894.2,0.0,0.0,1.0,1.0,0.0
PCDHAC2,0.0,0.0,1.0,1.0,0.0
AC005993.1,0.0,0.0,1.0,1.0,0.0
AC027243.1,0.0,0.0,1.0,1.0,0.0
PLA2G4D,0.0,0.0,1.0,1.0,0.0
PLA2G4F,0.0,0.0,1.0,1.0,0.0
AC244517.2,0.0,0.0,1.0,1.0,0.0
AC109464.1,0.0,0.0,1.0,1.0,0.0
AC113398.2,0.0,0.0,1.0,1.0,0.0
AC016556.1,0.0,0.0,1.0,1.0,0.0
AL392024.1,0.0,0.0,1.0,1.0,0.0
LINC01170,0.0,0.0,1.0,1.0,0.0
USH2A,0.0,0.0,1.0,1.0,0.0
AC027243.3,0.0,0.0,1.0,1.0,0.0
AC004828.1,0.0,0.0,1.0,1.0,0.0
AC004828.2,0.0,0.0,1.0,1.0,0.0
AC091100.1,0.0,0.0,1.0,1.0,0.0
RGS6,0.0,0.0,1.0,1.0,0.0
C16orf54,0.0,0.0,1.0,1.0,0.0
AC011370.1,0.0,0.0,1.0,1.0,0.0
PLA2G4E,0.0,0.0,1.0,1.0,0.0
AC116362.1,0.0,0.0,1.0,1.0,0.0
AC104333.4,0.0,0.0,1.0,1.0,0.0
GRAMD2B,0.0,0.0,1.0,1.0,0.0
AC244517.5,0.0,0.0,1.0,1.0,0.0
ACOT1,0.0,0.0,1.0,1.0,0.0
AC005225.3,0.0,0.0,1.0,1.0,0.0
TEX43,0.0,0.0,1.0,1.0,0.0
AC005225.1,0.0,0.0,1.0,1.0,0.0
NPIPB9,0.0,0.0,1.0,1.0,0.0
LINGO1-AS1,0.0,0.0,1.0,1.0,0.0
LINC02775,0.0,0.0,1.0,1.0,0.0
AC046168.2,0.0,0.0,1.0,1.0,0.0
AC046168.1,0.0,0.0,1.0,1.0,0.0
AC090181.1,0.0,0.0,1.0,1.0,0.0
WDR64,0.0,0.0,1.0,1.0,0.0
PROX1-AS1,0.0,0.0,1.0,1.0,0.0
AL592402.1,0.0,0.0,1.0,1.0,0.0
HMMR-AS1,0.0,0.0,1.0,1.0,0.0
FAM177B,0.0,0.0,1.0,1.0,0.0
AC114546.1,0.0,0.0,1.0,1.0,0.0
AC025437.3,0.0,0.0,1.0,1.0,0.0
ZSCAN10,0.0,0.0,1.0,1.0,0.0
AC010745.2,0.0,0.0,1.0,1.0,0.0
LINC01933,0.0,0.0,1.0,1.0,0.0
DLK1,0.0,0.0,1.0,1.0,0.0
BICDL2,0.0,0.0,1.0,1.0,0.0
AC108134.1,0.0,0.0,1.0,1.0,0.0
WNT3A,0.0,0.0,1.0,1.0,0.0
PRSS38,0.0,0.0,1.0,1.0,0.0
GFRA3,0.0,0.0,1.0,1.0,0.0
AL157871.2,0.0,0.0,1.0,1.0,0.0
SNAP47-AS1,0.0,0.0,1.0,1.0,0.0
AC130710.1,0.0,0.0,1.0,1.0,0.0
AC008571.2,0.0,0.0,1.0,1.0,0.0
GRIA1,0.0,0.0,1.0,1.0,0.0
GOLGA6L1,0.0,0.0,1.0,1.0,0.0
OR2C1,0.0,0.0,1.0,1.0,0.0
AC008453.1,0.0,0.0,1.0,1.0,0.0
LINC00582,0.0,0.0,1.0,1.0,0.0
CLDN9,0.0,0.0,1.0,1.0,0.0
AC004233.1,0.0,0.0,1.0,1.0,0.0
AL136379.1,0.0,0.0,1.0,1.0,0.0
AC091982.1,0.0,0.0,1.0,1.0,0.0
AC069421.3,0.0,0.0,1.0,1.0,0.0
AL355836.2,0.0,0.0,1.0,1.0,0.0
MSLN,0.0,0.0,1.0,1.0,0.0
AC113382.2,0.0,0.0,1.0,1.0,0.0
AL132709.8,0.0,0.0,1.0,1.0,0.0
TRIM67,0.0,0.0,1.0,1.0,0.0
AC004034.1,0.0,0.0,1.0,1.0,0.0
AL132709.7,0.0,0.0,1.0,1.0,0.0
KREMEN2,0.0,0.0,1.0,1.0,0.0
LINC01193,0.0,0.0,1.0,1.0,0.0
Z97653.1,0.0,0.0,1.0,1.0,0.0
AC126335.1,0.0,0.0,1.0,1.0,0.0
GOLGA6L22,0.0,0.0,1.0,1.0,0.0
WNT8A,0.0,0.0,1.0,1.0,0.0
Z97986.1,0.0,0.0,1.0,1.0,0.0
SLC25A47,0.0,0.0,1.0,1.0,0.0
AC023310.4,0.0,0.0,1.0,1.0,0.0
AC087762.1,0.0,0.0,1.0,1.0,0.0
AC006111.3,0.0,0.0,1.0,1.0,0.0
AL161640.2,0.0,0.0,1.0,1.0,0.0
AC015712.4,0.0,0.0,1.0,1.0,0.0
AL133368.2,0.0,0.0,1.0,1.0,0.0
LINC02250,0.0,0.0,1.0,1.0,0.0
STUM,0.0,0.0,1.0,1.0,0.0
AL161640.3,0.0,0.0,1.0,1.0,0.0
AC027020.1,0.0,0.0,1.0,1.0,0.0
AL353052.1,0.0,0.0,1.0,1.0,0.0
AC023137.1,0.0,0.0,1.0,1.0,0.0
ATP13A4-AS1,0.0,0.0,1.0,1.0,0.0
CERS3,0.0,0.0,1.0,1.0,0.0
SPATA41,0.0,0.0,1.0,1.0,0.0
AL110504.1,0.0,0.0,1.0,1.0,0.0
LINC02012,0.0,0.0,1.0,1.0,0.0
AC116565.1,0.0,0.0,1.0,1.0,0.0
AC100774.1,0.0,0.0,1.0,1.0,0.0
LINC01354,0.0,0.0,1.0,1.0,0.0
AC124312.5,0.0,0.0,1.0,1.0,0.0
AC098828.2,0.0,0.0,1.0,1.0,0.0
AL353052.2,0.0,0.0,1.0,1.0,0.0
AC109454.3,0.0,0.0,1.0,1.0,0.0
TMEM271,0.0,0.0,1.0,1.0,0.0
AC055764.1,0.0,0.0,1.0,1.0,0.0
MAGEL2,0.0,0.0,1.0,1.0,0.0
MAP10,0.0,0.0,1.0,1.0,0.0
LAPTM4A-DT,0.0,0.0,1.0,1.0,0.0
AL157871.6,0.0,0.0,1.0,1.0,0.0
AC024560.1,0.0,0.0,1.0,1.0,0.0
PWRN4,0.0,0.0,1.0,1.0,0.0
AL357972.1,0.0,0.0,1.0,1.0,0.0
NPAP1,0.0,0.0,1.0,1.0,0.0
AC140725.1,0.0,0.0,1.0,1.0,0.0
OR4F15,0.0,0.0,1.0,1.0,0.0
AL355472.3,0.0,0.0,1.0,1.0,0.0
GNG13,0.0,0.0,1.0,1.0,0.0
PRSS21,0.0,0.0,1.0,1.0,0.0
AL132796.2,0.0,0.0,1.0,1.0,0.0
LINC02814,0.0,0.0,1.0,1.0,0.0
AL162595.2,0.0,0.0,1.0,1.0,0.0
RNF151,0.0,0.0,1.0,1.0,0.0
AC106791.2,0.0,0.0,1.0,1.0,0.0
MYOT,0.0,0.0,1.0,1.0,0.0
AC253576.2,0.0,0.0,1.0,1.0,0.0
SMIM32,0.0,0.0,1.0,1.0,0.0
AL512328.1,0.0,0.0,1.0,1.0,0.0
FAT2,0.0,0.0,1.0,1.0,0.0
CACNA1H,0.0,0.0,1.0,1.0,0.0
AL583722.4,0.0,0.0,1.0,1.0,0.0
ZNF732,0.0,0.0,1.0,1.0,0.0
AC009065.2,0.0,0.0,1.0,1.0,0.0
ZNF718,0.0,0.0,1.0,1.0,0.0
TPSB2,0.0,0.0,1.0,1.0,0.0
AC009065.6,0.0,0.0,1.0,1.0,0.0
AC079148.2,0.0,0.0,1.0,1.0,0.0
AL136988.2,0.0,0.0,1.0,1.0,0.0
AC130814.1,0.0,0.0,1.0,1.0,0.0
AL032819.3,0.0,0.0,1.0,1.0,0.0
LINC02124,0.0,0.0,1.0,1.0,0.0
ASPG,0.0,0.0,1.0,1.0,0.0
AC008641.1,0.0,0.0,1.0,1.0,0.0
TRPC7-AS1,0.0,0.0,1.0,1.0,0.0
ACTA1,0.0,0.0,1.0,1.0,0.0
AL117350.1,0.0,0.0,1.0,1.0,0.0
AC024559.1,0.0,0.0,1.0,1.0,0.0
LINC02691,0.0,0.0,1.0,1.0,0.0
Z97652.1,0.0,0.0,1.0,1.0,0.0
AL132712.1,0.0,0.0,1.0,1.0,0.0
TMEM179,0.0,0.0,1.0,1.0,0.0
SLC36A3,0.0,0.0,1.0,1.0,0.0
AC109439.2,0.0,0.0,1.0,1.0,0.0
PTX4,0.0,0.0,1.0,1.0,0.0
AL031722.1,0.0,0.0,1.0,1.0,0.0
AL031600.1,0.0,0.0,1.0,1.0,0.0
TPSG1,0.0,0.0,1.0,1.0,0.0
AL583810.3,0.0,0.0,1.0,1.0,0.0
GOLGA6L6,0.0,0.0,1.0,1.0,0.0
AC079140.6,0.0,0.0,1.0,1.0,0.0
AC008406.3,0.0,0.0,1.0,1.0,0.0
CEMP1,0.0,0.0,1.0,1.0,0.0
IGHV1-24,0.0,0.0,1.0,1.0,0.0
AL670729.3,0.0,0.0,1.0,1.0,0.0
LMF1-AS1,0.0,0.0,1.0,1.0,0.0
AC019055.1,0.0,0.0,1.0,1.0,0.0
IGHV1-67,0.0,0.0,1.0,1.0,0.0
AL031716.1,0.0,0.0,1.0,1.0,0.0
HIST3H3,0.0,0.0,1.0,1.0,0.0
AL132801.1,0.0,0.0,1.0,1.0,0.0
OBSCN-AS1,0.0,0.0,1.0,1.0,0.0
PITX1,0.0,0.0,1.0,1.0,0.0
PRSS33,0.0,0.0,1.0,1.0,0.0
AL118511.4,0.0,0.0,1.0,1.0,0.0
AL031008.1,0.0,0.0,1.0,1.0,0.0
PRSS41,0.0,0.0,1.0,1.0,0.0
NTN3,0.0,0.0,1.0,1.0,0.0
FAM30A,0.0,0.0,1.0,1.0,0.0
AC009041.1,0.0,0.0,1.0,1.0,0.0
LINC00677,0.0,0.0,1.0,1.0,0.0
IRGM,0.0,0.0,1.0,1.0,0.0
LECT2,0.0,0.0,1.0,1.0,0.0
SLC25A48,0.0,0.0,1.0,1.0,0.0
AC009065.7,0.0,0.0,1.0,1.0,0.0
AC011374.1,0.0,0.0,1.0,1.0,0.0
AC008164.1,0.0,0.0,1.0,1.0,0.0
AL670729.1,0.0,0.0,1.0,1.0,0.0
AC120498.8,0.0,0.0,1.0,1.0,0.0
IGHE,0.0,0.0,1.0,1.0,0.0
LINC00605,0.0,0.0,1.0,1.0,0.0
LINC01808,0.0,0.0,1.0,1.0,0.0
AC022092.1,0.0,0.0,1.0,1.0,0.0
AC106820.6,0.0,0.0,1.0,1.0,0.0
AC026691.1,0.0,0.0,1.0,1.0,0.0
IGHG4,0.0,0.0,1.0,1.0,0.0
AL162151.3,0.0,0.0,1.0,1.0,0.0
AC015660.5,0.0,0.0,1.0,1.0,0.0
ACTC1,0.0,0.0,1.0,1.0,0.0
LINC00930,0.0,0.0,1.0,1.0,0.0
AC009562.1,0.0,0.0,1.0,1.0,0.0
AL133240.2,0.0,0.0,1.0,1.0,0.0
FBLN5,0.0,0.0,1.0,1.0,0.0
AL121839.2,0.0,0.0,1.0,1.0,0.0
AC091544.7,0.0,0.0,1.0,1.0,0.0
CATSPERB,0.0,0.0,1.0,1.0,0.0
AC007216.1,0.0,0.0,1.0,1.0,0.0
AC008073.2,0.0,0.0,1.0,1.0,0.0
AC123768.1,0.0,0.0,1.0,1.0,0.0
FNDC9,0.0,0.0,1.0,1.0,0.0
SLCO3A1,0.0,0.0,1.0,1.0,0.0
AC107958.2,0.0,0.0,1.0,1.0,0.0
AC007601.2,0.0,0.0,1.0,1.0,0.0
AC128709.1,0.0,0.0,1.0,1.0,0.0
SOWAHA,0.0,0.0,1.0,1.0,0.0
AL122020.2,0.0,0.0,1.0,1.0,0.0
AC011239.1,0.0,0.0,1.0,1.0,0.0
AC016730.1,0.0,0.0,1.0,1.0,0.0
AC106028.4,0.0,0.0,1.0,1.0,0.0
AC068286.2,0.0,0.0,1.0,1.0,0.0
AC107976.1,0.0,0.0,1.0,1.0,0.0
AC009411.2,0.0,0.0,1.0,1.0,0.0
AC009432.1,0.0,0.0,1.0,1.0,0.0
AC009185.1,0.0,0.0,1.0,1.0,0.0
AC010378.2,0.0,0.0,1.0,1.0,0.0
AC096570.1,0.0,0.0,1.0,1.0,0.0
AC009432.2,0.0,0.0,1.0,1.0,0.0
AC009121.4,0.0,0.0,1.0,1.0,0.0
MCTP2,0.0,0.0,1.0,1.0,0.0
AC009121.2,0.0,0.0,1.0,1.0,0.0
AC091078.2,0.0,0.0,1.0,1.0,0.0
CHGA,0.0,0.0,1.0,1.0,0.0
AC112693.1,0.0,0.0,1.0,1.0,0.0
LINC02833,0.0,0.0,1.0,1.0,0.0
AC113361.1,0.0,0.0,1.0,1.0,0.0
CXXC5-AS1,0.0,0.0,1.0,1.0,0.0
AC010333.2,0.0,0.0,1.0,1.0,0.0
AC068286.1,0.0,0.0,1.0,1.0,0.0
AC103739.1,0.0,0.0,1.0,1.0,0.0
IL4,0.0,0.0,1.0,1.0,0.0
IL13,0.0,0.0,1.0,1.0,0.0
AC009486.1,0.0,0.0,1.0,1.0,0.0
AC009486.2,0.0,0.0,1.0,1.0,0.0
AC008667.2,0.0,0.0,1.0,1.0,0.0
AC009167.1,0.0,0.0,1.0,1.0,0.0
AC136443.4,0.0,0.0,1.0,1.0,0.0
AC012456.1,0.0,0.0,1.0,1.0,0.0
AL391832.1,0.0,0.0,1.0,1.0,0.0
AC018946.1,0.0,0.0,1.0,1.0,0.0
LYST-AS1,0.0,0.0,1.0,1.0,0.0
IL17B,0.0,0.0,1.0,1.0,0.0
AC026320.1,0.0,0.0,1.0,1.0,0.0
AL139161.1,0.0,0.0,1.0,1.0,0.0
AC100834.2,0.0,0.0,1.0,1.0,0.0
GJD2,0.0,0.0,1.0,1.0,0.0
AC130650.1,0.0,0.0,1.0,1.0,0.0
AL357093.1,0.0,0.0,1.0,1.0,0.0
AL356805.1,0.0,0.0,1.0,1.0,0.0
AC138393.3,0.0,0.0,1.0,1.0,0.0
AC090877.2,0.0,0.0,1.0,1.0,0.0
AC010333.3,0.0,0.0,1.0,1.0,0.0
AC073062.1,0.0,0.0,1.0,1.0,0.0
AL139193.1,0.0,0.0,1.0,1.0,0.0
AC139887.5,0.0,0.0,1.0,1.0,0.0
U95743.1,0.0,0.0,1.0,1.0,0.0
AL096869.3,0.0,0.0,1.0,1.0,0.0
AC055874.1,0.0,0.0,1.0,1.0,0.0
LINC02037,0.0,0.0,1.0,1.0,0.0
LINC02317,0.0,0.0,1.0,1.0,0.0
AC092809.2,0.0,0.0,1.0,1.0,0.0
AC008667.4,0.0,0.0,1.0,1.0,0.0
AC009268.2,0.0,0.0,1.0,1.0,0.0
LINC02186,0.0,0.0,1.0,1.0,0.0
AC093798.1,0.0,0.0,1.0,1.0,0.0
HAVCR1,0.0,0.0,1.0,1.0,0.0
ASB2,0.0,0.0,1.0,1.0,0.0
AL355097.1,0.0,0.0,1.0,1.0,0.0
TUNAR,0.0,0.0,1.0,1.0,0.0
C16orf89,0.0,0.0,1.0,1.0,0.0
AC026458.2,0.0,0.0,1.0,1.0,0.0
LINC01570,0.0,0.0,1.0,1.0,0.0
PGPEP1L,0.0,0.0,1.0,1.0,0.0
AC093515.1,0.0,0.0,1.0,1.0,0.0
AC144833.1,0.0,0.0,1.0,1.0,0.0
FGF12-AS3,0.0,0.0,1.0,1.0,0.0
AC099066.1,0.0,0.0,1.0,1.0,0.0
GOLGA8G,0.0,0.0,1.0,1.0,0.0
AC118658.1,0.0,0.0,1.0,1.0,0.0
IRAIN,0.0,0.0,1.0,1.0,0.0
AC113410.2,0.0,0.0,1.0,1.0,0.0
AC107464.3,0.0,0.0,1.0,1.0,0.0
AL133167.1,0.0,0.0,1.0,1.0,0.0
AC024651.1,0.0,0.0,1.0,1.0,0.0
AC008278.1,0.0,0.0,1.0,1.0,0.0
LUNAR1,0.0,0.0,1.0,1.0,0.0
AL160408.3,0.0,0.0,1.0,1.0,0.0
AC010307.2,0.0,0.0,1.0,1.0,0.0
AC011383.1,0.0,0.0,1.0,1.0,0.0
AL158800.1,0.0,0.0,1.0,1.0,0.0
ACBD3-AS1,0.0,0.0,1.0,1.0,0.0
C16orf96,0.0,0.0,1.0,1.0,0.0
AC015660.2,0.0,0.0,1.0,1.0,0.0
AC010307.4,0.0,0.0,1.0,1.0,0.0
LINC02346,0.0,0.0,1.0,1.0,0.0
FSTL4,0.0,0.0,1.0,1.0,0.0
ATP13A5-AS1,0.0,0.0,1.0,1.0,0.0
SEPTIN12,0.0,0.0,1.0,1.0,0.0
SMIM22,0.0,0.0,1.0,1.0,0.0
AC020663.2,0.0,0.0,1.0,1.0,0.0
AL160408.4,0.0,0.0,1.0,1.0,0.0
AL355102.4,0.0,0.0,1.0,1.0,0.0
AC128709.3,0.0,0.0,1.0,1.0,0.0
LEFTY2,0.0,0.0,1.0,1.0,0.0
AC022167.4,0.0,0.0,1.0,1.0,0.0
AC022167.3,0.0,0.0,1.0,1.0,0.0
AL596330.1,0.0,0.0,1.0,1.0,0.0
AC015574.1,0.0,0.0,1.0,1.0,0.0
SERPINA3,0.0,0.0,1.0,1.0,0.0
FAM189A1,0.0,0.0,1.0,1.0,0.0
AL049839.3,0.0,0.0,1.0,1.0,0.0
AC027277.1,0.0,0.0,1.0,1.0,0.0
AC107980.1,0.0,0.0,1.0,1.0,0.0
AC102941.2,0.0,0.0,1.0,1.0,0.0
TEKT5,0.0,0.0,1.0,1.0,0.0
AL132990.1,0.0,0.0,1.0,1.0,0.0
TCL1B,0.0,0.0,1.0,1.0,0.0
PPP4R4,0.0,0.0,1.0,1.0,0.0
AC107464.2,0.0,0.0,1.0,1.0,0.0
AC104260.1,0.0,0.0,1.0,1.0,0.0
AC010872.2,0.0,0.0,1.0,1.0,0.0
LINC02813,0.0,0.0,1.0,1.0,0.0
AC087636.1,0.0,0.0,1.0,1.0,0.0
AC087633.1,0.0,0.0,1.0,1.0,0.0
AL121612.2,0.0,0.0,1.0,1.0,0.0
AC012409.4,0.0,0.0,1.0,1.0,0.0
AC131649.1,0.0,0.0,1.0,1.0,0.0
AC022168.1,0.0,0.0,1.0,1.0,0.0
AC024651.3,0.0,0.0,1.0,1.0,0.0
AL133467.4,0.0,0.0,1.0,1.0,0.0
AL133467.2,0.0,0.0,1.0,1.0,0.0
LINC02318,0.0,0.0,1.0,1.0,0.0
GOLGA8M,0.0,0.0,1.0,1.0,0.0
LINC02292,0.0,0.0,1.0,1.0,0.0
AC087477.4,0.0,0.0,1.0,1.0,0.0
AC087477.5,0.0,0.0,1.0,1.0,0.0
AC115619.1,0.0,0.0,1.0,1.0,0.0
AC092811.1,0.0,0.0,1.0,1.0,0.0
LINC02765,0.0,0.0,1.0,1.0,0.0
AC012178.1,0.0,0.0,1.0,1.0,0.0
GRIN2A,0.0,0.0,1.0,1.0,0.0
AC174469.1,0.0,0.0,1.0,1.0,0.0
AC113410.5,0.0,0.0,1.0,1.0,0.0
AC135048.2,0.0,0.0,1.0,1.0,0.0
TDRD9,0.0,0.0,1.0,1.0,0.0
MT4,0.0,0.0,1.0,1.0,0.0
AC244035.4,0.0,0.0,1.0,1.0,0.0
OR2T12,0.0,0.0,1.0,1.0,0.0
MAPK6-DT,0.0,0.0,1.0,1.0,0.0
XDH,0.0,0.0,1.0,1.0,0.0
LINC01717,0.0,0.0,1.0,1.0,0.0
CR2,0.0,0.0,1.0,1.0,0.0
LINC01944,0.0,0.0,1.0,1.0,0.0
AC092337.1,0.0,0.0,1.0,1.0,0.0
AC009754.2,0.0,0.0,1.0,1.0,0.0
TMEM202,0.0,0.0,1.0,1.0,0.0
AC009090.2,0.0,0.0,1.0,1.0,0.0
AC008514.1,0.0,0.0,1.0,1.0,0.0
AC008619.1,0.0,0.0,1.0,1.0,0.0
AL358333.1,0.0,0.0,1.0,1.0,0.0
AC073941.1,0.0,0.0,1.0,1.0,0.0
RHEX,0.0,0.0,1.0,1.0,0.0
LINC02208,0.0,0.0,1.0,1.0,0.0
AC244035.2,0.0,0.0,1.0,1.0,0.0
AC091074.3,0.0,0.0,1.0,1.0,0.0
AC007728.3,0.0,0.0,1.0,1.0,0.0
AC008663.1,0.0,0.0,1.0,1.0,0.0
SNX20,0.0,0.0,1.0,1.0,0.0
AC008632.1,0.0,0.0,1.0,1.0,0.0
AC009292.1,0.0,0.0,1.0,1.0,0.0
AC022217.2,0.0,0.0,1.0,1.0,0.0
LINC01304,0.0,0.0,1.0,1.0,0.0
LYPD8,0.0,0.0,1.0,1.0,0.0
SNTG2,0.0,0.0,1.0,1.0,0.0
AC068722.1,0.0,0.0,1.0,1.0,0.0
HMHB1,0.0,0.0,1.0,1.0,0.0
REC114,0.0,0.0,1.0,1.0,0.0
AC141930.2,0.0,0.0,1.0,1.0,0.0
AL133485.2,0.0,0.0,1.0,1.0,0.0
AC091073.1,0.0,0.0,1.0,1.0,0.0
CAPN14,0.0,0.0,1.0,1.0,0.0
GCSAML,0.0,0.0,1.0,1.0,0.0
LINC02214,0.0,0.0,1.0,1.0,0.0
AC007728.1,0.0,0.0,1.0,1.0,0.0
AC074011.1,0.0,0.0,1.0,1.0,0.0
AC104574.2,0.0,0.0,1.0,1.0,0.0
AC018685.2,0.0,0.0,1.0,1.0,0.0
LINC01413,0.0,0.0,1.0,1.0,0.0
AHSP,0.0,0.0,1.0,1.0,0.0
PRR16,0.0,0.0,1.0,1.0,0.0
AC025271.3,0.0,0.0,1.0,1.0,0.0
AC027306.1,0.0,0.0,1.0,1.0,0.0
PRSS54,0.0,0.0,1.0,1.0,0.0
INSYN1-AS1,0.0,0.0,1.0,1.0,0.0
AC009102.2,0.0,0.0,1.0,1.0,0.0
AC012404.2,0.0,0.0,1.0,1.0,0.0
AC018943.1,0.0,0.0,1.0,1.0,0.0
AC091117.1,0.0,0.0,1.0,1.0,0.0
AL355834.1,0.0,0.0,1.0,1.0,0.0
AC005618.2,0.0,0.0,1.0,1.0,0.0
TMEM30B,0.0,0.0,1.0,1.0,0.0
AL138479.2,0.0,0.0,1.0,1.0,0.0
AC074050.4,0.0,0.0,1.0,1.0,0.0
INSYN1,0.0,0.0,1.0,1.0,0.0
LINC02128,0.0,0.0,1.0,1.0,0.0
AC023825.2,0.0,0.0,1.0,1.0,0.0
C2CD4B,0.0,0.0,1.0,1.0,0.0
LINC02168,0.0,0.0,1.0,1.0,0.0
ONECUT1,0.0,0.0,1.0,1.0,0.0
AC015914.1,0.0,0.0,1.0,1.0,0.0
MIR205HG,0.0,0.0,1.0,1.0,0.0
AC011396.2,0.0,0.0,1.0,1.0,0.0
AC026771.1,0.0,0.0,1.0,1.0,0.0
LINC01865,0.0,0.0,1.0,1.0,0.0
WDR72,0.0,0.0,1.0,1.0,0.0
AC005592.2,0.0,0.0,1.0,1.0,0.0
AL355773.1,0.0,0.0,1.0,1.0,0.0
DUOXA2,0.0,0.0,1.0,1.0,0.0
LINC01743,0.0,0.0,1.0,1.0,0.0
AC074050.3,0.0,0.0,1.0,1.0,0.0
AC013452.2,0.0,0.0,1.0,1.0,0.0
AC104335.2,0.0,0.0,1.0,1.0,0.0
AL356275.1,0.0,0.0,1.0,1.0,0.0
AC022440.1,0.0,0.0,1.0,1.0,0.0
AC018552.3,0.0,0.0,1.0,1.0,0.0
AC098483.1,0.0,0.0,1.0,1.0,0.0
AL136038.2,0.0,0.0,1.0,1.0,0.0
AC091887.1,0.0,0.0,1.0,1.0,0.0
OR2T11,0.0,0.0,1.0,1.0,0.0
AC025580.1,0.0,0.0,1.0,1.0,0.0
AC090527.1,0.0,0.0,1.0,1.0,0.0
AL591770.1,0.0,0.0,1.0,1.0,0.0
AC016598.2,0.0,0.0,1.0,1.0,0.0
AC007493.1,0.0,0.0,1.0,1.0,0.0
AC012378.1,0.0,0.0,1.0,1.0,0.0
BCL2L10,0.0,0.0,1.0,1.0,0.0
AC022498.1,0.0,0.0,1.0,1.0,0.0
LINC02167,0.0,0.0,1.0,1.0,0.0
AC132803.1,0.0,0.0,1.0,1.0,0.0
AL049838.1,0.0,0.0,1.0,1.0,0.0
AC013553.4,0.0,0.0,1.0,1.0,0.0
IGDCC3,0.0,0.0,1.0,1.0,0.0
AC025040.1,0.0,0.0,1.0,1.0,0.0
AC107871.2,0.0,0.0,1.0,1.0,0.0
CCL17,0.0,0.0,1.0,1.0,0.0
AC116609.3,0.0,0.0,1.0,1.0,0.0
ADGRG5,0.0,0.0,1.0,1.0,0.0
AC008652.1,0.0,0.0,1.0,1.0,0.0
ATP8B4,0.0,0.0,1.0,1.0,0.0
AL358332.1,0.0,0.0,1.0,1.0,0.0
AC091980.2,0.0,0.0,1.0,1.0,0.0
AC051619.11,0.0,0.0,1.0,1.0,0.0
AC007950.1,0.0,0.0,1.0,1.0,0.0
LINC02568,0.0,0.0,1.0,1.0,0.0
CILP,0.0,0.0,1.0,1.0,0.0
AC093206.1,0.0,0.0,1.0,1.0,0.0
MMP2-AS1,0.0,0.0,1.0,1.0,0.0
AC016573.1,0.0,0.0,1.0,1.0,0.0
SLC35F4,0.0,0.0,1.0,1.0,0.0
AC007493.2,0.0,0.0,1.0,1.0,0.0
IRX3,0.0,0.0,1.0,1.0,0.0
HDC,0.0,0.0,1.0,1.0,0.0
AC027309.1,0.0,0.0,1.0,1.0,0.0
AC012170.3,0.0,0.0,1.0,1.0,0.0
AC023824.5,0.0,0.0,1.0,1.0,0.0
AC105398.1,0.0,0.0,1.0,1.0,0.0
SYT16,0.0,0.0,1.0,1.0,0.0
FAM170A,0.0,0.0,1.0,1.0,0.0
CAPN13,0.0,0.0,1.0,1.0,0.0
AC009301.1,0.0,0.0,1.0,1.0,0.0
LPP-AS1,0.0,0.0,1.0,1.0,0.0
AC136944.4,0.0,0.0,1.0,1.0,0.0
PCARE,0.0,0.0,1.0,1.0,0.0
AC145350.2,0.0,0.0,1.0,1.0,0.0
AC100839.1,0.0,0.0,1.0,1.0,0.0
CES1,0.0,0.0,1.0,1.0,0.0
CES5A,0.0,0.0,1.0,1.0,0.0
AC019118.1,0.0,0.0,1.0,1.0,0.0
AL049869.2,0.0,0.0,1.0,1.0,0.0
NEO1,0.0,0.0,1.0,1.0,0.0
AL079307.1,0.0,0.0,1.0,1.0,0.0
AC100839.2,0.0,0.0,1.0,1.0,0.0
AC018552.2,0.0,0.0,1.0,1.0,0.0
AL139316.1,0.0,0.0,1.0,1.0,0.0
LINC01566,0.0,0.0,1.0,1.0,0.0
AL358333.2,0.0,0.0,1.0,1.0,0.0
AC087612.1,0.0,0.0,1.0,1.0,0.0
OR14I1,0.0,0.0,1.0,1.0,0.0
AC007347.1,0.0,0.0,1.0,1.0,0.0
LINC02216,0.0,0.0,1.0,1.0,0.0
TRIM9,0.0,0.0,1.0,1.0,0.0
SLC6A2,0.0,0.0,1.0,1.0,0.0
AL137191.1,0.0,0.0,1.0,1.0,0.0
AC103874.1,0.0,0.0,1.0,1.0,0.0
CCL22,0.0,0.0,1.0,1.0,0.0
AC092159.1,0.0,0.0,1.0,1.0,0.0
AL390816.2,0.0,0.0,1.0,1.0,0.0
AC016598.1,0.0,0.0,1.0,1.0,0.0
LINC02324,0.0,0.0,1.0,1.0,0.0
SALL1,0.0,0.0,1.0,1.0,0.0
LINC00885,0.0,0.0,1.0,1.0,0.0
AC026462.5,0.0,0.0,1.0,1.0,0.0
AC007610.1,0.0,0.0,1.0,1.0,0.0
LINC02141,0.0,0.0,1.0,1.0,0.0
AC009081.2,0.0,0.0,1.0,1.0,0.0
LIPC-AS1,0.0,0.0,1.0,1.0,0.0
AL391152.1,0.0,0.0,1.0,1.0,0.0
AC009088.3,0.0,0.0,1.0,1.0,0.0
IL24,0.0,0.0,1.0,1.0,0.0
AL139021.2,0.0,0.0,1.0,1.0,0.0
AC007342.4,0.0,0.0,1.0,1.0,0.0
AC025918.1,0.0,0.0,1.0,1.0,0.0
LRRC9,0.0,0.0,1.0,1.0,0.0
IRF6,0.0,0.0,1.0,1.0,0.0
AL137789.2,0.0,0.0,1.0,1.0,0.0
OTX2-AS1,0.0,0.0,1.0,1.0,0.0
AC066613.2,0.0,0.0,1.0,1.0,0.0
AL355103.1,0.0,0.0,1.0,1.0,0.0
AC007342.5,0.0,0.0,1.0,1.0,0.0
SALRNA3,0.0,0.0,1.0,1.0,0.0
AC066612.1,0.0,0.0,1.0,1.0,0.0
GOLGA6A,0.0,0.0,1.0,1.0,0.0
CASC16,0.0,0.0,1.0,1.0,0.0
AC026470.2,0.0,0.0,1.0,1.0,0.0
AC009269.3,0.0,0.0,1.0,1.0,0.0
AC092378.1,0.0,0.0,1.0,1.0,0.0
AC023813.3,0.0,0.0,1.0,1.0,0.0
POU4F3,0.0,0.0,1.0,1.0,0.0
AC055855.2,0.0,0.0,1.0,1.0,0.0
AC073218.1,0.0,0.0,1.0,1.0,0.0
AC073964.1,0.0,0.0,1.0,1.0,0.0
CR1L,0.0,0.0,1.0,1.0,0.0
AC023813.4,0.0,0.0,1.0,1.0,0.0
LDHAL6B,0.0,0.0,1.0,1.0,0.0
AL110505.1,0.0,0.0,1.0,1.0,0.0
AC069257.1,0.0,0.0,1.0,1.0,0.0
AL352979.2,0.0,0.0,1.0,1.0,0.0
AC018752.1,0.0,0.0,1.0,1.0,0.0
AL139317.1,0.0,0.0,1.0,1.0,0.0
AC090515.6,0.0,0.0,1.0,1.0,0.0
SNCAIP,0.0,0.0,1.0,1.0,0.0
AC025430.1,0.0,0.0,1.0,1.0,0.0
AC244517.7,0.0,0.0,1.0,1.0,0.0
AC010931.3,0.0,0.0,1.0,1.0,0.0
LINC00648,0.0,0.0,1.0,1.0,0.0
MDGA2,0.0,0.0,1.0,1.0,0.0
AL445493.2,0.0,0.0,1.0,1.0,0.0
AC027348.1,0.0,0.0,1.0,1.0,0.0
PIGR,0.0,0.0,1.0,1.0,0.0
AL049835.1,0.0,0.0,1.0,1.0,0.0
AC024937.3,0.0,0.0,1.0,1.0,0.0
ISLR,0.0,0.0,1.0,1.0,0.0
AC034199.1,0.0,0.0,1.0,1.0,0.0
AC008378.1,0.0,0.0,1.0,1.0,0.0
AC113349.1,0.0,0.0,1.0,1.0,0.0
AC009434.1,0.0,0.0,1.0,1.0,0.0
AL627095.2,0.0,0.0,1.0,1.0,0.0
GLDN,0.0,0.0,1.0,1.0,0.0
AC020891.2,0.0,0.0,1.0,1.0,0.0
LINC01500,0.0,0.0,1.0,1.0,0.0
AL161757.5,0.0,0.0,1.0,1.0,0.0
CDH8,0.0,0.0,1.0,1.0,0.0
AC135050.4,0.0,0.0,1.0,1.0,0.0
RTN1,0.0,0.0,1.0,1.0,0.0
AL445493.3,0.0,0.0,1.0,1.0,0.0
AC010255.2,0.0,0.0,1.0,1.0,0.0
AC008700.1,0.0,0.0,1.0,1.0,0.0
AC084781.1,0.0,0.0,1.0,1.0,0.0
LINC01946,0.0,0.0,1.0,1.0,0.0
AC141930.1,0.0,0.0,1.0,1.0,0.0
AC007861.1,0.0,0.0,1.0,1.0,0.0
FCMR,0.0,0.0,1.0,1.0,0.0
AC012174.1,0.0,0.0,1.0,1.0,0.0
AC007861.2,0.0,0.0,1.0,1.0,0.0
NSG2,0.0,0.0,1.0,1.0,0.0
AQP9,0.0,0.0,1.0,1.0,0.0
AC108025.1,0.0,0.0,1.0,1.0,0.0
SALRNA1,0.0,0.0,1.0,1.0,0.0
SEMA6A-AS2,0.0,0.0,1.0,1.0,0.0
AC018845.1,0.0,0.0,1.0,1.0,0.0
LINC01250,0.0,0.0,1.0,1.0,0.0
MIR4713HG,0.0,0.0,1.0,1.0,0.0
AC009560.4,0.0,0.0,1.0,1.0,0.0
AC010267.1,0.0,0.0,1.0,1.0,0.0
AC110011.1,0.0,0.0,1.0,1.0,0.0
KCNIP1,0.0,0.0,1.0,1.0,0.0
LINC01991,0.0,0.0,1.0,1.0,0.0
AC092078.3,0.0,0.0,1.0,1.0,0.0
UBXN7-AS1,0.0,0.0,1.0,1.0,0.0
AC007610.2,0.0,0.0,1.0,1.0,0.0
ALKAL2,0.0,0.0,1.0,1.0,0.0
C14orf39,0.0,0.0,1.0,1.0,0.0
AL023754.1,0.0,0.0,1.0,1.0,0.0
AC008568.1,0.0,0.0,1.0,1.0,0.0
AC027237.4,0.0,0.0,1.0,1.0,0.0
AL163953.1,0.0,0.0,1.0,1.0,0.0
TERB2,0.0,0.0,1.0,1.0,0.0
AC090971.5,0.0,0.0,1.0,1.0,0.0
AC026471.3,0.0,0.0,1.0,1.0,0.0
AC012379.2,0.0,0.0,1.0,1.0,0.0
AC026770.1,0.0,0.0,1.0,1.0,0.0
AC091117.2,0.0,0.0,1.0,1.0,0.0
LOXL1,0.0,0.0,1.0,1.0,0.0
AC025271.2,0.0,0.0,1.0,1.0,0.0
AC007344.1,0.0,0.0,1.0,1.0,0.0
AC012379.1,0.0,0.0,1.0,1.0,0.0
AC087564.1,0.0,0.0,1.0,1.0,0.0
C1orf116,0.0,0.0,1.0,1.0,0.0
AC020779.2,0.0,0.0,1.0,1.0,0.0
AC022898.2,0.0,0.0,1.0,1.0,0.0
AC008663.2,0.0,0.0,1.0,1.0,0.0
AL596218.1,0.0,0.0,1.0,1.0,0.0
AL672291.1,0.0,0.0,1.0,1.0,0.0
GRXCR2,0.0,0.0,1.0,1.0,0.0
LINC01249,0.0,0.0,1.0,1.0,0.0
AL391261.4,0.0,0.0,1.0,1.0,0.0
SIX6,0.0,0.0,1.0,1.0,0.0
ITGAD,0.0,0.0,1.0,1.0,0.0
LINC02137,0.0,0.0,1.0,1.0,0.0
KIF26B-AS1,0.0,0.0,1.0,1.0,0.0
ITGAM,0.0,0.0,1.0,1.0,0.0
AC008674.1,0.0,0.0,1.0,1.0,0.0
FOXB1,0.0,0.0,1.0,1.0,0.0
C4BPA,0.0,0.0,1.0,1.0,0.0
LINC02133,0.0,0.0,1.0,1.0,0.0
AC012653.2,0.0,0.0,1.0,1.0,0.0
TOX3,0.0,0.0,1.0,1.0,0.0
AC022217.3,0.0,0.0,1.0,1.0,0.0
LINC02192,0.0,0.0,1.0,1.0,0.0
AC119673.1,0.0,0.0,1.0,1.0,0.0
PTGER2,0.0,0.0,1.0,1.0,0.0
ALLC,0.0,0.0,1.0,1.0,0.0
AC109441.1,0.0,0.0,1.0,1.0,0.0
MT1H,0.0,0.0,1.0,1.0,0.0
AC122108.2,0.0,0.0,1.0,1.0,0.0
CAMK1G,0.0,0.0,1.0,1.0,0.0
AC009654.1,0.0,0.0,1.0,1.0,0.0
AC005618.3,0.0,0.0,1.0,1.0,0.0
AL591848.2,0.0,0.0,1.0,1.0,0.0
AC007333.1,0.0,0.0,1.0,1.0,0.0
OR2M3,0.0,0.0,1.0,1.0,0.0
AC122108.1,0.0,0.0,1.0,1.0,0.0
AC020892.1,0.0,0.0,1.0,1.0,0.0
AC084759.2,0.0,0.0,1.0,1.0,0.0
COX6A2,0.0,0.0,1.0,1.0,0.0
AC104462.1,0.0,0.0,1.0,1.0,0.0
AC005674.2,-3.4061057e-05,-0.48371124,0.99997282320765,1.0,0.011904761904761904
Z99289.3,-3.4061057e-05,-0.10704581,0.99997282320765,1.0,0.05952380952380952
FMC1,-6.812211e-05,0.0014221895,0.9999456464153316,1.0,0.3333333333333333
AL359091.5,-0.00010218318,-0.56719345,0.9999184696230761,1.0,0.011904761904761904
TIRAP,-0.00013624423,-0.061415777,0.9998912928309153,1.0,0.023809523809523808
AC107982.3,-0.00020436636,0.19779186,0.9998369392470036,1.0,0.011904761904761904
ITPRIP,-0.00023842741,-0.025934495,0.9998097624553156,1.0,0.14285714285714285
FKRP,-0.0004087327,-0.0028466703,0.9996738785008173,1.0,0.047619047619047616
CTNS,-0.00044279377,-0.19324036,0.9996467017109267,1.0,0.05952380952380952
AC089983.1,-0.00047685482,-0.4063965,0.9996195249214459,1.0,0.07142857142857142
TNC,-0.0005109159,0.22334172,0.9995923481324064,1.0,0.08333333333333333
LRCH4,-0.000613099,-0.04189306,0.9995108177682519,1.0,0.09523809523809523
CROCC,-0.000613099,-0.120777056,0.9995108177682519,1.0,0.03571428571428571
MCAT,-0.0009877707,0.06232171,0.999211873149859,1.0,0.10714285714285714
AC018645.3,-0.001158076,-0.08741692,0.9990759892664594,1.0,0.011904761904761904
OSGEP,-0.0013624423,-0.028161494,0.9989129286421025,1.0,0.16666666666666666
RASIP1,-0.0016349308,-0.05197956,0.9986955145480959,1.0,0.36904761904761907
NFYC-AS1,-0.0020436635,-0.22983949,0.9983693935937392,1.0,0.011904761904761904
DHX32,-0.0020777246,0.009604852,0.9983422168590879,1.0,0.2619047619047619
AP002433.1,-0.002282091,0.4859612,0.9981791564926717,1.0,0.011904761904761904
HOXA1,-0.002316152,-0.3683017,0.9981519797721454,1.0,0.011904761904761904
DNAJA4,-0.002316152,-0.22366989,0.9981519797721454,1.0,0.08333333333333333
TMEM240,-0.002350213,0.537026,0.9981248030537632,1.0,0.011904761904761904
PLEKHG5,-0.002384274,-0.17074527,0.9980976263375563,1.0,0.07142857142857142
EDRF1-DT,-0.002384274,-0.29091072,0.9980976263375563,1.0,0.011904761904761904
ERAL1,-0.0026567625,0.16111906,0.9978802126900038,1.0,0.15476190476190477
STARD5,-0.0026908235,0.4502826,0.9978530359947955,1.0,0.011904761904761904
AL080317.1,-0.0026908235,0.42612898,0.9978530359947955,1.0,0.011904761904761904
AC080011.1,-0.002861129,-17.008148,0.9977171525567463,1.0,0.0
AL357078.2,-0.002861129,-17.417744,0.9977171525567463,1.0,0.0
AC027627.1,-0.002861129,-15.917985,0.9977171525567463,1.0,0.0
AC093843.1,-0.002861129,-16.430355,0.9977171525567463,1.0,0.0
AC090673.1,-0.002861129,-16.48545,0.9977171525567463,1.0,0.0
ARRDC4,-0.002861129,-17.492165,0.9977171525567463,1.0,0.0
C5orf17,-0.002861129,-16.188656,0.9977171525567463,1.0,0.0
C2CD4C,-0.002861129,-16.985374,0.9977171525567463,1.0,0.0
LCK,-0.002861129,-16.71023,0.9977171525567463,1.0,0.0
LINC00923,-0.002861129,-17.176758,0.9977171525567463,1.0,0.0
TEX101,-0.002861129,-17.215124,0.9977171525567463,1.0,0.0
AC091544.5,-0.002861129,-16.632195,0.9977171525567463,1.0,0.0
THNSL2,-0.002861129,-16.704193,0.9977171525567463,1.0,0.0
CDH7,-0.002861129,-16.940859,0.9977171525567463,1.0,0.0
LILRA5,-0.002861129,-16.49839,0.9977171525567463,1.0,0.0
CCDC63,-0.002861129,-17.03578,0.9977171525567463,1.0,0.0
OPRK1,-0.002861129,-16.627481,0.9977171525567463,1.0,0.0
AC139100.1,-0.002861129,-17.566101,0.9977171525567463,1.0,0.0
AC068898.2,-0.002861129,-17.549782,0.9977171525567463,1.0,0.0
AC091544.2,-0.002861129,-16.927511,0.9977171525567463,1.0,0.0
CARNMT1-AS1,-0.002861129,-16.26044,0.9977171525567463,1.0,0.0
AL138789.1,-0.002861129,-16.648438,0.9977171525567463,1.0,0.0
FREM2,-0.002861129,-17.4599,0.9977171525567463,1.0,0.0
AC004217.1,-0.002861129,-16.422295,0.9977171525567463,1.0,0.0
AC067956.1,-0.002861129,-16.26342,0.9977171525567463,1.0,0.0
LINC00305,-0.002861129,-16.18445,0.9977171525567463,1.0,0.0
LINC02675,-0.002861129,-17.12507,0.9977171525567463,1.0,0.0
FO681492.1,-0.002861129,-17.076265,0.9977171525567463,1.0,0.0
CD24,-0.002861129,-16.743599,0.9977171525567463,1.0,0.0
LINC00276,-0.002861129,-16.06369,0.9977171525567463,1.0,0.0
AC011388.1,-0.002861129,-17.721956,0.9977171525567463,1.0,0.0
DIO1,-0.002861129,-17.109505,0.9977171525567463,1.0,0.0
CU634019.2,-0.002861129,-16.848446,0.9977171525567463,1.0,0.0
AC021979.3,-0.002861129,-16.34941,0.9977171525567463,1.0,0.0
AC104051.2,-0.002861129,-16.78039,0.9977171525567463,1.0,0.0
AC093496.1,-0.002861129,-16.986343,0.9977171525567463,1.0,0.0
AL158136.1,-0.002861129,-17.123398,0.9977171525567463,1.0,0.0
AL645634.2,-0.002861129,-16.753971,0.9977171525567463,1.0,0.0
AC068279.2,-0.002861129,-16.277197,0.9977171525567463,1.0,0.0
AC083805.1,-0.002861129,-15.992096,0.9977171525567463,1.0,0.0
AC093912.1,-0.002861129,-17.284462,0.9977171525567463,1.0,0.0
LINC02408,-0.002861129,-16.686934,0.9977171525567463,1.0,0.0
AC022523.1,-0.002861129,-16.93505,0.9977171525567463,1.0,0.0
OR2C3,-0.002861129,-16.525557,0.9977171525567463,1.0,0.0
KISS1R,-0.002861129,-16.724329,0.9977171525567463,1.0,0.0
PSG11,-0.002861129,-16.644337,0.9977171525567463,1.0,0.0
AC092651.3,-0.002861129,-17.761005,0.9977171525567463,1.0,0.0
SERTM1,-0.002861129,-17.071898,0.9977171525567463,1.0,0.0
AC036108.1,-0.002861129,-16.694626,0.9977171525567463,1.0,0.0
OPN5,-0.002861129,-15.805801,0.9977171525567463,1.0,0.0
AC131025.1,-0.002861129,-16.392736,0.9977171525567463,1.0,0.0
LINC01606,-0.002861129,-16.831083,0.9977171525567463,1.0,0.0
PRSS57,-0.002861129,-16.61385,0.9977171525567463,1.0,0.0
GPR62,-0.002861129,-16.536327,0.9977171525567463,1.0,0.0
LINC00841,-0.002861129,-17.029318,0.9977171525567463,1.0,0.0
AL138731.1,-0.002861129,-16.510542,0.9977171525567463,1.0,0.0
AC113133.1,-0.002861129,-15.670463,0.9977171525567463,1.0,0.0
FP236383.4,-0.002861129,-16.606922,0.9977171525567463,1.0,0.0
ALOX5,-0.002861129,-17.206953,0.9977171525567463,1.0,0.0
OR13A1,-0.002861129,-16.83627,0.9977171525567463,1.0,0.0
AL358394.1,-0.002861129,-16.49254,0.9977171525567463,1.0,0.0
GZMM,-0.002861129,-17.239304,0.9977171525567463,1.0,0.0
BHMG1,-0.002861129,-16.819536,0.9977171525567463,1.0,0.0
MOXD1,-0.002861129,-17.445843,0.9977171525567463,1.0,0.0
CERNA3,-0.002861129,-16.05114,0.9977171525567463,1.0,0.0
AL391832.4,-0.002861129,-16.230429,0.9977171525567463,1.0,0.0
FAM169B,-0.002861129,-17.182617,0.9977171525567463,1.0,0.0
LINC01474,-0.002861129,-17.075115,0.9977171525567463,1.0,0.0
AC233266.2,-0.002861129,-17.765604,0.9977171525567463,1.0,0.0
AC009630.3,-0.002861129,-17.502895,0.9977171525567463,1.0,0.0
CNOT10-AS1,-0.002861129,-16.540504,0.9977171525567463,1.0,0.0
SEMA3B-AS1,-0.002861129,-17.174522,0.9977171525567463,1.0,0.0
LINC00113,-0.002861129,-18.117662,0.9977171525567463,1.0,0.0
AC078789.1,-0.002861129,-17.010448,0.9977171525567463,1.0,0.0
IQCF1,-0.002861129,-16.98559,0.9977171525567463,1.0,0.0
ASIC4,-0.002861129,-17.128302,0.9977171525567463,1.0,0.0
AC102941.1,-0.002861129,-15.970286,0.9977171525567463,1.0,0.0
AC116003.1,-0.002861129,-16.528395,0.9977171525567463,1.0,0.0
AC011453.1,-0.002861129,-17.27651,0.9977171525567463,1.0,0.0
AC095050.1,-0.002861129,-16.426569,0.9977171525567463,1.0,0.0
CASC6,-0.002861129,-17.157257,0.9977171525567463,1.0,0.0
DOCK3,-0.002861129,-16.86387,0.9977171525567463,1.0,0.0
AL139147.1,-0.002861129,-16.200499,0.9977171525567463,1.0,0.0
APOC4,-0.002861129,-16.73108,0.9977171525567463,1.0,0.0
AC023906.2,-0.002861129,-16.391832,0.9977171525567463,1.0,0.0
GFOD1-AS1,-0.002861129,-16.738398,0.9977171525567463,1.0,0.0
AL133334.1,-0.002861129,-15.6728,0.9977171525567463,1.0,0.0
VWA8-AS1,-0.002861129,-16.871552,0.9977171525567463,1.0,0.0
AC138470.2,-0.002861129,-17.058764,0.9977171525567463,1.0,0.0
AC007250.1,-0.002861129,-16.364613,0.9977171525567463,1.0,0.0
AP000229.1,-0.002861129,-16.424145,0.9977171525567463,1.0,0.0
RPH3A,-0.002861129,-16.293962,0.9977171525567463,1.0,0.0
AC053503.2,-0.002861129,-17.296959,0.9977171525567463,1.0,0.0
RASL12,-0.002861129,-16.941587,0.9977171525567463,1.0,0.0
AC104078.1,-0.002861129,-16.658615,0.9977171525567463,1.0,0.0
LINC00620,-0.002861129,-16.707952,0.9977171525567463,1.0,0.0
LINC02582,-0.002861129,-17.536816,0.9977171525567463,1.0,0.0
BCL11A,-0.002861129,-16.5686,0.9977171525567463,1.0,0.0
LINC00308,-0.002861129,-17.366537,0.9977171525567463,1.0,0.0
AL591222.1,-0.002861129,-15.993196,0.9977171525567463,1.0,0.0
LINC01922,-0.002861129,-16.994545,0.9977171525567463,1.0,0.0
AC053503.4,-0.002861129,-16.687279,0.9977171525567463,1.0,0.0
AL591368.1,-0.002861129,-16.884851,0.9977171525567463,1.0,0.0
AC026391.1,-0.002861129,-16.453804,0.9977171525567463,1.0,0.0
AC007381.1,-0.002861129,-15.516837,0.9977171525567463,1.0,0.0
AC020611.2,-0.002861129,-16.910934,0.9977171525567463,1.0,0.0
AC073263.1,-0.002861129,-16.656252,0.9977171525567463,1.0,0.0
CDH6,-0.002861129,-17.237999,0.9977171525567463,1.0,0.0
AC099517.1,-0.002861129,-16.954659,0.9977171525567463,1.0,0.0
LINC00320,-0.002861129,-17.544113,0.9977171525567463,1.0,0.0
AC091691.3,-0.002861129,-16.984407,0.9977171525567463,1.0,0.0
RASEF,-0.002861129,-16.70804,0.9977171525567463,1.0,0.0
C12orf56,-0.002861129,-16.511452,0.9977171525567463,1.0,0.0
AP001595.1,-0.002861129,-17.57477,0.9977171525567463,1.0,0.0
AC022915.1,-0.002861129,-16.975306,0.9977171525567463,1.0,0.0
AC106028.2,-0.002861129,-16.277004,0.9977171525567463,1.0,0.0
AL157886.1,-0.002861129,-17.215893,0.9977171525567463,1.0,0.0
AC013287.1,-0.002861129,-16.180916,0.9977171525567463,1.0,0.0
LINC02671,-0.002861129,-17.222961,0.9977171525567463,1.0,0.0
LINC02269,-0.002861129,-16.122086,0.9977171525567463,1.0,0.0
AL360294.1,-0.002861129,-17.006947,0.9977171525567463,1.0,0.0
AC002351.1,-0.002861129,-16.92813,0.9977171525567463,1.0,0.0
AC133530.1,-0.002861129,-16.511452,0.9977171525567463,1.0,0.0
OGDHL,-0.002861129,-15.802227,0.9977171525567463,1.0,0.0
AC092070.3,-0.002861129,-16.728498,0.9977171525567463,1.0,0.0
ST18,-0.002861129,-16.463661,0.9977171525567463,1.0,0.0
AF127577.2,-0.002861129,-15.816578,0.9977171525567463,1.0,0.0
CKM,-0.002861129,-16.74792,0.9977171525567463,1.0,0.0
TMEM26,-0.002861129,-17.004763,0.9977171525567463,1.0,0.0
LINC02253,-0.002861129,-16.139235,0.9977171525567463,1.0,0.0
SLC25A27,-0.002861129,-17.073275,0.9977171525567463,1.0,0.0
AC110597.1,-0.002861129,-16.49254,0.9977171525567463,1.0,0.0
LINC02389,-0.002861129,-16.623692,0.9977171525567463,1.0,0.0
CSF1R,-0.002861129,-17.164751,0.9977171525567463,1.0,0.0
AC090337.1,-0.002861129,-16.344223,0.9977171525567463,1.0,0.0
C21orf91,-0.002861129,-16.054197,0.9977171525567463,1.0,0.0
AC012055.1,-0.002861129,-16.25829,0.9977171525567463,1.0,0.0
AC012081.2,-0.002861129,-16.506227,0.9977171525567463,1.0,0.0
AL356747.1,-0.002861129,-17.18037,0.9977171525567463,1.0,0.0
LINC01579,-0.002861129,-16.610422,0.9977171525567463,1.0,0.0
LNCAROD,-0.002861129,-16.257847,0.9977171525567463,1.0,0.0
AC078962.2,-0.002861129,-15.78716,0.9977171525567463,1.0,0.0
AC019163.1,-0.002861129,-16.61794,0.9977171525567463,1.0,0.0
AC093801.1,-0.002861129,-16.037941,0.9977171525567463,1.0,0.0
LINC02530,-0.002861129,-16.165857,0.9977171525567463,1.0,0.0
TARM1,-0.002861129,-16.939924,0.9977171525567463,1.0,0.0
AC091078.1,-0.002861129,-17.169071,0.9977171525567463,1.0,0.0
AC025262.1,-0.002861129,-16.35543,0.9977171525567463,1.0,0.0
AP001605.1,-0.002861129,-17.174274,0.9977171525567463,1.0,0.0
ENPP4,-0.002861129,-17.21065,0.9977171525567463,1.0,0.0
AL445183.2,-0.002861129,-16.591722,0.9977171525567463,1.0,0.0
AL591135.2,-0.002861129,-16.515326,0.9977171525567463,1.0,0.0
AL355432.1,-0.002861129,-16.787146,0.9977171525567463,1.0,0.0
AL157937.1,-0.002861129,-16.98559,0.9977171525567463,1.0,0.0
STMN4,-0.002861129,-15.882239,0.9977171525567463,1.0,0.0
ERVH48-1,-0.002861129,-16.919607,0.9977171525567463,1.0,0.0
LINC01894,-0.002861129,-16.498314,0.9977171525567463,1.0,0.0
KLK10,-0.002861129,-16.45949,0.9977171525567463,1.0,0.0
AC034102.8,-0.002861129,-17.319128,0.9977171525567463,1.0,0.0
AC244452.3,-0.002861129,-16.693413,0.9977171525567463,1.0,0.0
UBE2E2-AS1,-0.002861129,-17.502413,0.9977171525567463,1.0,0.0
HTR2A,-0.002861129,-16.948368,0.9977171525567463,1.0,0.0
ANKRD20A2,-0.002861129,-16.591642,0.9977171525567463,1.0,0.0
AL359880.1,-0.002861129,-16.555382,0.9977171525567463,1.0,0.0
AC090403.1,-0.002861129,-16.89115,0.9977171525567463,1.0,0.0
AL133406.2,-0.002861129,-16.426353,0.9977171525567463,1.0,0.0
AC026803.2,-0.002861129,-17.220387,0.9977171525567463,1.0,0.0
CACNA1D,-0.002861129,-16.531239,0.9977171525567463,1.0,0.0
ACTA2-AS1,-0.002861129,-16.719112,0.9977171525567463,1.0,0.0
AL157400.1,-0.002861129,-16.728765,0.9977171525567463,1.0,0.0
AC018697.1,-0.002861129,-16.419878,0.9977171525567463,1.0,0.0
FRGCA,-0.002861129,-16.596313,0.9977171525567463,1.0,0.0
HTR7,-0.002861129,-17.087833,0.9977171525567463,1.0,0.0
SOX8,-0.002861129,-16.738935,0.9977171525567463,1.0,0.0
CGB7,-0.002861129,-17.202633,0.9977171525567463,1.0,0.0
FAM178B,-0.002861129,-16.602945,0.9977171525567463,1.0,0.0
SIK1,-0.002861129,-17.372608,0.9977171525567463,1.0,0.0
AC008687.2,-0.002861129,-17.383522,0.9977171525567463,1.0,0.0
DNAI1,-0.002861129,-16.727345,0.9977171525567463,1.0,0.0
AL591468.2,-0.002861129,-16.845343,0.9977171525567463,1.0,0.0
NEFM,-0.002861129,-17.670046,0.9977171525567463,1.0,0.0
CNTFR,-0.002861129,-16.690557,0.9977171525567463,1.0,0.0
TESC,-0.002861129,-17.402073,0.9977171525567463,1.0,0.0
AC239804.1,-0.002861129,-15.790423,0.9977171525567463,1.0,0.0
ADAM28,-0.002861129,-16.765974,0.9977171525567463,1.0,0.0
AL513165.1,-0.002861129,-17.412647,0.9977171525567463,1.0,0.0
C2CD4A,-0.002861129,-16.881563,0.9977171525567463,1.0,0.0
AL356489.4,-0.002861129,-17.310131,0.9977171525567463,1.0,0.0
AF124730.1,-0.002861129,-16.365295,0.9977171525567463,1.0,0.0
ASXL3,-0.002861129,-16.93899,0.9977171525567463,1.0,0.0
LRRC63,-0.002861129,-16.634348,0.9977171525567463,1.0,0.0
GAREM1,-0.002861129,-16.787703,0.9977171525567463,1.0,0.0
MEP1B,-0.002861129,-16.352858,0.9977171525567463,1.0,0.0
AC090518.1,-0.002861129,-15.925005,0.9977171525567463,1.0,0.0
AC084026.2,-0.002861129,-17.333517,0.9977171525567463,1.0,0.0
LDB3,-0.002861129,-16.781591,0.9977171525567463,1.0,0.0
AC104623.1,-0.002861129,-16.941692,0.9977171525567463,1.0,0.0
LIPF,-0.002861129,-16.672445,0.9977171525567463,1.0,0.0
UBE2E1-AS1,-0.002861129,-16.86869,0.9977171525567463,1.0,0.0
AC013270.1,-0.002861129,-15.749271,0.9977171525567463,1.0,0.0
AC022028.2,-0.002861129,-16.36243,0.9977171525567463,1.0,0.0
BRWD1-AS1,-0.002861129,-16.758505,0.9977171525567463,1.0,0.0
AC079384.1,-0.002861129,-16.51639,0.9977171525567463,1.0,0.0
SIGLEC8,-0.002861129,-17.80038,0.9977171525567463,1.0,0.0
AC009831.3,-0.002861129,-16.541124,0.9977171525567463,1.0,0.0
FBXL16,-0.002861129,-17.029318,0.9977171525567463,1.0,0.0
LINC01179,-0.002861129,-16.455696,0.9977171525567463,1.0,0.0
TRBV26OR9-2,-0.002861129,-16.352858,0.9977171525567463,1.0,0.0
AC125616.1,-0.002861129,-16.33037,0.9977171525567463,1.0,0.0
AL136985.2,-0.002861129,-17.114357,0.9977171525567463,1.0,0.0
SLC25A52,-0.002861129,-17.344948,0.9977171525567463,1.0,0.0
EGFLAM,-0.002861129,-17.405489,0.9977171525567463,1.0,0.0
AC092159.2,-0.002861129,-16.912054,0.9977171525567463,1.0,0.0
AC025871.3,-0.002861129,-16.754967,0.9977171525567463,1.0,0.0
GK3P,-0.002861129,-17.196558,0.9977171525567463,1.0,0.0
AC126323.6,-0.002861129,-17.05264,0.9977171525567463,1.0,0.0
FBXO16,-0.002861129,-17.743773,0.9977171525567463,1.0,0.0
AL353626.1,-0.002861129,-16.40617,0.9977171525567463,1.0,0.0
ZNF395,-0.002861129,-16.803385,0.9977171525567463,1.0,0.0
SLC35D3,-0.002861129,-16.122086,0.9977171525567463,1.0,0.0
PLSCR2,-0.002861129,-15.798479,0.9977171525567463,1.0,0.0
LINC01678,-0.002861129,-16.143015,0.9977171525567463,1.0,0.0
AC009560.3,-0.002861129,-16.375917,0.9977171525567463,1.0,0.0
TTC39C-AS1,-0.002861129,-16.5641,0.9977171525567463,1.0,0.0
AC104451.2,-0.002861129,-15.853861,0.9977171525567463,1.0,0.0
PTOV1-AS2,-0.002861129,-16.251476,0.9977171525567463,1.0,0.0
AC090515.4,-0.002861129,-16.91562,0.9977171525567463,1.0,0.0
AP005131.6,-0.002861129,-16.986666,0.9977171525567463,1.0,0.0
AL020997.4,-0.002861129,-16.904543,0.9977171525567463,1.0,0.0
ABCA12,-0.002861129,-16.661318,0.9977171525567463,1.0,0.0
AL583722.3,-0.002861129,-17.215893,0.9977171525567463,1.0,0.0
AC027287.2,-0.002861129,-17.601852,0.9977171525567463,1.0,0.0
AP001056.2,-0.002861129,-16.463148,0.9977171525567463,1.0,0.0
AC105206.2,-0.002861129,-15.925005,0.9977171525567463,1.0,0.0
BX322559.1,-0.002861129,-16.424501,0.9977171525567463,1.0,0.0
OR6C75,-0.002861129,-16.488506,0.9977171525567463,1.0,0.0
LINC00316,-0.002861129,-17.408615,0.9977171525567463,1.0,0.0
CCDC154,-0.002861129,-17.027874,0.9977171525567463,1.0,0.0
AL136301.1,-0.002861129,-16.810635,0.9977171525567463,1.0,0.0
VWC2L,-0.002861129,-15.486858,0.9977171525567463,1.0,0.0
AL133493.1,-0.002861129,-16.05469,0.9977171525567463,1.0,0.0
SGO1-AS1,-0.002861129,-17.174522,0.9977171525567463,1.0,0.0
AP002505.1,-0.002861129,-16.515326,0.9977171525567463,1.0,0.0
AL133297.2,-0.002861129,-17.12483,0.9977171525567463,1.0,0.0
PCBP3,-0.002861129,-16.426783,0.9977171525567463,1.0,0.0
AC018904.2,-0.002861129,-16.93899,0.9977171525567463,1.0,0.0
CCDC60,-0.002861129,-16.930294,0.9977171525567463,1.0,0.0
AL137003.1,-0.002861129,-17.495998,0.9977171525567463,1.0,0.0
AL121990.1,-0.002861129,-16.866722,0.9977171525567463,1.0,0.0
LINC00604,-0.002861129,-17.158606,0.9977171525567463,1.0,0.0
AC010624.2,-0.002861129,-15.991155,0.9977171525567463,1.0,0.0
AL137060.3,-0.002861129,-17.154076,0.9977171525567463,1.0,0.0
AC108105.1,-0.002861129,-16.585146,0.9977171525567463,1.0,0.0
AJ239328.1,-0.002861129,-16.490149,0.9977171525567463,1.0,0.0
FSTL5,-0.002861129,-16.663435,0.9977171525567463,1.0,0.0
AC008655.2,-0.002861129,-17.717909,0.9977171525567463,1.0,0.0
RASGEF1C,-0.002861129,-16.31481,0.9977171525567463,1.0,0.0
AC104472.1,-0.002861129,-16.549053,0.9977171525567463,1.0,0.0
BLNK,-0.002861129,-16.94774,0.9977171525567463,1.0,0.0
AC091588.1,-0.002861129,-16.669804,0.9977171525567463,1.0,0.0
AL358613.1,-0.002861129,-16.928232,0.9977171525567463,1.0,0.0
KLK15,-0.002861129,-16.374268,0.9977171525567463,1.0,0.0
AC093765.5,-0.002861129,-16.828499,0.9977171525567463,1.0,0.0
FAM218A,-0.002861129,-16.929365,0.9977171525567463,1.0,0.0
AP001059.1,-0.002861129,-16.773209,0.9977171525567463,1.0,0.0
WNT5A,-0.002861129,-16.845245,0.9977171525567463,1.0,0.0
AP001062.2,-0.002861129,-16.738846,0.9977171525567463,1.0,0.0
AC025572.1,-0.002861129,-16.447994,0.9977171525567463,1.0,0.0
FYB1,-0.002861129,-15.685854,0.9977171525567463,1.0,0.0
PAX5,-0.002861129,-16.924837,0.9977171525567463,1.0,0.0
AL450267.2,-0.002861129,-17.34339,0.9977171525567463,1.0,0.0
LRRC3-DT,-0.002861129,-16.718937,0.9977171525567463,1.0,0.0
CYSLTR2,-0.002861129,-16.887346,0.9977171525567463,1.0,0.0
GRIK2,-0.002861129,-16.230429,0.9977171525567463,1.0,0.0
CCL21,-0.002861129,-17.047672,0.9977171525567463,1.0,0.0
AC099753.1,-0.002861129,-16.854088,0.9977171525567463,1.0,0.0
CYP2C19,-0.002861129,-16.948996,0.9977171525567463,1.0,0.0
CYP2C9,-0.002861129,-16.515326,0.9977171525567463,1.0,0.0
AC105046.2,-0.002861129,-17.350916,0.9977171525567463,1.0,0.0
MIR4422HG,-0.002861129,-16.879078,0.9977171525567463,1.0,0.0
AC106037.3,-0.002861129,-16.180437,0.9977171525567463,1.0,0.0
AC069213.1,-0.002861129,-17.099152,0.9977171525567463,1.0,0.0
AC005740.3,-0.002861129,-15.543715,0.9977171525567463,1.0,0.0
AC015878.2,-0.002861129,-17.38718,0.9977171525567463,1.0,0.0
AC017099.2,-0.002861129,-16.15131,0.9977171525567463,1.0,0.0
AC026367.1,-0.002861129,-16.55108,0.9977171525567463,1.0,0.0
AC011495.3,-0.002861129,-16.394129,0.9977171525567463,1.0,0.0
LINC00334,-0.002861129,-17.221416,0.9977171525567463,1.0,0.0
AC098679.5,-0.002861129,-16.51723,0.9977171525567463,1.0,0.0
AC022272.1,-0.002861129,-17.006947,0.9977171525567463,1.0,0.0
LINC02806,-0.002861129,-16.802446,0.9977171525567463,1.0,0.0
AC118757.1,-0.002861129,-17.051283,0.9977171525567463,1.0,0.0
AC068726.1,-0.002861129,-16.299747,0.9977171525567463,1.0,0.0
OR2T33,-0.002861129,-17.570173,0.9977171525567463,1.0,0.0
AC084855.1,-0.002861129,-16.548273,0.9977171525567463,1.0,0.0
AC009974.1,-0.002861129,-16.960766,0.9977171525567463,1.0,0.0
LINC00184,-0.002861129,-16.651793,0.9977171525567463,1.0,0.0
LINC01539,-0.002861129,-16.75189,0.9977171525567463,1.0,0.0
AC022413.2,-0.002861129,-16.167515,0.9977171525567463,1.0,0.0
AL023583.1,-0.002861129,-15.543104,0.9977171525567463,1.0,0.0
GNG8,-0.002861129,-16.551159,0.9977171525567463,1.0,0.0
LINC02504,-0.002861129,-16.695927,0.9977171525567463,1.0,0.0
OIT3,-0.002861129,-16.455042,0.9977171525567463,1.0,0.0
AC117394.2,-0.002861129,-16.654232,0.9977171525567463,1.0,0.0
AC010320.4,-0.002861129,-16.71023,0.9977171525567463,1.0,0.0
AC015660.1,-0.002861129,-16.932566,0.9977171525567463,1.0,0.0
P2RY1,-0.002861129,-17.001276,0.9977171525567463,1.0,0.0
CCDC85A,-0.002861129,-16.680227,0.9977171525567463,1.0,0.0
DACT3-AS1,-0.002861129,-16.77468,0.9977171525567463,1.0,0.0
LINC00159,-0.002861129,-16.341803,0.9977171525567463,1.0,0.0
AC079341.2,-0.002861129,-16.602945,0.9977171525567463,1.0,0.0
MRAP,-0.002861129,-16.83051,0.9977171525567463,1.0,0.0
AC114488.1,-0.002861129,-15.754263,0.9977171525567463,1.0,0.0
AC023449.2,-0.002861129,-16.676031,0.9977171525567463,1.0,0.0
AC105450.1,-0.002861129,-16.346645,0.9977171525567463,1.0,0.0
LINC01929,-0.002861129,-16.511906,0.9977171525567463,1.0,0.0
NAT8,-0.002861129,-17.07834,0.9977171525567463,1.0,0.0
AC007673.1,-0.002861129,-16.640167,0.9977171525567463,1.0,0.0
FOXD4L3,-0.002861129,-16.912258,0.9977171525567463,1.0,0.0
LINC01917,-0.002861129,-16.064737,0.9977171525567463,1.0,0.0
AL136309.3,-0.002861129,-16.548508,0.9977171525567463,1.0,0.0
DCC,-0.002861129,-16.676031,0.9977171525567463,1.0,0.0
ADRA2B,-0.002861129,-16.951824,0.9977171525567463,1.0,0.0
SEMA3G,-0.002861129,-16.298576,0.9977171525567463,1.0,0.0
AC010320.1,-0.002861129,-17.003672,0.9977171525567463,1.0,0.0
AC114488.2,-0.002861129,-16.341064,0.9977171525567463,1.0,0.0
AL136131.3,-0.002861129,-16.358484,0.9977171525567463,1.0,0.0
OR2M4,-0.002861129,-16.96775,0.9977171525567463,1.0,0.0
RASAL1,-0.002861129,-17.24388,0.9977171525567463,1.0,0.0
AC010857.1,-0.002861129,-16.199589,0.9977171525567463,1.0,0.0
SIRLNT,-0.002861129,-17.082037,0.9977171525567463,1.0,0.0
AL583829.1,-0.002861129,-16.675604,0.9977171525567463,1.0,0.0
LDLRAD1,-0.002861129,-16.822487,0.9977171525567463,1.0,0.0
GABRB3,-0.002861129,-16.43408,0.9977171525567463,1.0,0.0
TPO,-0.002861129,-16.987528,0.9977171525567463,1.0,0.0
LINC01983,-0.002861129,-16.492092,0.9977171525567463,1.0,0.0
AC007991.3,-0.002861129,-16.79142,0.9977171525567463,1.0,0.0
GRIK1,-0.002861129,-17.06823,0.9977171525567463,1.0,0.0
AC243547.1,-0.002861129,-16.70088,0.9977171525567463,1.0,0.0
ELAVL2,-0.002861129,-17.368702,0.9977171525567463,1.0,0.0
DTX1,-0.002861129,-17.239824,0.9977171525567463,1.0,0.0
GRP,-0.002861129,-15.636012,0.9977171525567463,1.0,0.0
AC104365.3,-0.002861129,-17.275034,0.9977171525567463,1.0,0.0
TIAM1,-0.002861129,-16.217102,0.9977171525567463,1.0,0.0
AC243547.2,-0.002861129,-16.669464,0.9977171525567463,1.0,0.0
AC104971.1,-0.002861129,-17.04959,0.9977171525567463,1.0,0.0
AL365204.2,-0.002861129,-16.864853,0.9977171525567463,1.0,0.0
IGFL3,-0.002861129,-17.300102,0.9977171525567463,1.0,0.0
AL160408.1,-0.002861129,-15.0964155,0.9977171525567463,1.0,0.0
CDH23,-0.002861129,-16.94065,0.9977171525567463,1.0,0.0
AC103563.9,-0.002861129,-16.55687,0.9977171525567463,1.0,0.0
AC105105.2,-0.002861129,-16.724152,0.9977171525567463,1.0,0.0
MUC4,-0.002861129,-16.038103,0.9977171525567463,1.0,0.0
LINC02244,-0.002861129,-16.53247,0.9977171525567463,1.0,0.0
LINC01967,-0.002861129,-15.802227,0.9977171525567463,1.0,0.0
CT69,-0.002861129,-17.38762,0.9977171525567463,1.0,0.0
MUC20,-0.002861129,-16.565994,0.9977171525567463,1.0,0.0
AL353753.1,-0.002861129,-16.792538,0.9977171525567463,1.0,0.0
PNMA8B,-0.002861129,-17.424824,0.9977171525567463,1.0,0.0
AL589745.1,-0.002861129,-16.11859,0.9977171525567463,1.0,0.0
AADAT,-0.002861129,-16.593975,0.9977171525567463,1.0,0.0
AC069234.3,-0.002861129,-16.71885,0.9977171525567463,1.0,0.0
GOLGA6L2,-0.002861129,-17.067543,0.9977171525567463,1.0,0.0
ITIH1,-0.002861129,-16.621635,0.9977171525567463,1.0,0.0
MIP,-0.002861129,-15.881271,0.9977171525567463,1.0,0.0
SFTPA2,-0.002861129,-16.911749,0.9977171525567463,1.0,0.0
AC068672.3,-0.002861129,-17.462233,0.9977171525567463,1.0,0.0
AC099791.4,-0.002861129,-16.963724,0.9977171525567463,1.0,0.0
AL133481.1,-0.002861129,-15.991155,0.9977171525567463,1.0,0.0
AP000696.2,-0.002861129,-16.555616,0.9977171525567463,1.0,0.0
MFAP3L,-0.002861129,-16.804419,0.9977171525567463,1.0,0.0
AC092265.1,-0.002861129,-16.934013,0.9977171525567463,1.0,0.0
AC008957.1,-0.002861129,-17.095991,0.9977171525567463,1.0,0.0
FPR1,-0.002861129,-16.689003,0.9977171525567463,1.0,0.0
AC010163.1,-0.002861129,-16.820393,0.9977171525567463,1.0,0.0
NOP53-AS1,-0.002861129,-16.990223,0.9977171525567463,1.0,0.0
ST8SIA5,-0.002861129,-15.949012,0.9977171525567463,1.0,0.0
PRR35,-0.002861129,-17.239304,0.9977171525567463,1.0,0.0
AC068985.1,-0.002861129,-16.613768,0.9977171525567463,1.0,0.0
LINC01901,-0.002861129,-16.270676,0.9977171525567463,1.0,0.0
AC099845.1,-0.002861129,-16.432861,0.9977171525567463,1.0,0.0
AC102945.1,-0.002861129,-16.515326,0.9977171525567463,1.0,0.0
AC009899.1,-0.002861129,-16.661488,0.9977171525567463,1.0,0.0
AC015961.1,-0.002861129,-16.434223,0.9977171525567463,1.0,0.0
AC007563.4,-0.002861129,-15.797795,0.9977171525567463,1.0,0.0
ERICH6B,-0.002861129,-16.660643,0.9977171525567463,1.0,0.0
SH2D4B,-0.002861129,-16.892855,0.9977171525567463,1.0,0.0
AC080188.1,-0.002861129,-16.72939,0.9977171525567463,1.0,0.0
LINC02805,-0.002861129,-16.623938,0.9977171525567463,1.0,0.0
AL391987.3,-0.002861129,-17.524803,0.9977171525567463,1.0,0.0
AC093752.3,-0.002861129,-16.040215,0.9977171525567463,1.0,0.0
CERNA2,-0.002861129,-16.625502,0.9977171525567463,1.0,0.0
AL357500.1,-0.002861129,-16.03411,0.9977171525567463,1.0,0.0
SYNGR4,-0.002861129,-16.611483,0.9977171525567463,1.0,0.0
RANBP3L,-0.002861129,-15.789833,0.9977171525567463,1.0,0.0
AC026765.3,-0.002861129,-16.17274,0.9977171525567463,1.0,0.0
AP000688.1,-0.002861129,-17.51145,0.9977171525567463,1.0,0.0
AL356515.1,-0.002861129,-16.46858,0.9977171525567463,1.0,0.0
AL353596.1,-0.002861129,-16.674067,0.9977171525567463,1.0,0.0
AL451123.2,-0.002861129,-16.899794,0.9977171525567463,1.0,0.0
AC090907.1,-0.002861129,-17.29355,0.9977171525567463,1.0,0.0
AL133259.1,-0.002861129,-17.279604,0.9977171525567463,1.0,0.0
AC024560.3,-0.002861129,-16.71929,0.9977171525567463,1.0,0.0
AC100778.3,-0.002861129,-17.366537,0.9977171525567463,1.0,0.0
LINC01115,-0.002861129,-16.119621,0.9977171525567463,1.0,0.0
AC019254.2,-0.002861129,-15.824039,0.9977171525567463,1.0,0.0
AC079341.1,-0.002861129,-16.660896,0.9977171525567463,1.0,0.0
AL353746.1,-0.002861129,-16.170958,0.9977171525567463,1.0,0.0
TUSC8,-0.002861129,-17.246895,0.9977171525567463,1.0,0.0
AC100778.1,-0.002861129,-16.954027,0.9977171525567463,1.0,0.0
FOXD4L4,-0.002861129,-17.138767,0.9977171525567463,1.0,0.0
TMEM155,-0.002861129,-16.71885,0.9977171525567463,1.0,0.0
AC108210.1,-0.002861129,-16.407928,0.9977171525567463,1.0,0.0
HBA1,-0.002861129,-16.719025,0.9977171525567463,1.0,0.0
AC018511.5,-0.002861129,-16.690731,0.9977171525567463,1.0,0.0
FLT4,-0.002861129,-17.37551,0.9977171525567463,1.0,0.0
AC120349.1,-0.002861129,-15.999126,0.9977171525567463,1.0,0.0
AC091182.2,-0.002861129,-16.49839,0.9977171525567463,1.0,0.0
LRRC3B,-0.002861129,-15.853861,0.9977171525567463,1.0,0.0
SOD3,-0.002861129,-16.810068,0.9977171525567463,1.0,0.0
AC007743.1,-0.002861129,-16.512285,0.9977171525567463,1.0,0.0
GPR182,-0.002861129,-16.71885,0.9977171525567463,1.0,0.0
LINC01436,-0.002861129,-16.674067,0.9977171525567463,1.0,0.0
PWRN1,-0.002861129,-16.275915,0.9977171525567463,1.0,0.0
C3orf79,-0.002861129,-16.291176,0.9977171525567463,1.0,0.0
KCNMA1-AS2,-0.002861129,-16.700533,0.9977171525567463,1.0,0.0
AL731575.1,-0.002861129,-16.096272,0.9977171525567463,1.0,0.0
AC099754.1,-0.002861129,-17.33029,0.9977171525567463,1.0,0.0
AL022344.1,-0.002861129,-17.808254,0.9977171525567463,1.0,0.0
AC012100.2,-0.002861129,-15.694057,0.9977171525567463,1.0,0.0
LINC01348,-0.002861129,-16.67877,0.9977171525567463,1.0,0.0
PTPRT,-0.002861129,-16.574543,0.9977171525567463,1.0,0.0
C9orf152,-0.002861129,-16.502981,0.9977171525567463,1.0,0.0
LINC02009,-0.002861129,-16.46249,0.9977171525567463,1.0,0.0
AL356299.2,-0.002861129,-15.78716,0.9977171525567463,1.0,0.0
SCGB3A2,-0.002861129,-16.716469,0.9977171525567463,1.0,0.0
TACR1,-0.002861129,-16.97232,0.9977171525567463,1.0,0.0
AC121333.1,-0.002861129,-16.67937,0.9977171525567463,1.0,0.0
ASIP,-0.002861129,-16.283943,0.9977171525567463,1.0,0.0
AC008894.1,-0.002861129,-16.23049,0.9977171525567463,1.0,0.0
INPP4B,-0.002861129,-17.33929,0.9977171525567463,1.0,0.0
AC007389.5,-0.002861129,-17.343956,0.9977171525567463,1.0,0.0
AC096540.1,-0.002861129,-16.787703,0.9977171525567463,1.0,0.0
AP000428.2,-0.002861129,-16.391832,0.9977171525567463,1.0,0.0
AC020911.3,-0.002861129,-17.101263,0.9977171525567463,1.0,0.0
AC092802.2,-0.002861129,-16.419594,0.9977171525567463,1.0,0.0
AC020917.2,-0.002861129,-16.047815,0.9977171525567463,1.0,0.0
AC092617.1,-0.002861129,-16.829456,0.9977171525567463,1.0,0.0
ADAMTSL2,-0.002861129,-16.780207,0.9977171525567463,1.0,0.0
LINC02276,-0.002861129,-16.831179,0.9977171525567463,1.0,0.0
AC138123.2,-0.002861129,-15.583416,0.9977171525567463,1.0,0.0
AC093904.4,-0.002861129,-16.689436,0.9977171525567463,1.0,0.0
AL358779.1,-0.002861129,-16.393711,0.9977171525567463,1.0,0.0
AC016134.1,-0.002861129,-17.454784,0.9977171525567463,1.0,0.0
AC003956.1,-0.002861129,-16.669464,0.9977171525567463,1.0,0.0
AL590096.1,-0.002861129,-16.627481,0.9977171525567463,1.0,0.0
LINC02413,-0.002861129,-16.93112,0.9977171525567463,1.0,0.0
AL359762.2,-0.002861129,-16.926687,0.9977171525567463,1.0,0.0
AD001527.1,-0.002861129,-17.027874,0.9977171525567463,1.0,0.0
AC012213.4,-0.002861129,-17.42045,0.9977171525567463,1.0,0.0
AL451007.3,-0.002861129,-15.937587,0.9977171525567463,1.0,0.0
AL356414.1,-0.002861129,-16.279442,0.9977171525567463,1.0,0.0
AC051619.4,-0.002861129,-16.720703,0.9977171525567463,1.0,0.0
AL162719.1,-0.002861129,-17.456488,0.9977171525567463,1.0,0.0
LINC02432,-0.002861129,-16.745667,0.9977171525567463,1.0,0.0
CALR3,-0.002861129,-17.434526,0.9977171525567463,1.0,0.0
SPINK1,-0.002861129,-17.18037,0.9977171525567463,1.0,0.0
AC025508.1,-0.002861129,-18.083452,0.9977171525567463,1.0,0.0
QRFP,-0.002861129,-17.30545,0.9977171525567463,1.0,0.0
AC098484.1,-0.002861129,-16.905758,0.9977171525567463,1.0,0.0
SLURP2,-0.002861129,-16.725748,0.9977171525567463,1.0,0.0
KIRREL2,-0.002861129,-16.447126,0.9977171525567463,1.0,0.0
LAMC3,-0.002861129,-17.32024,0.9977171525567463,1.0,0.0
AF178030.1,-0.002861129,-16.964994,0.9977171525567463,1.0,0.0
LINC02054,-0.002861129,-17.268742,0.9977171525567463,1.0,0.0
FOXS1,-0.002861129,-16.845343,0.9977171525567463,1.0,0.0
PLPP7,-0.002861129,-16.879078,0.9977171525567463,1.0,0.0
PSTPIP1,-0.002861129,-16.729477,0.9977171525567463,1.0,0.0
AC010442.1,-0.002861129,-17.564577,0.9977171525567463,1.0,0.0
OOEP,-0.002861129,-17.442162,0.9977171525567463,1.0,0.0
AL117381.1,-0.002861129,-16.447126,0.9977171525567463,1.0,0.0
AC107953.2,-0.002861129,-16.09537,0.9977171525567463,1.0,0.0
AC089985.1,-0.002861129,-16.805265,0.9977171525567463,1.0,0.0
LINC01609,-0.002861129,-17.5612,0.9977171525567463,1.0,0.0
HCK,-0.002861129,-16.97232,0.9977171525567463,1.0,0.0
AC098484.2,-0.002861129,-17.063202,0.9977171525567463,1.0,0.0
C20orf203,-0.002861129,-16.638668,0.9977171525567463,1.0,0.0
CLDN19,-0.002861129,-16.544384,0.9977171525567463,1.0,0.0
AL121757.2,-0.002861129,-17.026321,0.9977171525567463,1.0,0.0
AC095033.1,-0.002861129,-16.270802,0.9977171525567463,1.0,0.0
AL445224.1,-0.002861129,-16.60855,0.9977171525567463,1.0,0.0
AC021237.1,-0.002861129,-17.337458,0.9977171525567463,1.0,0.0
MUSK,-0.002861129,-16.381777,0.9977171525567463,1.0,0.0
AC104758.5,-0.002861129,-16.502981,0.9977171525567463,1.0,0.0
AC018832.1,-0.002861129,-16.807995,0.9977171525567463,1.0,0.0
AC008737.1,-0.002861129,-17.166847,0.9977171525567463,1.0,0.0
AC093117.1,-0.002861129,-15.789833,0.9977171525567463,1.0,0.0
XXYLT1-AS1,-0.002861129,-16.163076,0.9977171525567463,1.0,0.0
AL121897.1,-0.002861129,-16.829456,0.9977171525567463,1.0,0.0
AL358781.2,-0.002861129,-17.134426,0.9977171525567463,1.0,0.0
LY6D,-0.002861129,-16.941849,0.9977171525567463,1.0,0.0
CASP14,-0.002861129,-16.482178,0.9977171525567463,1.0,0.0
PCDHA12,-0.002861129,-17.396597,0.9977171525567463,1.0,0.0
ADGRE3,-0.002861129,-16.687881,0.9977171525567463,1.0,0.0
AC016877.1,-0.002861129,-16.147623,0.9977171525567463,1.0,0.0
GPR88,-0.002861129,-17.06617,0.9977171525567463,1.0,0.0
COL9A2,-0.002861129,-17.440477,0.9977171525567463,1.0,0.0
LCNL1,-0.002861129,-16.381777,0.9977171525567463,1.0,0.0
LINC01362,-0.002861129,-17.195295,0.9977171525567463,1.0,0.0
LINC00621,-0.002861129,-16.176733,0.9977171525567463,1.0,0.0
CCER1,-0.002861129,-16.272335,0.9977171525567463,1.0,0.0
AC107909.1,-0.002861129,-16.761871,0.9977171525567463,1.0,0.0
FUT7,-0.002861129,-16.49254,0.9977171525567463,1.0,0.0
AC021483.2,-0.002861129,-15.802227,0.9977171525567463,1.0,0.0
ENTPD3,-0.002861129,-16.957813,0.9977171525567463,1.0,0.0
AC082651.1,-0.002861129,-16.669634,0.9977171525567463,1.0,0.0
TGM3,-0.002861129,-16.727879,0.9977171525567463,1.0,0.0
FAM83H,-0.002861129,-16.309553,0.9977171525567463,1.0,0.0
AL031651.1,-0.002861129,-17.332815,0.9977171525567463,1.0,0.0
AL121899.3,-0.002861129,-15.95583,0.9977171525567463,1.0,0.0
AP003467.1,-0.002861129,-16.99314,0.9977171525567463,1.0,0.0
AL713998.1,-0.002861129,-16.846117,0.9977171525567463,1.0,0.0
TMEM210,-0.002861129,-16.83051,0.9977171525567463,1.0,0.0
LINC01307,-0.002861129,-17.123398,0.9977171525567463,1.0,0.0
AP003117.1,-0.002861129,-17.365383,0.9977171525567463,1.0,0.0
ANGPT4,-0.002861129,-17.096342,0.9977171525567463,1.0,0.0
PCDHA9,-0.002861129,-16.702711,0.9977171525567463,1.0,0.0
BEST2,-0.002861129,-16.85858,0.9977171525567463,1.0,0.0
LINC02576,-0.002861129,-16.447994,0.9977171525567463,1.0,0.0
ARHGAP40,-0.002861129,-16.763054,0.9977171525567463,1.0,0.0
ENTPD2,-0.002861129,-17.22438,0.9977171525567463,1.0,0.0
AC010148.1,-0.002861129,-17.465193,0.9977171525567463,1.0,0.0
RTBDN,-0.002861129,-16.65339,0.9977171525567463,1.0,0.0
AC068722.2,-0.002861129,-16.955288,0.9977171525567463,1.0,0.0
AL365184.1,-0.002861129,-16.662249,0.9977171525567463,1.0,0.0
LZTS1-AS1,-0.002861129,-17.27088,0.9977171525567463,1.0,0.0
AP003355.2,-0.002861129,-17.255722,0.9977171525567463,1.0,0.0
CCDC183-AS1,-0.002861129,-16.804888,0.9977171525567463,1.0,0.0
AL031985.4,-0.002861129,-16.466228,0.9977171525567463,1.0,0.0
CLEC17A,-0.002861129,-17.36078,0.9977171525567463,1.0,0.0
AC093904.3,-0.002861129,-16.699837,0.9977171525567463,1.0,0.0
AL031289.2,-0.002861129,-16.59108,0.9977171525567463,1.0,0.0
LINC02844,-0.002861129,-16.796549,0.9977171525567463,1.0,0.0
AL138781.1,-0.002861129,-17.102436,0.9977171525567463,1.0,0.0
AC011595.1,-0.002861129,-16.19965,0.9977171525567463,1.0,0.0
AL035420.1,-0.002861129,-15.797111,0.9977171525567463,1.0,0.0
AC008569.1,-0.002861129,-15.611031,0.9977171525567463,1.0,0.0
LINC01509,-0.002861129,-16.970087,0.9977171525567463,1.0,0.0
COL19A1,-0.002861129,-16.694105,0.9977171525567463,1.0,0.0
AC119677.1,-0.002861129,-16.719112,0.9977171525567463,1.0,0.0
SOHLH1,-0.002861129,-15.783135,0.9977171525567463,1.0,0.0
AL391730.2,-0.002861129,-17.143366,0.9977171525567463,1.0,0.0
CLLU1OS,-0.002861129,-16.505095,0.9977171525567463,1.0,0.0
AC110716.2,-0.002861129,-16.44048,0.9977171525567463,1.0,0.0
AL359552.1,-0.002861129,-16.586906,0.9977171525567463,1.0,0.0
COL9A1,-0.002861129,-16.259554,0.9977171525567463,1.0,0.0
AC011509.3,-0.002861129,-16.511452,0.9977171525567463,1.0,0.0
AC099343.4,-0.002861129,-17.344948,0.9977171525567463,1.0,0.0
FAM184A,-0.002861129,-16.576769,0.9977171525567463,1.0,0.0
LINC01619,-0.002861129,-16.651793,0.9977171525567463,1.0,0.0
NNAT,-0.002861129,-16.839062,0.9977171525567463,1.0,0.0
LINC01725,-0.002861129,-16.231855,0.9977171525567463,1.0,0.0
AC123512.1,-0.002861129,-17.42997,0.9977171525567463,1.0,0.0
AC025164.2,-0.002861129,-16.571371,0.9977171525567463,1.0,0.0
C20orf141,-0.002861129,-17.30972,0.9977171525567463,1.0,0.0
AC010632.1,-0.002861129,-16.620567,0.9977171525567463,1.0,0.0
RBP1,-0.002861129,-15.372596,0.9977171525567463,1.0,0.0
GATM,-0.002861129,-16.429783,0.9977171525567463,1.0,0.0
AL391807.1,-0.002861129,-17.280008,0.9977171525567463,1.0,0.0
C19orf67,-0.002861129,-16.879078,0.9977171525567463,1.0,0.0
AL603839.2,-0.002861129,-16.640167,0.9977171525567463,1.0,0.0
AL807761.4,-0.002861129,-16.941275,0.9977171525567463,1.0,0.0
DCDC2C,-0.002861129,-17.095991,0.9977171525567463,1.0,0.0
LINC01940,-0.002861129,-16.663944,0.9977171525567463,1.0,0.0
LINC00944,-0.002861129,-16.151426,0.9977171525567463,1.0,0.0
LYZL4,-0.002861129,-17.046995,0.9977171525567463,1.0,0.0
AC104370.1,-0.002861129,-16.454605,0.9977171525567463,1.0,0.0
AC103955.1,-0.002861129,-16.53247,0.9977171525567463,1.0,0.0
GPR151,-0.002861129,-16.669718,0.9977171525567463,1.0,0.0
AL157829.1,-0.002861129,-17.064915,0.9977171525567463,1.0,0.0
AL161630.1,-0.002861129,-17.09459,0.9977171525567463,1.0,0.0
AL162584.1,-0.002861129,-16.874023,0.9977171525567463,1.0,0.0
SLC24A3,-0.002861129,-16.007355,0.9977171525567463,1.0,0.0
CKMT1A,-0.002861129,-16.956972,0.9977171525567463,1.0,0.0
AC110614.1,-0.002861129,-16.954659,0.9977171525567463,1.0,0.0
AL121989.1,-0.002861129,-16.948786,0.9977171525567463,1.0,0.0
SLC17A8,-0.002861129,-16.692287,0.9977171525567463,1.0,0.0
AL606534.2,-0.002861129,-16.950775,0.9977171525567463,1.0,0.0
AC083843.1,-0.002861129,-16.827065,0.9977171525567463,1.0,0.0
AC011503.2,-0.002861129,-16.692461,0.9977171525567463,1.0,0.0
AL121900.1,-0.002861129,-16.52663,0.9977171525567463,1.0,0.0
STRC,-0.002861129,-17.46379,0.9977171525567463,1.0,0.0
PCDHB8,-0.002861129,-16.264944,0.9977171525567463,1.0,0.0
AL049646.1,-0.002861129,-17.193531,0.9977171525567463,1.0,0.0
AC093796.1,-0.002861129,-15.372596,0.9977171525567463,1.0,0.0
WASHC5-AS1,-0.002861129,-17.237085,0.9977171525567463,1.0,0.0
ZNF208,-0.002861129,-16.381777,0.9977171525567463,1.0,0.0
AC084083.1,-0.002861129,-15.883887,0.9977171525567463,1.0,0.0
ZNF676,-0.002861129,-16.421085,0.9977171525567463,1.0,0.0
LINC00861,-0.002861129,-16.036644,0.9977171525567463,1.0,0.0
AC137590.2,-0.002861129,-16.881563,0.9977171525567463,1.0,0.0
AC093001.2,-0.002861129,-16.664875,0.9977171525567463,1.0,0.0
LINC00485,-0.002861129,-16.100504,0.9977171525567463,1.0,0.0
AL450263.1,-0.002861129,-17.235132,0.9977171525567463,1.0,0.0
AL121759.1,-0.002861129,-16.694105,0.9977171525567463,1.0,0.0
AL137024.1,-0.002861129,-16.928026,0.9977171525567463,1.0,0.0
AC137590.1,-0.002861129,-16.591642,0.9977171525567463,1.0,0.0
LINC01858,-0.002861129,-16.878681,0.9977171525567463,1.0,0.0
AC055717.1,-0.002861129,-17.255722,0.9977171525567463,1.0,0.0
ERVK-28,-0.002861129,-16.831755,0.9977171525567463,1.0,0.0
SCGB2B2,-0.002861129,-16.323729,0.9977171525567463,1.0,0.0
LINC01427,-0.002861129,-16.252169,0.9977171525567463,1.0,0.0
KCNQ3,-0.002861129,-16.447126,0.9977171525567463,1.0,0.0
AC100835.2,-0.002861129,-16.61287,0.9977171525567463,1.0,0.0
AC090821.2,-0.002861129,-16.919914,0.9977171525567463,1.0,0.0
AC012435.3,-0.002861129,-16.660643,0.9977171525567463,1.0,0.0
AC016587.1,-0.002861129,-16.737772,0.9977171525567463,1.0,0.0
ISM1,-0.002861129,-17.002037,0.9977171525567463,1.0,0.0
LINC01782,-0.002861129,-17.292461,0.9977171525567463,1.0,0.0
CEBPA-DT,-0.002861129,-16.344492,0.9977171525567463,1.0,0.0
ADGRD1,-0.002861129,-16.603107,0.9977171525567463,1.0,0.0
AC090505.2,-0.002861129,-17.259163,0.9977171525567463,1.0,0.0
TG,-0.002861129,-16.53047,0.9977171525567463,1.0,0.0
AC117490.2,-0.002861129,-16.678942,0.9977171525567463,1.0,0.0
AL050320.1,-0.002861129,-17.608677,0.9977171525567463,1.0,0.0
CEBPA,-0.002861129,-17.323303,0.9977171525567463,1.0,0.0
AC008738.4,-0.002861129,-15.693167,0.9977171525567463,1.0,0.0
AC105180.1,-0.002861129,-16.449299,0.9977171525567463,1.0,0.0
LINC01257,-0.002861129,-16.324457,0.9977171525567463,1.0,0.0
AC011396.3,-0.002861129,-17.52759,0.9977171525567463,1.0,0.0
SLC5A8,-0.002861129,-16.456427,0.9977171525567463,1.0,0.0
LINC02801,-0.002861129,-16.996822,0.9977171525567463,1.0,0.0
LINC02506,-0.002861129,-15.222498,0.9977171525567463,1.0,0.0
AL133331.1,-0.002861129,-17.851908,0.9977171525567463,1.0,0.0
AL162724.1,-0.002861129,-16.958447,0.9977171525567463,1.0,0.0
AC099329.2,-0.002861129,-16.281048,0.9977171525567463,1.0,0.0
LINC00906,-0.002861129,-16.54765,0.9977171525567463,1.0,0.0
AC007786.2,-0.002861129,-16.73813,0.9977171525567463,1.0,0.0
LINC02419,-0.002861129,-16.950775,0.9977171525567463,1.0,0.0
CYP1A2,-0.002861129,-17.034218,0.9977171525567463,1.0,0.0
AL445489.1,-0.002861129,-17.33029,0.9977171525567463,1.0,0.0
ZFAT-AS1,-0.002861129,-16.356312,0.9977171525567463,1.0,0.0
LINC02774,-0.002861129,-16.686848,0.9977171525567463,1.0,0.0
AC117500.2,-0.002861129,-16.877193,0.9977171525567463,1.0,0.0
SPIC,-0.002861129,-17.082848,0.9977171525567463,1.0,0.0
TTC16,-0.002861129,-16.5686,0.9977171525567463,1.0,0.0
AC123912.2,-0.002861129,-16.416119,0.9977171525567463,1.0,0.0
AC017028.1,-0.002861129,-16.53047,0.9977171525567463,1.0,0.0
AL121772.2,-0.002861129,-16.861713,0.9977171525567463,1.0,0.0
AL603910.1,-0.002861129,-18.581696,0.9977171525567463,1.0,0.0
AL121972.1,-0.002861129,-17.115423,0.9977171525567463,1.0,0.0
AC068413.1,-0.002861129,-15.991155,0.9977171525567463,1.0,0.0
SBSN,-0.002861129,-16.40617,0.9977171525567463,1.0,0.0
DMKN,-0.002861129,-17.189129,0.9977171525567463,1.0,0.0
ZNF84-DT,-0.002861129,-16.996387,0.9977171525567463,1.0,0.0
AC016405.3,-0.002861129,-17.114239,0.9977171525567463,1.0,0.0
DBET,-0.002861129,-16.684608,0.9977171525567463,1.0,0.0
LRRC25,-0.002861129,-16.48694,0.9977171525567463,1.0,0.0
FFAR2,-0.002861129,-16.53571,0.9977171525567463,1.0,0.0
U62631.1,-0.002861129,-16.352924,0.9977171525567463,1.0,0.0
CD22,-0.002861129,-16.691942,0.9977171525567463,1.0,0.0
PLCB1-IT1,-0.002861129,-17.423313,0.9977171525567463,1.0,0.0
AC005387.2,-0.002861129,-16.52663,0.9977171525567463,1.0,0.0
AC089983.2,-0.002861129,-16.389675,0.9977171525567463,1.0,0.0
AC098588.3,-0.002861129,-16.80856,0.9977171525567463,1.0,0.0
JAKMIP2,-0.002861129,-17.925674,0.9977171525567463,1.0,0.0
AL078587.1,-0.002861129,-16.295845,0.9977171525567463,1.0,0.0
ZSWIM5,-0.002861129,-16.137667,0.9977171525567463,1.0,0.0
AC036103.1,-0.002861129,-17.019684,0.9977171525567463,1.0,0.0
LINC00299,-0.002861129,-17.243748,0.9977171525567463,1.0,0.0
AC008761.2,-0.002861129,-16.707426,0.9977171525567463,1.0,0.0
AL590369.1,-0.002861129,-16.739025,0.9977171525567463,1.0,0.0
DDX43,-0.002861129,-16.991734,0.9977171525567463,1.0,0.0
AL391056.1,-0.002861129,-17.00171,0.9977171525567463,1.0,0.0
AC116611.1,-0.002861129,-16.647432,0.9977171525567463,1.0,0.0
AC008761.1,-0.002861129,-16.694366,0.9977171525567463,1.0,0.0
AL353803.4,-0.002861129,-16.938469,0.9977171525567463,1.0,0.0
UPK1A,-0.002861129,-17.401628,0.9977171525567463,1.0,0.0
AC104071.1,-0.002861129,-16.144121,0.9977171525567463,1.0,0.0
DUOX2,-0.002861129,-16.990114,0.9977171525567463,1.0,0.0
COL14A1,-0.002861129,-16.09537,0.9977171525567463,1.0,0.0
AC100803.4,-0.002861129,-16.06788,0.9977171525567463,1.0,0.0
AL162727.1,-0.002861129,-17.112698,0.9977171525567463,1.0,0.0
AC123912.4,-0.002861129,-17.688847,0.9977171525567463,1.0,0.0
AC092979.1,-0.002861129,-16.114645,0.9977171525567463,1.0,0.0
AL591074.2,-0.002861129,-16.522572,0.9977171525567463,1.0,0.0
GPR20,-0.002861129,-17.06252,0.9977171525567463,1.0,0.0
AL121894.3,-0.002861129,-16.035564,0.9977171525567463,1.0,0.0
LINC01300,-0.002861129,-16.935669,0.9977171525567463,1.0,0.0
AC011676.2,-0.002861129,-16.103218,0.9977171525567463,1.0,0.0
POU4F2,-0.002861129,-16.623692,0.9977171525567463,1.0,0.0
AC008055.2,-0.002861129,-17.182617,0.9977171525567463,1.0,0.0
AC090510.4,-0.002861129,-16.467037,0.9977171525567463,1.0,0.0
AC012494.2,-0.002861129,-15.917985,0.9977171525567463,1.0,0.0
AC108865.2,-0.002861129,-16.739563,0.9977171525567463,1.0,0.0
AL049651.1,-0.002861129,-17.330711,0.9977171525567463,1.0,0.0
LINC02501,-0.002861129,-16.741535,0.9977171525567463,1.0,0.0
CLCA4-AS1,-0.002861129,-16.100504,0.9977171525567463,1.0,0.0
AC009908.1,-0.002861129,-16.990223,0.9977171525567463,1.0,0.0
AC100871.2,-0.002861129,-17.469883,0.9977171525567463,1.0,0.0
FRK,-0.002861129,-16.603836,0.9977171525567463,1.0,0.0
GPR35,-0.002861129,-16.961294,0.9977171525567463,1.0,0.0
AC010975.1,-0.002861129,-16.800947,0.9977171525567463,1.0,0.0
KIF1A,-0.002861129,-16.714796,0.9977171525567463,1.0,0.0
PLD5,-0.002861129,-17.366537,0.9977171525567463,1.0,0.0
PLCB4,-0.002861129,-16.57248,0.9977171525567463,1.0,0.0
AC091614.1,-0.002861129,-17.048347,0.9977171525567463,1.0,0.0
AC005034.3,-0.002861129,-16.391136,0.9977171525567463,1.0,0.0
AC068228.1,-0.002861129,-17.495197,0.9977171525567463,1.0,0.0
AL445465.1,-0.002861129,-16.96807,0.9977171525567463,1.0,0.0
TRIML1,-0.002861129,-17.465193,0.9977171525567463,1.0,0.0
HAPLN4,-0.002861129,-16.565994,0.9977171525567463,1.0,0.0
ODF2-AS1,-0.002861129,-16.738398,0.9977171525567463,1.0,0.0
AMBP,-0.002861129,-16.304773,0.9977171525567463,1.0,0.0
AC100803.2,-0.002861129,-15.343676,0.9977171525567463,1.0,0.0
ZNF197-AS1,-0.002861129,-15.604166,0.9977171525567463,1.0,0.0
CSPG4,-0.002861129,-17.256647,0.9977171525567463,1.0,0.0
AC010422.7,-0.002861129,-16.562761,0.9977171525567463,1.0,0.0
LINC01020,-0.002861129,-16.578918,0.9977171525567463,1.0,0.0
AL161449.2,-0.002861129,-17.158606,0.9977171525567463,1.0,0.0
GRIN3A,-0.002861129,-16.67663,0.9977171525567463,1.0,0.0
AC007834.1,-0.002861129,-16.81139,0.9977171525567463,1.0,0.0
SP140,-0.002861129,-15.831776,0.9977171525567463,1.0,0.0
AL513128.1,-0.002861129,-17.099152,0.9977171525567463,1.0,0.0
SLC4A9,-0.002861129,-17.112343,0.9977171525567463,1.0,0.0
AL158211.3,-0.002861129,-16.266916,0.9977171525567463,1.0,0.0
AC015631.1,-0.002861129,-17.571533,0.9977171525567463,1.0,0.0
PRR23A,-0.002861129,-16.40294,0.9977171525567463,1.0,0.0
CEACAM6,-0.002861129,-17.665623,0.9977171525567463,1.0,0.0
C8orf89,-0.002861129,-16.9736,0.9977171525567463,1.0,0.0
LINC01811,-0.002861129,-16.808842,0.9977171525567463,1.0,0.0
AC011601.1,-0.002861129,-17.315939,0.9977171525567463,1.0,0.0
AC013565.1,-0.002861129,-16.639168,0.9977171525567463,1.0,0.0
LINC02525,-0.002861129,-16.05114,0.9977171525567463,1.0,0.0
ERVFRD-1,-0.002861129,-16.314877,0.9977171525567463,1.0,0.0
AC011498.2,-0.002861129,-16.036428,0.9977171525567463,1.0,0.0
TEX26-AS1,-0.002861129,-17.035667,0.9977171525567463,1.0,0.0
AL136981.3,-0.002861129,-17.353054,0.9977171525567463,1.0,0.0
ERFL,-0.002861129,-16.77468,0.9977171525567463,1.0,0.0
AL157827.2,-0.002861129,-15.946982,0.9977171525567463,1.0,0.0
AC022730.4,-0.002861129,-15.929553,0.9977171525567463,1.0,0.0
AC093916.1,-0.002861129,-16.035564,0.9977171525567463,1.0,0.0
MED12L,-0.002861129,-17.069832,0.9977171525567463,1.0,0.0
TJP3,-0.002861129,-16.335976,0.9977171525567463,1.0,0.0
AC008438.2,-0.002861129,-16.441849,0.9977171525567463,1.0,0.0
MATK,-0.002861129,-16.738935,0.9977171525567463,1.0,0.0
SKOR1,-0.002861129,-16.34234,0.9977171525567463,1.0,0.0
MIR9-3HG,-0.002861129,-16.795614,0.9977171525567463,1.0,0.0
NGF,-0.002861129,-17.114357,0.9977171525567463,1.0,0.0
AL356113.1,-0.002861129,-15.999126,0.9977171525567463,1.0,0.0
KIAA1217,-0.002861129,-16.798887,0.9977171525567463,1.0,0.0
EYA1,-0.002861129,-16.802729,0.9977171525567463,1.0,0.0
LINC01765,-0.002861129,-17.239042,0.9977171525567463,1.0,0.0
CREB3L3,-0.002861129,-16.040215,0.9977171525567463,1.0,0.0
AC011498.6,-0.002861129,-16.103218,0.9977171525567463,1.0,0.0
AC016576.1,-0.002861129,-16.407928,0.9977171525567463,1.0,0.0
AC107463.1,-0.002861129,-16.393642,0.9977171525567463,1.0,0.0
LINC02199,-0.002861129,-16.72628,0.9977171525567463,1.0,0.0
ZNF835,-0.002861129,-16.9843,0.9977171525567463,1.0,0.0
AC023200.1,-0.002861129,-16.918482,0.9977171525567463,1.0,0.0
LINC02112,-0.002861129,-16.71885,0.9977171525567463,1.0,0.0
LINC02605,-0.002861129,-17.109741,0.9977171525567463,1.0,0.0
CRB3,-0.002861129,-16.654905,0.9977171525567463,1.0,0.0
AL033397.2,-0.002861129,-16.758596,0.9977171525567463,1.0,0.0
AC078923.1,-0.002861129,-16.6218,0.9977171525567463,1.0,0.0
CTCFL,-0.002861129,-16.241756,0.9977171525567463,1.0,0.0
AC093791.1,-0.002861129,-16.878384,0.9977171525567463,1.0,0.0
CASS4,-0.002861129,-16.962244,0.9977171525567463,1.0,0.0
AL359259.1,-0.002861129,-16.738398,0.9977171525567463,1.0,0.0
LRRC15,-0.002861129,-16.763054,0.9977171525567463,1.0,0.0
AL157896.1,-0.002861129,-16.606598,0.9977171525567463,1.0,0.0
AC118555.1,-0.002861129,-17.172289,0.9977171525567463,1.0,0.0
ZNF471,-0.002861129,-16.452276,0.9977171525567463,1.0,0.0
AL161893.1,-0.002861129,-16.841667,0.9977171525567463,1.0,0.0
C10orf113,-0.002861129,-16.375849,0.9977171525567463,1.0,0.0
AL390783.1,-0.002861129,-16.515326,0.9977171525567463,1.0,0.0
ACTN2,-0.002861129,-15.999126,0.9977171525567463,1.0,0.0
AC114810.1,-0.002861129,-16.775875,0.9977171525567463,1.0,0.0
AC005594.1,-0.002861129,-16.1553,0.9977171525567463,1.0,0.0
FAM222A-AS1,-0.002861129,-16.643501,0.9977171525567463,1.0,0.0
AC011462.3,-0.002861129,-16.974771,0.9977171525567463,1.0,0.0
BSN-AS1,-0.002861129,-16.89175,0.9977171525567463,1.0,0.0
AL139349.1,-0.002861129,-17.46957,0.9977171525567463,1.0,0.0
AL354864.1,-0.002861129,-16.629133,0.9977171525567463,1.0,0.0
MRC1,-0.002861129,-17.088182,0.9977171525567463,1.0,0.0
AC006116.10,-0.002861129,-16.74405,0.9977171525567463,1.0,0.0
AC087672.1,-0.002861129,-16.983547,0.9977171525567463,1.0,0.0
ANKRD60,-0.002861129,-16.93982,0.9977171525567463,1.0,0.0
AC087286.1,-0.002861129,-17.162905,0.9977171525567463,1.0,0.0
HNF4G,-0.002861129,-16.463295,0.9977171525567463,1.0,0.0
ASPN,-0.002861129,-16.783718,0.9977171525567463,1.0,0.0
AC079340.1,-0.002861129,-16.950565,0.9977171525567463,1.0,0.0
AC008738.1,-0.002861129,-16.181515,0.9977171525567463,1.0,0.0
AC012615.3,-0.002861129,-16.711897,0.9977171525567463,1.0,0.0
HPCA,-0.002861129,-16.649359,0.9977171525567463,1.0,0.0
AL162413.1,-0.002861129,-17.18037,0.9977171525567463,1.0,0.0
AL135790.1,-0.002861129,-16.899492,0.9977171525567463,1.0,0.0
AC124248.1,-0.002861129,-16.31264,0.9977171525567463,1.0,0.0
BX470209.2,-0.002861129,-15.982916,0.9977171525567463,1.0,0.0
AC018450.1,-0.002861129,-17.366537,0.9977171525567463,1.0,0.0
AC012615.5,-0.002861129,-17.012642,0.9977171525567463,1.0,0.0
NKAIN3-IT1,-0.002861129,-16.911139,0.9977171525567463,1.0,0.0
AL139081.1,-0.002861129,-16.888947,0.9977171525567463,1.0,0.0
LINC02635,-0.002861129,-16.814606,0.9977171525567463,1.0,0.0
DIRAS2,-0.002861129,-17.288658,0.9977171525567463,1.0,0.0
AC104232.3,-0.002861129,-16.950775,0.9977171525567463,1.0,0.0
AC012456.2,-0.002861129,-17.163889,0.9977171525567463,1.0,0.0
AC127894.1,-0.002861129,-16.931017,0.9977171525567463,1.0,0.0
LINC01169,-0.002861129,-16.65154,0.9977171525567463,1.0,0.0
AL353595.1,-0.002861129,-17.01308,0.9977171525567463,1.0,0.0
NUTM1,-0.002861129,-16.563393,0.9977171525567463,1.0,0.0
AC008033.3,-0.002861129,-17.366537,0.9977171525567463,1.0,0.0
CDH18,-0.002861129,-17.080881,0.9977171525567463,1.0,0.0
LINC02384,-0.002861129,-17.225155,0.9977171525567463,1.0,0.0
AC068389.2,-0.002861129,-17.078226,0.9977171525567463,1.0,0.0
PSG1,-0.002861129,-17.127224,0.9977171525567463,1.0,0.0
AC113143.1,-0.002861129,-16.554363,0.9977171525567463,1.0,0.0
AC013476.1,-0.002861129,-16.39385,0.9977171525567463,1.0,0.0
PSD2,-0.002861129,-16.370493,0.9977171525567463,1.0,0.0
AC131953.2,-0.002861129,-16.884851,0.9977171525567463,1.0,0.0
AC008443.4,-0.002861129,-18.376383,0.9977171525567463,1.0,0.0
APC2,-0.002861129,-16.50532,0.9977171525567463,1.0,0.0
AC105935.1,-0.002861129,-17.212822,0.9977171525567463,1.0,0.0
AL355803.1,-0.002861129,-16.684694,0.9977171525567463,1.0,0.0
AC009268.3,-0.002861129,-17.29056,0.9977171525567463,1.0,0.0
AL590730.1,-0.002861129,-16.348398,0.9977171525567463,1.0,0.0
AC103739.2,-0.002861129,-16.394129,0.9977171525567463,1.0,0.0
AL121974.1,-0.002861129,-17.216022,0.9977171525567463,1.0,0.0
AL162384.1,-0.002861129,-16.540504,0.9977171525567463,1.0,0.0
MPP7,-0.002861129,-15.571225,0.9977171525567463,1.0,0.0
CD101,-0.002861129,-16.911749,0.9977171525567463,1.0,0.0
AC114546.2,-0.002861129,-17.38031,0.9977171525567463,1.0,0.0
MYRFL,-0.002861129,-16.650198,0.9977171525567463,1.0,0.0
LINC01517,-0.002861129,-16.474329,0.9977171525567463,1.0,0.0
SCYGR4,-0.002861129,-17.34141,0.9977171525567463,1.0,0.0
IGSF3,-0.002861129,-16.90738,0.9977171525567463,1.0,0.0
TUBB2B,-0.002861129,-16.386692,0.9977171525567463,1.0,0.0
LINC02851,-0.002861129,-16.246576,0.9977171525567463,1.0,0.0
AL357033.1,-0.002861129,-16.31837,0.9977171525567463,1.0,0.0
MIR1-1HG,-0.002861129,-17.108206,0.9977171525567463,1.0,0.0
SYN2,-0.002861129,-17.028429,0.9977171525567463,1.0,0.0
AC008735.3,-0.002861129,-16.655579,0.9977171525567463,1.0,0.0
SMIM24,-0.002861129,-17.312616,0.9977171525567463,1.0,0.0
SLCO5A1,-0.002861129,-16.55632,0.9977171525567463,1.0,0.0
AC006538.1,-0.002861129,-16.808842,0.9977171525567463,1.0,0.0
C2orf83,-0.002861129,-16.413643,0.9977171525567463,1.0,0.0
AL158071.4,-0.002861129,-16.455479,0.9977171525567463,1.0,0.0
AL158071.1,-0.002861129,-16.647432,0.9977171525567463,1.0,0.0
LYZ,-0.002861129,-15.948555,0.9977171525567463,1.0,0.0
AC093334.1,-0.002861129,-16.040215,0.9977171525567463,1.0,0.0
AL132799.1,-0.002861129,-16.88545,0.9977171525567463,1.0,0.0
AL158834.1,-0.002861129,-17.104788,0.9977171525567463,1.0,0.0
LINC02252,-0.002861129,-16.694105,0.9977171525567463,1.0,0.0
AL158834.2,-0.002861129,-16.700794,0.9977171525567463,1.0,0.0
TRIM55,-0.002861129,-17.12137,0.9977171525567463,1.0,0.0
AC025263.1,-0.002861129,-16.585625,0.9977171525567463,1.0,0.0
AL513412.1,-0.002861129,-15.977468,0.9977171525567463,1.0,0.0
AL161935.3,-0.002861129,-17.184242,0.9977171525567463,1.0,0.0
AC087457.1,-0.002861129,-16.391623,0.9977171525567463,1.0,0.0
AC019118.2,-0.002861129,-16.412088,0.9977171525567463,1.0,0.0
LINC00570,-0.002861129,-16.726812,0.9977171525567463,1.0,0.0
IDH2-DT,-0.002861129,-17.525295,0.9977171525567463,1.0,0.0
AC137770.1,-0.002861129,-17.070063,0.9977171525567463,1.0,0.0
AC119396.1,-0.002861129,-17.107145,0.9977171525567463,1.0,0.0
AL354893.2,-0.002861129,-16.54159,0.9977171525567463,1.0,0.0
AL355361.1,-0.002861129,-16.451405,0.9977171525567463,1.0,0.0
AL356433.1,-0.002861129,-17.330711,0.9977171525567463,1.0,0.0
AC084125.3,-0.002861129,-17.188126,0.9977171525567463,1.0,0.0
AC011455.1,-0.002861129,-17.089926,0.9977171525567463,1.0,0.0
AC010834.1,-0.002861129,-16.934944,0.9977171525567463,1.0,0.0
C19orf38,-0.002861129,-16.910019,0.9977171525567463,1.0,0.0
AC108168.1,-0.002861129,-16.942629,0.9977171525567463,1.0,0.0
AC103858.1,-0.002861129,-16.534552,0.9977171525567463,1.0,0.0
TMEM89,-0.002861129,-16.482178,0.9977171525567463,1.0,0.0
AL359538.4,-0.002861129,-16.538568,0.9977171525567463,1.0,0.0
IQCM,-0.002861129,-16.574862,0.9977171525567463,1.0,0.0
AL512329.2,-0.002861129,-17.155176,0.9977171525567463,1.0,0.0
SLC12A1,-0.002861129,-16.551939,0.9977171525567463,1.0,0.0
AL392083.1,-0.002861129,-16.705765,0.9977171525567463,1.0,0.0
FABP7,-0.002861129,-16.767803,0.9977171525567463,1.0,0.0
CYP4A22,-0.002861129,-17.238129,0.9977171525567463,1.0,0.0
PI3,-0.002861129,-16.94586,0.9977171525567463,1.0,0.0
AL445985.1,-0.002861129,-16.28272,0.9977171525567463,1.0,0.0
AL035409.1,-0.002861129,-17.108913,0.9977171525567463,1.0,0.0
AC103409.1,-0.002861129,-16.804325,0.9977171525567463,1.0,0.0
PPFIA2,-0.002861129,-15.935172,0.9977171525567463,1.0,0.0
GSTM5,-0.002861129,-16.113276,0.9977171525567463,1.0,0.0
AC018978.1,-0.002861129,-16.36933,0.9977171525567463,1.0,0.0
AC000032.1,-0.002861129,-17.111752,0.9977171525567463,1.0,0.0
LINC02142,-0.002861129,-17.65354,0.9977171525567463,1.0,0.0
AL162385.2,-0.002861129,-16.442932,0.9977171525567463,1.0,0.0
GJB7,-0.002861129,-17.207972,0.9977171525567463,1.0,0.0
AC022535.1,-0.002861129,-17.28149,0.9977171525567463,1.0,0.0
WFDC2,-0.002861129,-16.814037,0.9977171525567463,1.0,0.0
TRABD2B,-0.002861129,-16.168226,0.9977171525567463,1.0,0.0
LINC02236,-0.002861129,-16.39058,0.9977171525567463,1.0,0.0
AC089998.4,-0.002861129,-16.84573,0.9977171525567463,1.0,0.0
FOXE1,-0.002861129,-17.400146,0.9977171525567463,1.0,0.0
SPATA42,-0.002861129,-16.724861,0.9977171525567463,1.0,0.0
TONSL-AS1,-0.002861129,-16.79347,0.9977171525567463,1.0,0.0
ANGPTL6,-0.002861129,-16.962244,0.9977171525567463,1.0,0.0
AMY2A,-0.002861129,-15.948555,0.9977171525567463,1.0,0.0
EFCAB14-AS1,-0.002861129,-16.287878,0.9977171525567463,1.0,0.0
BAAT,-0.002861129,-17.353054,0.9977171525567463,1.0,0.0
HEXA-AS1,-0.002861129,-16.829838,0.9977171525567463,1.0,0.0
AC092053.2,-0.002861129,-17.769014,0.9977171525567463,1.0,0.0
AL512283.2,-0.002861129,-16.491568,0.9977171525567463,1.0,0.0
AC093227.3,-0.002861129,-16.735447,0.9977171525567463,1.0,0.0
BMP8B-AS1,-0.002861129,-16.405397,0.9977171525567463,1.0,0.0
AL355306.2,-0.002861129,-16.937328,0.9977171525567463,1.0,0.0
BX255925.4,-0.002861129,-17.01308,0.9977171525567463,1.0,0.0
AC108451.1,-0.002861129,-17.072012,0.9977171525567463,1.0,0.0
GDF6,-0.002861129,-16.613277,0.9977171525567463,1.0,0.0
AC010422.1,-0.002861129,-17.36078,0.9977171525567463,1.0,0.0
SH2D6,-0.002861129,-17.057514,0.9977171525567463,1.0,0.0
AC117944.1,-0.002861129,-16.214035,0.9977171525567463,1.0,0.0
AC011479.2,-0.002861129,-16.50789,0.9977171525567463,1.0,0.0
AC010969.3,-0.002861129,-16.963724,0.9977171525567463,1.0,0.0
MGAT4C,-0.002861129,-16.550457,0.9977171525567463,1.0,0.0
AL031963.2,-0.002861129,-16.576689,0.9977171525567463,1.0,0.0
FOXCUT,-0.002861129,-16.826778,0.9977171525567463,1.0,0.0
PRR26,-0.002861129,-16.958235,0.9977171525567463,1.0,0.0
AC068870.1,-0.002861129,-16.780851,0.9977171525567463,1.0,0.0
AC022405.1,-0.002861129,-16.274763,0.9977171525567463,1.0,0.0
AC068189.1,-0.002861129,-17.172785,0.9977171525567463,1.0,0.0
AC012313.7,-0.002861129,-16.638668,0.9977171525567463,1.0,0.0
AC027808.2,-0.002861129,-16.739653,0.9977171525567463,1.0,0.0
AC016629.2,-0.002861129,-16.31771,0.9977171525567463,1.0,0.0
AL109947.1,-0.002861129,-16.658783,0.9977171525567463,1.0,0.0
ENPP6,-0.002861129,-17.092722,0.9977171525567463,1.0,0.0
AL353651.1,-0.002861129,-17.331972,0.9977171525567463,1.0,0.0
AL021368.3,-0.002861129,-16.390371,0.9977171525567463,1.0,0.0
AC008770.3,-0.002861129,-16.416119,0.9977171525567463,1.0,0.0
CYP4B1,-0.002861129,-16.699314,0.9977171525567463,1.0,0.0
AKR1C8P,-0.002861129,-16.50532,0.9977171525567463,1.0,0.0
MIR3659HG,-0.002861129,-16.97648,0.9977171525567463,1.0,0.0
GP5,-0.002861129,-16.575417,0.9977171525567463,1.0,0.0
GRIK3,-0.002861129,-16.617533,0.9977171525567463,1.0,0.0
CSF3R,-0.002861129,-17.364231,0.9977171525567463,1.0,0.0
LINC02226,-0.002861129,-16.810068,0.9977171525567463,1.0,0.0
AC022558.2,-0.002861129,-18.24198,0.9977171525567463,1.0,0.0
AL596257.1,-0.002861129,-17.093306,0.9977171525567463,1.0,0.0
LINC01419,-0.002861129,-16.93505,0.9977171525567463,1.0,0.0
AL449403.3,-0.002861129,-17.111633,0.9977171525567463,1.0,0.0
AL357054.2,-0.002861129,-16.889547,0.9977171525567463,1.0,0.0
AC024270.4,-0.002861129,-17.251762,0.9977171525567463,1.0,0.0
AC011773.1,-0.002861129,-15.816578,0.9977171525567463,1.0,0.0
AC010271.1,-0.002861129,-16.757689,0.9977171525567463,1.0,0.0
AGBL4,-0.002861129,-16.439903,0.9977171525567463,1.0,0.0
ZSCAN4,-0.002861129,-17.002037,0.9977171525567463,1.0,0.0
AC100801.1,-0.002861129,-16.52663,0.9977171525567463,1.0,0.0
PAQR5,-0.002861129,-16.416828,0.9977171525567463,1.0,0.0
LINC02235,-0.002861129,-15.843553,0.9977171525567463,1.0,0.0
AC022558.3,-0.002861129,-17.376816,0.9977171525567463,1.0,0.0
AL109659.2,-0.002861129,-16.879675,0.9977171525567463,1.0,0.0
MIA,-0.002861129,-17.070635,0.9977171525567463,1.0,0.0
AC009902.3,-0.002861129,-16.66989,0.9977171525567463,1.0,0.0
AC087878.1,-0.002861129,-16.712599,0.9977171525567463,1.0,0.0
PMP2,-0.002861129,-17.541786,0.9977171525567463,1.0,0.0
AL136439.1,-0.002861129,-17.114,0.9977171525567463,1.0,0.0
AC027088.2,-0.002861129,-16.432861,0.9977171525567463,1.0,0.0
AL161729.1,-0.002861129,-16.701664,0.9977171525567463,1.0,0.0
AC016687.2,-0.002861129,-17.166971,0.9977171525567463,1.0,0.0
MCEMP1,-0.002861129,-16.905354,0.9977171525567463,1.0,0.0
CHMP4C,-0.002861129,-15.802227,0.9977171525567463,1.0,0.0
WWC2-AS1,-0.002861129,-16.708302,0.9977171525567463,1.0,0.0
AL161725.2,-0.002861129,-17.242308,0.9977171525567463,1.0,0.0
AC132219.1,-0.002861129,-16.547338,0.9977171525567463,1.0,0.0
ALPP,-0.002861129,-17.089111,0.9977171525567463,1.0,0.0
AC105053.1,-0.002861129,-16.426283,0.9977171525567463,1.0,0.0
AC022146.2,-0.002861129,-17.230717,0.9977171525567463,1.0,0.0
USP12-AS1,-0.002861129,-16.747288,0.9977171525567463,1.0,0.0
AL136307.1,-0.002861129,-16.3731,0.9977171525567463,1.0,0.0
SLC13A3,-0.002861129,-16.542364,0.9977171525567463,1.0,0.0
AC008567.3,-0.002861129,-16.770182,0.9977171525567463,1.0,0.0
EFHD1,-0.002861129,-17.126026,0.9977171525567463,1.0,0.0
AL590705.2,-0.002861129,-17.221804,0.9977171525567463,1.0,0.0
AC095057.4,-0.002861129,-16.19529,0.9977171525567463,1.0,0.0
AL596094.1,-0.002861129,-16.50253,0.9977171525567463,1.0,0.0
AC064852.1,-0.002861129,-16.704979,0.9977171525567463,1.0,0.0
LINC02585,-0.002861129,-17.375654,0.9977171525567463,1.0,0.0
AC011451.4,-0.002861129,-17.170185,0.9977171525567463,1.0,0.0
NECAB1,-0.002861129,-17.099152,0.9977171525567463,1.0,0.0
OTOGL,-0.002861129,-17.334642,0.9977171525567463,1.0,0.0
TUBAL3,-0.002861129,-16.428854,0.9977171525567463,1.0,0.0
AL512590.3,-0.002861129,-16.461905,0.9977171525567463,1.0,0.0
LINC02561,-0.002861129,-16.451332,0.9977171525567463,1.0,0.0
MSH4,-0.002861129,-16.689003,0.9977171525567463,1.0,0.0
IL2RA,-0.002861129,-17.08946,0.9977171525567463,1.0,0.0
SELENOV,-0.002861129,-17.038351,0.9977171525567463,1.0,0.0
LINC01954,-0.002861129,-15.877647,0.9977171525567463,1.0,0.0
LINC02642,-0.002861129,-17.05083,0.9977171525567463,1.0,0.0
AL021328.1,-0.002861129,-16.926071,0.9977171525567463,1.0,0.0
AC090709.1,-0.002861129,-16.256582,0.9977171525567463,1.0,0.0
AL139039.3,-0.002861129,-16.530394,0.9977171525567463,1.0,0.0
AC109927.1,-0.002861129,-17.135029,0.9977171525567463,1.0,0.0
WASF3-AS1,-0.002861129,-16.521347,0.9977171525567463,1.0,0.0
AC093158.1,-0.002861129,-16.03411,0.9977171525567463,1.0,0.0
AL121888.2,-0.002861129,-17.069832,0.9977171525567463,1.0,0.0
AC011500.3,-0.002861129,-15.992096,0.9977171525567463,1.0,0.0
AC027288.1,-0.002861129,-16.529547,0.9977171525567463,1.0,0.0
AC108676.1,-0.002861129,-15.882239,0.9977171525567463,1.0,0.0
FAM83B,-0.002861129,-16.36243,0.9977171525567463,1.0,0.0
GNLY,-0.002861129,-16.955288,0.9977171525567463,1.0,0.0
AC092933.2,-0.002861129,-16.688486,0.9977171525567463,1.0,0.0
AC005393.1,-0.002861129,-16.490297,0.9977171525567463,1.0,0.0
AC009522.1,-0.002861129,-16.83003,0.9977171525567463,1.0,0.0
APCDD1,-0.002861129,-16.691336,0.9977171525567463,1.0,0.0
AC119424.1,-0.002861129,-16.48694,0.9977171525567463,1.0,0.0
PCYT1B,-0.002861129,-15.823761,0.9977171525567463,1.0,0.0
LINC01215,-0.002861129,-16.910427,0.9977171525567463,1.0,0.0
AP000640.2,-0.002861129,-16.242945,0.9977171525567463,1.0,0.0
AC097532.3,-0.002861129,-16.459417,0.9977171525567463,1.0,0.0
AC023796.1,-0.002861129,-16.753609,0.9977171525567463,1.0,0.0
CFAP97D2,-0.002861129,-15.881271,0.9977171525567463,1.0,0.0
AC025211.1,-0.002861129,-17.077417,0.9977171525567463,1.0,0.0
LINC02176,-0.002861129,-16.487238,0.9977171525567463,1.0,0.0
AC023796.2,-0.002861129,-16.870466,0.9977171525567463,1.0,0.0
AC092640.1,-0.002861129,-16.898685,0.9977171525567463,1.0,0.0
AP003123.1,-0.002861129,-16.978619,0.9977171525567463,1.0,0.0
ADCY10,-0.002861129,-17.016378,0.9977171525567463,1.0,0.0
SPACA3,-0.002861129,-16.629711,0.9977171525567463,1.0,0.0
PGM5P4-AS1,-0.002861129,-16.689436,0.9977171525567463,1.0,0.0
SLC5A11,-0.002861129,-16.878384,0.9977171525567463,1.0,0.0
AC024614.4,-0.002861129,-16.840315,0.9977171525567463,1.0,0.0
CXorf58,-0.002861129,-18.016563,0.9977171525567463,1.0,0.0
HHLA2,-0.002861129,-16.846893,0.9977171525567463,1.0,0.0
AL353719.1,-0.002861129,-16.391136,0.9977171525567463,1.0,0.0
AC007333.2,-0.002861129,-15.816578,0.9977171525567463,1.0,0.0
LINC02569,-0.002861129,-17.447073,0.9977171525567463,1.0,0.0
BHLHA15,-0.002861129,-16.870665,0.9977171525567463,1.0,0.0
AC084819.1,-0.002861129,-17.626884,0.9977171525567463,1.0,0.0
AC087235.1,-0.002861129,-16.47145,0.9977171525567463,1.0,0.0
TAB3-AS2,-0.002861129,-15.666506,0.9977171525567463,1.0,0.0
AP000777.2,-0.002861129,-16.92782,0.9977171525567463,1.0,0.0
AC004253.1,-0.002861129,-16.375092,0.9977171525567463,1.0,0.0
AC005479.1,-0.002861129,-16.736698,0.9977171525567463,1.0,0.0
MS4A15,-0.002861129,-16.785292,0.9977171525567463,1.0,0.0
AC116337.4,-0.002861129,-16.731167,0.9977171525567463,1.0,0.0
MS4A7,-0.002861129,-16.193539,0.9977171525567463,1.0,0.0
LINC01551,-0.002861129,-16.767162,0.9977171525567463,1.0,0.0
AC105941.1,-0.002861129,-17.517456,0.9977171525567463,1.0,0.0
MS4A6A,-0.002861129,-16.419878,0.9977171525567463,1.0,0.0
MAGEB3,-0.002861129,-17.696,0.9977171525567463,1.0,0.0
AC005899.3,-0.002861129,-15.992096,0.9977171525567463,1.0,0.0
CSN1S1,-0.002861129,-16.680742,0.9977171525567463,1.0,0.0
AC006064.3,-0.002861129,-16.71216,0.9977171525567463,1.0,0.0
AC022903.2,-0.002861129,-16.926174,0.9977171525567463,1.0,0.0
APLNR,-0.002861129,-16.708302,0.9977171525567463,1.0,0.0
HEATR9,-0.002861129,-16.692461,0.9977171525567463,1.0,0.0
PVRIG,-0.002861129,-15.749316,0.9977171525567463,1.0,0.0
GPR78,-0.002861129,-16.521042,0.9977171525567463,1.0,0.0
PPEF1,-0.002861129,-16.837809,0.9977171525567463,1.0,0.0
AL049820.1,-0.002861129,-17.100441,0.9977171525567463,1.0,0.0
AC023051.1,-0.002861129,-16.83051,0.9977171525567463,1.0,0.0
AC092849.2,-0.002861129,-16.421085,0.9977171525567463,1.0,0.0
C4A,-0.002861129,-16.283943,0.9977171525567463,1.0,0.0
AC092849.1,-0.002861129,-16.753971,0.9977171525567463,1.0,0.0
AL137100.3,-0.002861129,-16.462343,0.9977171525567463,1.0,0.0
AC138956.1,-0.002861129,-16.563393,0.9977171525567463,1.0,0.0
LIX1-AS1,-0.002861129,-17.069832,0.9977171525567463,1.0,0.0
AC016526.2,-0.002861129,-16.898685,0.9977171525567463,1.0,0.0
KCNG4,-0.002861129,-16.433722,0.9977171525567463,1.0,0.0
AC010680.5,-0.002861129,-15.538953,0.9977171525567463,1.0,0.0
OR8H1,-0.002861129,-16.446981,0.9977171525567463,1.0,0.0
AC091868.2,-0.002861129,-16.726812,0.9977171525567463,1.0,0.0
AC004522.3,-0.002861129,-16.83675,0.9977171525567463,1.0,0.0
AC093283.1,-0.002861129,-16.686934,0.9977171525567463,1.0,0.0
AL391863.1,-0.002861129,-16.637337,0.9977171525567463,1.0,0.0
U51244.1,-0.002861129,-17.310131,0.9977171525567463,1.0,0.0
AC022706.1,-0.002861129,-16.732325,0.9977171525567463,1.0,0.0
AC008870.3,-0.002861129,-17.226189,0.9977171525567463,1.0,0.0
CTXN3,-0.002861129,-16.669634,0.9977171525567463,1.0,0.0
AC017006.2,-0.002861129,-16.082367,0.9977171525567463,1.0,0.0
SERPING1,-0.002861129,-17.29464,0.9977171525567463,1.0,0.0
AL807742.1,-0.002861129,-17.15371,0.9977171525567463,1.0,0.0
RASL10B,-0.002861129,-16.206337,0.9977171525567463,1.0,0.0
EIF1AX-AS1,-0.002861129,-15.86329,0.9977171525567463,1.0,0.0
AC022509.4,-0.002861129,-15.797795,0.9977171525567463,1.0,0.0
ETDC,-0.002861129,-16.76497,0.9977171525567463,1.0,0.0
AC068658.1,-0.002861129,-16.474329,0.9977171525567463,1.0,0.0
LNX1-AS2,-0.002861129,-16.391623,0.9977171525567463,1.0,0.0
AC024145.1,-0.002861129,-16.77873,0.9977171525567463,1.0,0.0
SLN,-0.002861129,-16.477139,0.9977171525567463,1.0,0.0
AP003721.3,-0.002861129,-16.939924,0.9977171525567463,1.0,0.0
ANKRD31,-0.002861129,-16.071032,0.9977171525567463,1.0,0.0
DISP3,-0.002861129,-16.280535,0.9977171525567463,1.0,0.0
CTSG,-0.002861129,-16.18379,0.9977171525567463,1.0,0.0
AL132633.1,-0.002861129,-16.376055,0.9977171525567463,1.0,0.0
RAPGEF4-AS1,-0.002861129,-15.57516,0.9977171525567463,1.0,0.0
PAX8,-0.002861129,-16.81489,0.9977171525567463,1.0,0.0
AC010761.2,-0.002861129,-16.092783,0.9977171525567463,1.0,0.0
PDGFRA,-0.002861129,-17.041151,0.9977171525567463,1.0,0.0
ACOXL,-0.002861129,-16.405046,0.9977171525567463,1.0,0.0
MMP7,-0.002861129,-16.488955,0.9977171525567463,1.0,0.0
SLCO1C1,-0.002861129,-16.137667,0.9977171525567463,1.0,0.0
SPATA17-AS1,-0.002861129,-16.805923,0.9977171525567463,1.0,0.0
MAOB,-0.002861129,-16.914091,0.9977171525567463,1.0,0.0
AC024267.6,-0.002861129,-16.565521,0.9977171525567463,1.0,0.0
PTPRC,-0.002861129,-16.522495,0.9977171525567463,1.0,0.0
AC024267.5,-0.002861129,-16.24357,0.9977171525567463,1.0,0.0
AC010894.4,-0.002861129,-16.318304,0.9977171525567463,1.0,0.0
AC010761.3,-0.002861129,-16.726812,0.9977171525567463,1.0,0.0
SAPCD1-AS1,-0.002861129,-16.601648,0.9977171525567463,1.0,0.0
AC138956.2,-0.002861129,-16.284073,0.9977171525567463,1.0,0.0
SLC9C1,-0.002861129,-17.489935,0.9977171525567463,1.0,0.0
LHX9,-0.002861129,-17.286762,0.9977171525567463,1.0,0.0
NPIPB8,-0.002861129,-16.0231,0.9977171525567463,1.0,0.0
AC061975.8,-0.002861129,-16.515326,0.9977171525567463,1.0,0.0
AC004969.1,-0.002861129,-17.128422,0.9977171525567463,1.0,0.0
KCNK2,-0.002861129,-16.831083,0.9977171525567463,1.0,0.0
AP001527.1,-0.002861129,-16.79739,0.9977171525567463,1.0,0.0
AC106745.1,-0.002861129,-16.70664,0.9977171525567463,1.0,0.0
AC104088.1,-0.002861129,-16.144121,0.9977171525567463,1.0,0.0
AC087242.1,-0.002861129,-16.668953,0.9977171525567463,1.0,0.0
AC002458.1,-0.002861129,-16.959606,0.9977171525567463,1.0,0.0
CRHR2,-0.002861129,-16.945026,0.9977171525567463,1.0,0.0
FMO3,-0.002861129,-16.55108,0.9977171525567463,1.0,0.0
AL008633.1,-0.002861129,-16.10713,0.9977171525567463,1.0,0.0
AC138904.1,-0.002861129,-16.645508,0.9977171525567463,1.0,0.0
ANGPTL7,-0.002861129,-17.111397,0.9977171525567463,1.0,0.0
GABRA1,-0.002861129,-17.053093,0.9977171525567463,1.0,0.0
OR4K17,-0.002861129,-16.895866,0.9977171525567463,1.0,0.0
ATP10B,-0.002861129,-16.963196,0.9977171525567463,1.0,0.0
hsa-mir-423,-0.002861129,-16.716644,0.9977171525567463,1.0,0.0
HOXD-AS2,-0.002861129,-16.687881,0.9977171525567463,1.0,0.0
AC104984.4,-0.002861129,-15.222498,0.9977171525567463,1.0,0.0
PON3,-0.002861129,-16.114645,0.9977171525567463,1.0,0.0
SYT7,-0.002861129,-16.681944,0.9977171525567463,1.0,0.0
AP003108.1,-0.002861129,-16.739025,0.9977171525567463,1.0,0.0
AC010974.2,-0.002861129,-16.040215,0.9977171525567463,1.0,0.0
AC017048.3,-0.002861129,-17.49392,0.9977171525567463,1.0,0.0
AC004012.1,-0.002861129,-16.121914,0.9977171525567463,1.0,0.0
AC105345.2,-0.002861129,-17.204155,0.9977171525567463,1.0,0.0
AC002451.1,-0.002861129,-16.804136,0.9977171525567463,1.0,0.0
PDK4,-0.002861129,-18.162802,0.9977171525567463,1.0,0.0
LINC02519,-0.002861129,-16.862104,0.9977171525567463,1.0,0.0
AL135926.2,-0.002861129,-16.66581,0.9977171525567463,1.0,0.0
CD5,-0.002861129,-17.173405,0.9977171525567463,1.0,0.0
CALML6,-0.002861129,-16.814606,0.9977171525567463,1.0,0.0
IRF8,-0.002861129,-16.561188,0.9977171525567463,1.0,0.0
AC004593.1,-0.002861129,-17.080997,0.9977171525567463,1.0,0.0
AGBL5-AS1,-0.002861129,-16.24138,0.9977171525567463,1.0,0.0
AL021807.1,-0.002861129,-16.115444,0.9977171525567463,1.0,0.0
SELE,-0.002861129,-16.001179,0.9977171525567463,1.0,0.0
AC096649.1,-0.002861129,-16.844181,0.9977171525567463,1.0,0.0
ABHD15-AS1,-0.002861129,-16.933083,0.9977171525567463,1.0,0.0
AC006378.1,-0.002861129,-16.85399,0.9977171525567463,1.0,0.0
LINC02588,-0.002861129,-17.336613,0.9977171525567463,1.0,0.0
SCGB1A1,-0.002861129,-16.521578,0.9977171525567463,1.0,0.0
AP003064.1,-0.002861129,-16.859753,0.9977171525567463,1.0,0.0
AC003092.1,-0.002861129,-16.391832,0.9977171525567463,1.0,0.0
AP002989.1,-0.002861129,-16.531008,0.9977171525567463,1.0,0.0
SCGB1D4,-0.002861129,-16.435587,0.9977171525567463,1.0,0.0
LINC01201,-0.002861129,-16.710493,0.9977171525567463,1.0,0.0
DDI1,-0.002861129,-16.139814,0.9977171525567463,1.0,0.0
AC104564.1,-0.002861129,-16.101917,0.9977171525567463,1.0,0.0
AL391845.2,-0.002861129,-17.416544,0.9977171525567463,1.0,0.0
AC091806.1,-0.002861129,-16.650702,0.9977171525567463,1.0,0.0
NHS,-0.002861129,-16.813942,0.9977171525567463,1.0,0.0
COLCA2,-0.002861129,-17.071667,0.9977171525567463,1.0,0.0
C1orf127,-0.002861129,-16.768442,0.9977171525567463,1.0,0.0
AL022328.1,-0.002861129,-15.875092,0.9977171525567463,1.0,0.0
SLC26A3,-0.002861129,-17.460678,0.9977171525567463,1.0,0.0
AOC3,-0.002861129,-16.8536,0.9977171525567463,1.0,0.0
G6PC,-0.002861129,-16.82936,0.9977171525567463,1.0,0.0
AC007370.1,-0.002861129,-15.663597,0.9977171525567463,1.0,0.0
DEPDC7,-0.002861129,-16.606354,0.9977171525567463,1.0,0.0
AC021660.2,-0.002861129,-17.353481,0.9977171525567463,1.0,0.0
AC074366.1,-0.002861129,-16.817448,0.9977171525567463,1.0,0.0
SPANXD,-0.002861129,-16.376055,0.9977171525567463,1.0,0.0
LINC01820,-0.002861129,-16.491867,0.9977171525567463,1.0,0.0
AC005165.3,-0.002861129,-15.831776,0.9977171525567463,1.0,0.0
AC130456.2,-0.002861129,-16.339388,0.9977171525567463,1.0,0.0
OR5H1,-0.002861129,-16.59454,0.9977171525567463,1.0,0.0
MAGEC2,-0.002861129,-16.452276,0.9977171525567463,1.0,0.0
STON2,-0.002861129,-16.32904,0.9977171525567463,1.0,0.0
CD300LG,-0.002861129,-16.279442,0.9977171525567463,1.0,0.0
LINC02311,-0.002861129,-17.061949,0.9977171525567463,1.0,0.0
TMEM82,-0.002861129,-16.816027,0.9977171525567463,1.0,0.0
APOA2,-0.002861129,-17.49392,0.9977171525567463,1.0,0.0
PCP4L1,-0.002861129,-16.55946,0.9977171525567463,1.0,0.0
CFAP126,-0.002861129,-17.009571,0.9977171525567463,1.0,0.0
LINC02197,-0.002861129,-16.655579,0.9977171525567463,1.0,0.0
SPATA46,-0.002861129,-16.9633,0.9977171525567463,1.0,0.0
AP000880.1,-0.002861129,-16.75189,0.9977171525567463,1.0,0.0
SHOX,-0.002861129,-16.058414,0.9977171525567463,1.0,0.0
CELA2A,-0.002861129,-16.683834,0.9977171525567463,1.0,0.0
AC002056.2,-0.002861129,-16.898685,0.9977171525567463,1.0,0.0
RTP2,-0.002861129,-16.304773,0.9977171525567463,1.0,0.0
U62317.3,-0.002861129,-16.845343,0.9977171525567463,1.0,0.0
AC106795.2,-0.002861129,-17.01385,0.9977171525567463,1.0,0.0
SYNE1-AS1,-0.002861129,-15.446759,0.9977171525567463,1.0,0.0
AL138694.1,-0.002861129,-16.676203,0.9977171525567463,1.0,0.0
AC064869.1,-0.002861129,-16.653894,0.9977171525567463,1.0,0.0
ANKK1,-0.002861129,-16.965101,0.9977171525567463,1.0,0.0
AC109642.1,-0.002861129,-17.618364,0.9977171525567463,1.0,0.0
DIO2-AS1,-0.002861129,-16.892353,0.9977171525567463,1.0,0.0
AC007496.1,-0.002861129,-16.248207,0.9977171525567463,1.0,0.0
PPY,-0.002861129,-16.729477,0.9977171525567463,1.0,0.0
PPM1K-DT,-0.002861129,-16.780575,0.9977171525567463,1.0,0.0
LINC01180,-0.002861129,-16.153421,0.9977171525567463,1.0,0.0
AL137246.1,-0.002861129,-17.436356,0.9977171525567463,1.0,0.0
AC100771.2,-0.002861129,-16.966267,0.9977171525567463,1.0,0.0
LINC02242,-0.002861129,-17.092955,0.9977171525567463,1.0,0.0
L29074.1,-0.002861129,-16.246576,0.9977171525567463,1.0,0.0
FBLN1,-0.002861129,-16.620403,0.9977171525567463,1.0,0.0
WNT2,-0.002861129,-16.553347,0.9977171525567463,1.0,0.0
BBOX1,-0.002861129,-16.021816,0.9977171525567463,1.0,0.0
ASZ1,-0.002861129,-16.511452,0.9977171525567463,1.0,0.0
AL008718.2,-0.002861129,-16.937225,0.9977171525567463,1.0,0.0
AC113385.1,-0.002861129,-16.661404,0.9977171525567463,1.0,0.0
AL157769.1,-0.002861129,-16.898685,0.9977171525567463,1.0,0.0
CAPNS2,-0.002861129,-15.538953,0.9977171525567463,1.0,0.0
AC008459.1,-0.002861129,-15.794651,0.9977171525567463,1.0,0.0
AC013267.2,-0.002861129,-16.669634,0.9977171525567463,1.0,0.0
CCDC179,-0.002861129,-16.246765,0.9977171525567463,1.0,0.0
AC006159.1,-0.002861129,-16.05469,0.9977171525567463,1.0,0.0
AC016925.3,-0.002861129,-15.87461,0.9977171525567463,1.0,0.0
LINC02301,-0.002861129,-16.969769,0.9977171525567463,1.0,0.0
PKDREJ,-0.002861129,-17.626171,0.9977171525567463,1.0,0.0
AC023855.1,-0.002861129,-16.238697,0.9977171525567463,1.0,0.0
AL008720.1,-0.002861129,-17.0847,0.9977171525567463,1.0,0.0
AL158801.3,-0.002861129,-17.530876,0.9977171525567463,1.0,0.0
EFNB2,-0.002861129,-16.603998,0.9977171525567463,1.0,0.0
AP002518.1,-0.002861129,-16.295715,0.9977171525567463,1.0,0.0
LINC00460,-0.002861129,-17.09249,0.9977171525567463,1.0,0.0
AC003043.2,-0.002861129,-16.279442,0.9977171525567463,1.0,0.0
STK31,-0.002861129,-16.587547,0.9977171525567463,1.0,0.0
AC027279.2,-0.002861129,-16.95571,0.9977171525567463,1.0,0.0
AC009141.1,-0.002861129,-17.092955,0.9977171525567463,1.0,0.0
LINC00343,-0.002861129,-16.739025,0.9977171525567463,1.0,0.0
COL3A1,-0.002861129,-16.165857,0.9977171525567463,1.0,0.0
SLC10A2,-0.002861129,-16.79142,0.9977171525567463,1.0,0.0
AC046158.2,-0.002861129,-16.432575,0.9977171525567463,1.0,0.0
AC138811.1,-0.002861129,-16.898384,0.9977171525567463,1.0,0.0
AC027130.1,-0.002861129,-17.855585,0.9977171525567463,1.0,0.0
GPLD1,-0.002861129,-16.55836,0.9977171525567463,1.0,0.0
AC090692.2,-0.002861129,-16.801321,0.9977171525567463,1.0,0.0
LNX1-AS1,-0.002861129,-16.114645,0.9977171525567463,1.0,0.0
MCF2L,-0.002861129,-16.931223,0.9977171525567463,1.0,0.0
ZPLD1,-0.002861129,-17.32219,0.9977171525567463,1.0,0.0
AC040169.3,-0.002861129,-17.368557,0.9977171525567463,1.0,0.0
TUBA3D,-0.002861129,-17.468006,0.9977171525567463,1.0,0.0
FAM9C,-0.002861129,-16.744947,0.9977171525567463,1.0,0.0
LINC02068,-0.002861129,-16.903734,0.9977171525567463,1.0,0.0
LIMS1-AS1,-0.002861129,-15.6318245,0.9977171525567463,1.0,0.0
AC104653.2,-0.002861129,-15.869802,0.9977171525567463,1.0,0.0
RIPOR2,-0.002861129,-16.732325,0.9977171525567463,1.0,0.0
NEUROD1,-0.002861129,-17.14179,0.9977171525567463,1.0,0.0
AL161757.2,-0.002861129,-16.430355,0.9977171525567463,1.0,0.0
AC008972.1,-0.002861129,-16.974771,0.9977171525567463,1.0,0.0
G2E3-AS1,-0.002861129,-16.169828,0.9977171525567463,1.0,0.0
AC008588.1,-0.002861129,-16.64442,0.9977171525567463,1.0,0.0
AC009063.1,-0.002861129,-17.260223,0.9977171525567463,1.0,0.0
AC009511.2,-0.002861129,-16.587547,0.9977171525567463,1.0,0.0
GLRA2,-0.002861129,-16.421156,0.9977171525567463,1.0,0.0
AC125793.1,-0.002861129,-16.405046,0.9977171525567463,1.0,0.0
AC006064.5,-0.002861129,-16.615648,0.9977171525567463,1.0,0.0
LINC02583,-0.002861129,-16.615158,0.9977171525567463,1.0,0.0
AC087257.1,-0.002861129,-16.454605,0.9977171525567463,1.0,0.0
AL137002.1,-0.002861129,-16.656252,0.9977171525567463,1.0,0.0
C4B,-0.002861129,-17.290016,0.9977171525567463,1.0,0.0
AC117435.1,-0.002861129,-16.64342,0.9977171525567463,1.0,0.0
AC090589.3,-0.002861129,-17.139734,0.9977171525567463,1.0,0.0
VWA3A,-0.002861129,-16.706814,0.9977171525567463,1.0,0.0
PROZ,-0.002861129,-17.333096,0.9977171525567463,1.0,0.0
AL137002.2,-0.002861129,-16.903734,0.9977171525567463,1.0,0.0
AL596087.3,-0.002861129,-17.587114,0.9977171525567463,1.0,0.0
AC243654.1,-0.002861129,-16.553268,0.9977171525567463,1.0,0.0
AL626787.1,-0.002861129,-16.933186,0.9977171525567463,1.0,0.0
AF111169.4,-0.002861129,-16.817923,0.9977171525567463,1.0,0.0
AC243585.2,-0.002861129,-16.330305,0.9977171525567463,1.0,0.0
POU2AF1,-0.002861129,-17.24637,0.9977171525567463,1.0,0.0
AL451074.5,-0.002861129,-17.106085,0.9977171525567463,1.0,0.0
AC005086.2,-0.002861129,-16.47145,0.9977171525567463,1.0,0.0
CTRC,-0.002861129,-15.543715,0.9977171525567463,1.0,0.0
NOXRED1,-0.002861129,-16.346848,0.9977171525567463,1.0,0.0
ISM2,-0.002861129,-17.864508,0.9977171525567463,1.0,0.0
AC008691.1,-0.002861129,-16.284073,0.9977171525567463,1.0,0.0
LHFPL3,-0.002861129,-15.766839,0.9977171525567463,1.0,0.0
AC092718.6,-0.002861129,-16.669718,0.9977171525567463,1.0,0.0
LINC02759,-0.002861129,-16.523182,0.9977171525567463,1.0,0.0
KRT33B,-0.002861129,-15.40578,0.9977171525567463,1.0,0.0
ACSM3,-0.002861129,-16.620731,0.9977171525567463,1.0,0.0
FAM153A,-0.002861129,-17.17738,0.9977171525567463,1.0,0.0
POM121L2,-0.002861129,-16.747198,0.9977171525567463,1.0,0.0
AL683807.1,-0.002861129,-17.13551,0.9977171525567463,1.0,0.0
AC110769.1,-0.002861129,-17.18938,0.9977171525567463,1.0,0.0
P2RY8,-0.002861129,-16.424145,0.9977171525567463,1.0,0.0
SPANXB1,-0.002861129,-16.878284,0.9977171525567463,1.0,0.0
COL4A2-AS1,-0.002861129,-16.689867,0.9977171525567463,1.0,0.0
AC107029.1,-0.002861129,-16.454605,0.9977171525567463,1.0,0.0
AL355073.1,-0.002861129,-16.848446,0.9977171525567463,1.0,0.0
AC007497.2,-0.002861129,-16.765518,0.9977171525567463,1.0,0.0
AC108021.1,-0.002861129,-17.478527,0.9977171525567463,1.0,0.0
RNF39,-0.002861129,-17.264875,0.9977171525567463,1.0,0.0
LINC01044,-0.002861129,-16.256582,0.9977171525567463,1.0,0.0
AC008679.1,-0.002861129,-16.719995,0.9977171525567463,1.0,0.0
AC073869.5,-0.002861129,-16.264944,0.9977171525567463,1.0,0.0
LINC02828,-0.002861129,-17.1929,0.9977171525567463,1.0,0.0
TEX29,-0.002861129,-17.24388,0.9977171525567463,1.0,0.0
HSD17B2,-0.002861129,-16.965101,0.9977171525567463,1.0,0.0
GRB7,-0.002861129,-17.088182,0.9977171525567463,1.0,0.0
GSDMA,-0.002861129,-17.586254,0.9977171525567463,1.0,0.0
SDR42E1,-0.002861129,-17.232664,0.9977171525567463,1.0,0.0
AC012150.2,-0.002861129,-17.117205,0.9977171525567463,1.0,0.0
AL391001.1,-0.002861129,-16.99986,0.9977171525567463,1.0,0.0
AC087521.1,-0.002861129,-16.33504,0.9977171525567463,1.0,0.0
AC006062.1,-0.002861129,-17.250576,0.9977171525567463,1.0,0.0
AL031283.3,-0.002861129,-17.725433,0.9977171525567463,1.0,0.0
AC099524.1,-0.002861129,-16.643585,0.9977171525567463,1.0,0.0
SSX5,-0.002861129,-17.25097,0.9977171525567463,1.0,0.0
DNM3OS,-0.002861129,-16.615894,0.9977171525567463,1.0,0.0
AL161753.1,-0.002861129,-16.57367,0.9977171525567463,1.0,0.0
PHOX2A,-0.002861129,-17.261286,0.9977171525567463,1.0,0.0
DDC,-0.002861129,-15.955728,0.9977171525567463,1.0,0.0
AC008525.1,-0.002861129,-16.681944,0.9977171525567463,1.0,0.0
AP003785.1,-0.002861129,-16.578918,0.9977171525567463,1.0,0.0
AP002892.1,-0.002861129,-17.072012,0.9977171525567463,1.0,0.0
PRSS8,-0.002861129,-17.507406,0.9977171525567463,1.0,0.0
AP000593.3,-0.002861129,-16.98559,0.9977171525567463,1.0,0.0
AC010255.3,-0.002861129,-16.97232,0.9977171525567463,1.0,0.0
AC115676.1,-0.002861129,-16.934013,0.9977171525567463,1.0,0.0
ODAPH,-0.002861129,-16.09909,0.9977171525567463,1.0,0.0
FOLR1,-0.002861129,-17.010668,0.9977171525567463,1.0,0.0
AP000812.1,-0.002861129,-17.027874,0.9977171525567463,1.0,0.0
PARM1,-0.002861129,-16.784922,0.9977171525567463,1.0,0.0
AL157778.1,-0.002861129,-17.327631,0.9977171525567463,1.0,0.0
AC006517.2,-0.002861129,-17.029762,0.9977171525567463,1.0,0.0
AC079841.2,-0.002861129,-16.082367,0.9977171525567463,1.0,0.0
AL161734.2,-0.002861129,-17.021782,0.9977171525567463,1.0,0.0
ALOX12,-0.002861129,-16.826778,0.9977171525567463,1.0,0.0
AL009178.2,-0.002861129,-16.827065,0.9977171525567463,1.0,0.0
HAAO,-0.002861129,-16.368576,0.9977171525567463,1.0,0.0
AC007349.1,-0.002861129,-17.099152,0.9977171525567463,1.0,0.0
ADIPOQ,-0.002861129,-16.195955,0.9977171525567463,1.0,0.0
PSORS1C2,-0.002861129,-15.935172,0.9977171525567463,1.0,0.0
AC093510.1,-0.002861129,-17.023663,0.9977171525567463,1.0,0.0
AC099554.1,-0.002861129,-17.154076,0.9977171525567463,1.0,0.0
AL136987.1,-0.002861129,-16.618433,0.9977171525567463,1.0,0.0
PSORS1C3,-0.002861129,-16.89175,0.9977171525567463,1.0,0.0
AC104770.1,-0.002861129,-16.74891,0.9977171525567463,1.0,0.0
AC141424.1,-0.002861129,-17.398666,0.9977171525567463,1.0,0.0
AL391261.2,-0.002861129,-16.248648,0.9977171525567463,1.0,0.0
LMLN2,-0.002861129,-17.519901,0.9977171525567463,1.0,0.0
TRPC5OS,-0.002861129,-16.470715,0.9977171525567463,1.0,0.0
AC009088.2,-0.002861129,-16.182892,0.9977171525567463,1.0,0.0
AL049874.3,-0.002861129,-16.336777,0.9977171525567463,1.0,0.0
ABCA13,-0.002861129,-16.352451,0.9977171525567463,1.0,0.0
LINC02290,-0.002861129,-15.826737,0.9977171525567463,1.0,0.0
LINC01445,-0.002861129,-16.561975,0.9977171525567463,1.0,0.0
PRR18,-0.002861129,-17.57477,0.9977171525567463,1.0,0.0
FAM133A,-0.002861129,-16.814606,0.9977171525567463,1.0,0.0
AP003555.1,-0.002861129,-17.340137,0.9977171525567463,1.0,0.0
DANT2,-0.002861129,-16.70367,0.9977171525567463,1.0,0.0
LINC02818,-0.002861129,-16.692806,0.9977171525567463,1.0,0.0
RD3,-0.002861129,-17.349634,0.9977171525567463,1.0,0.0
AC010595.1,-0.002861129,-16.115444,0.9977171525567463,1.0,0.0
SMIM38,-0.002861129,-16.711458,0.9977171525567463,1.0,0.0
AC233296.1,-0.002861129,-17.0825,0.9977171525567463,1.0,0.0
PIK3R5,-0.002861129,-16.412088,0.9977171525567463,1.0,0.0
NTN1,-0.002861129,-16.55632,0.9977171525567463,1.0,0.0
AC073349.4,-0.002861129,-16.927408,0.9977171525567463,1.0,0.0
NEXMIF,-0.002861129,-16.998667,0.9977171525567463,1.0,0.0
AC005695.2,-0.002861129,-16.569233,0.9977171525567463,1.0,0.0
AC044798.3,-0.002861129,-17.223091,0.9977171525567463,1.0,0.0
AP003096.1,-0.002861129,-15.987394,0.9977171525567463,1.0,0.0
AC087501.2,-0.002861129,-16.543297,0.9977171525567463,1.0,0.0
AC104073.4,-0.002861129,-16.984514,0.9977171525567463,1.0,0.0
AP007216.2,-0.002861129,-16.200499,0.9977171525567463,1.0,0.0
AC083864.4,-0.002861129,-17.350632,0.9977171525567463,1.0,0.0
AL590302.2,-0.002861129,-15.789833,0.9977171525567463,1.0,0.0
AL391294.1,-0.002861129,-17.587114,0.9977171525567463,1.0,0.0
AP003059.2,-0.002861129,-16.770365,0.9977171525567463,1.0,0.0
AC006960.3,-0.002861129,-16.284073,0.9977171525567463,1.0,0.0
SPEM1,-0.002861129,-16.421654,0.9977171525567463,1.0,0.0
KRTAP5-10,-0.002861129,-16.420517,0.9977171525567463,1.0,0.0
KRTAP5-8,-0.002861129,-16.714445,0.9977171525567463,1.0,0.0
SLC35G6,-0.002861129,-16.917765,0.9977171525567463,1.0,0.0
AC016876.3,-0.002861129,-17.93436,0.9977171525567463,1.0,0.0
LINC01819,-0.002861129,-16.001179,0.9977171525567463,1.0,0.0
ATP1B2,-0.002861129,-16.036753,0.9977171525567463,1.0,0.0
LSAMP,-0.002861129,-16.018133,0.9977171525567463,1.0,0.0
GUCY2D,-0.002861129,-16.405046,0.9977171525567463,1.0,0.0
MCCD1,-0.002861129,-16.02032,0.9977171525567463,1.0,0.0
AC007327.2,-0.002861129,-16.650198,0.9977171525567463,1.0,0.0
LINC02322,-0.002861129,-15.653586,0.9977171525567463,1.0,0.0
AC096759.2,-0.002861129,-15.829674,0.9977171525567463,1.0,0.0
CHD5,-0.002861129,-16.67937,0.9977171525567463,1.0,0.0
KLRF1,-0.002861129,-16.100504,0.9977171525567463,1.0,0.0
LINC01447,-0.002861129,-17.401775,0.9977171525567463,1.0,0.0
CLDN2,-0.002861129,-17.454784,0.9977171525567463,1.0,0.0
CCDC27,-0.002861129,-18.429237,0.9977171525567463,1.0,0.0
MFAP5,-0.002861129,-15.816578,0.9977171525567463,1.0,0.0
LINC00596,-0.002861129,-16.506529,0.9977171525567463,1.0,0.0
TEX13A,-0.002861129,-16.990114,0.9977171525567463,1.0,0.0
AL161756.3,-0.002861129,-16.206337,0.9977171525567463,1.0,0.0
AL133553.2,-0.002861129,-16.50532,0.9977171525567463,1.0,0.0
NPFFR2,-0.002861129,-17.002474,0.9977171525567463,1.0,0.0
TRGV6,-0.002861129,-16.391832,0.9977171525567463,1.0,0.0
H2BFM,-0.002861129,-16.58827,0.9977171525567463,1.0,0.0
AP000893.2,-0.002861129,-17.233183,0.9977171525567463,1.0,0.0
AC087392.2,-0.002861129,-17.237999,0.9977171525567463,1.0,0.0
TRGV7,-0.002861129,-17.280008,0.9977171525567463,1.0,0.0
A2ML1,-0.002861129,-16.521578,0.9977171525567463,1.0,0.0
AC113615.1,-0.002861129,-17.174646,0.9977171525567463,1.0,0.0
AL049869.3,-0.002861129,-16.803385,0.9977171525567463,1.0,0.0
AC090617.4,-0.002861129,-17.122921,0.9977171525567463,1.0,0.0
PIH1D3,-0.002861129,-16.609446,0.9977171525567463,1.0,0.0
AC007953.1,-0.002861129,-16.370493,0.9977171525567463,1.0,0.0
AC004988.1,-0.002861129,-16.553034,0.9977171525567463,1.0,0.0
AC025766.1,-0.002861129,-17.220387,0.9977171525567463,1.0,0.0
AMPH,-0.002861129,-17.067657,0.9977171525567463,1.0,0.0
POU6F2,-0.002861129,-16.058414,0.9977171525567463,1.0,0.0
AC130343.1,-0.002861129,-16.737682,0.9977171525567463,1.0,0.0
KCNH5,-0.002861129,-16.750263,0.9977171525567463,1.0,0.0
AC004837.3,-0.002861129,-17.101028,0.9977171525567463,1.0,0.0
RTL9,-0.002861129,-17.080765,0.9977171525567463,1.0,0.0
MIR4300HG,-0.002861129,-16.389675,0.9977171525567463,1.0,0.0
KCTD14,-0.002861129,-17.181118,0.9977171525567463,1.0,0.0
AP003032.2,-0.002861129,-17.325256,0.9977171525567463,1.0,0.0
AC004837.2,-0.002861129,-17.261417,0.9977171525567463,1.0,0.0
AP002812.3,-0.002861129,-16.40266,0.9977171525567463,1.0,0.0
AC012186.2,-0.002861129,-16.452713,0.9977171525567463,1.0,0.0
AC144836.1,-0.002861129,-16.665724,0.9977171525567463,1.0,0.0
HCG20,-0.002861129,-16.30412,0.9977171525567463,1.0,0.0
TCEAL3-AS1,-0.002861129,-16.114645,0.9977171525567463,1.0,0.0
CDHR2,-0.002861129,-17.102201,0.9977171525567463,1.0,0.0
AP003717.1,-0.002861129,-17.195295,0.9977171525567463,1.0,0.0
HCG21,-0.002861129,-17.389822,0.9977171525567463,1.0,0.0
OR2AT4,-0.002861129,-16.168226,0.9977171525567463,1.0,0.0
AC117453.1,-0.002861129,-16.505018,0.9977171525567463,1.0,0.0
AL713852.1,-0.002861129,-16.62575,0.9977171525567463,1.0,0.0
MYO1G,-0.002861129,-16.32512,0.9977171525567463,1.0,0.0
IGSF11,-0.002861129,-17.112461,0.9977171525567463,1.0,0.0
EPDR1,-0.002861129,-16.544228,0.9977171525567463,1.0,0.0
AC015853.3,-0.002861129,-16.417253,0.9977171525567463,1.0,0.0
Z98259.3,-0.002861129,-16.246765,0.9977171525567463,1.0,0.0
TMSB15A,-0.002861129,-17.290695,0.9977171525567463,1.0,0.0
P4HA3-AS1,-0.002861129,-16.528395,0.9977171525567463,1.0,0.0
AL158011.1,-0.002861129,-17.22748,0.9977171525567463,1.0,0.0
AC004771.1,-0.002861129,-17.114239,0.9977171525567463,1.0,0.0
BEX5,-0.002861129,-16.018133,0.9977171525567463,1.0,0.0
TCEAL2,-0.002861129,-16.18379,0.9977171525567463,1.0,0.0
AC079790.2,-0.002861129,-15.854526,0.9977171525567463,1.0,0.0
AP001972.3,-0.002861129,-17.643745,0.9977171525567463,1.0,0.0
STXBP5L,-0.002861129,-16.169828,0.9977171525567463,1.0,0.0
AC108673.2,-0.002861129,-17.071898,0.9977171525567463,1.0,0.0
LINC01952,-0.002861129,-17.345657,0.9977171525567463,1.0,0.0
AP002340.1,-0.002861129,-16.675604,0.9977171525567463,1.0,0.0
AC079163.2,-0.002861129,-16.238447,0.9977171525567463,1.0,0.0
LINC00612,-0.002861129,-16.101011,0.9977171525567463,1.0,0.0
AC133485.7,-0.002861129,-16.89175,0.9977171525567463,1.0,0.0
AL135999.2,-0.002861129,-16.416828,0.9977171525567463,1.0,0.0
RASSF6,-0.002861129,-16.614014,0.9977171525567463,1.0,0.0
AP001922.3,-0.002861129,-16.266916,0.9977171525567463,1.0,0.0
AP000873.3,-0.002861129,-17.047785,0.9977171525567463,1.0,0.0
AC123595.2,-0.002861129,-16.892653,0.9977171525567463,1.0,0.0
KCNG3,-0.002861129,-15.417259,0.9977171525567463,1.0,0.0
LINC01460,-0.002861129,-16.879078,0.9977171525567463,1.0,0.0
AC015853.1,-0.002861129,-16.36243,0.9977171525567463,1.0,0.0
Z95624.1,-0.002861129,-16.564573,0.9977171525567463,1.0,0.0
LINC02367,-0.002861129,-16.595669,0.9977171525567463,1.0,0.0
ALOX15,-0.002861129,-17.540127,0.9977171525567463,1.0,0.0
AC008592.5,-0.002861129,-17.271683,0.9977171525567463,1.0,0.0
AC005291.1,-0.002861129,-16.557812,0.9977171525567463,1.0,0.0
AL137157.1,-0.002861129,-16.393711,0.9977171525567463,1.0,0.0
NPIPB12,-0.002861129,-17.227222,0.9977171525567463,1.0,0.0
FBXW10,-0.002861129,-16.41711,0.9977171525567463,1.0,0.0
AP000769.2,-0.002861129,-16.216795,0.9977171525567463,1.0,0.0
PLBD1,-0.002861129,-16.731167,0.9977171525567463,1.0,0.0
AC010260.1,-0.002861129,-16.414988,0.9977171525567463,1.0,0.0
LINC02776,-0.002861129,-16.965101,0.9977171525567463,1.0,0.0
AC026329.1,-0.002861129,-16.36755,0.9977171525567463,1.0,0.0
NUDT11,-0.002861129,-16.911545,0.9977171525567463,1.0,0.0
AL356417.1,-0.002861129,-16.557812,0.9977171525567463,1.0,0.0
AP003122.2,-0.002861129,-16.180437,0.9977171525567463,1.0,0.0
RNASE6,-0.002861129,-16.954659,0.9977171525567463,1.0,0.0
THBS4,-0.002861129,-15.831495,0.9977171525567463,1.0,0.0
SORCS2,-0.002861129,-16.740099,0.9977171525567463,1.0,0.0
SULT1A4,-0.002861129,-17.0672,0.9977171525567463,1.0,0.0
TOGARAM2,-0.002861129,-17.248209,0.9977171525567463,1.0,0.0
AL356417.3,-0.002861129,-16.97147,0.9977171525567463,1.0,0.0
AC010536.2,-0.002861129,-17.11887,0.9977171525567463,1.0,0.0
AC098851.1,-0.002861129,-16.852333,0.9977171525567463,1.0,0.0
AC004900.1,-0.002861129,-16.850971,0.9977171525567463,1.0,0.0
AC007535.1,-0.002861129,-16.758778,0.9977171525567463,1.0,0.0
AC126696.2,-0.002861129,-16.346579,0.9977171525567463,1.0,0.0
AC009495.3,-0.002861129,-16.805923,0.9977171525567463,1.0,0.0
AC134312.4,-0.002861129,-17.067657,0.9977171525567463,1.0,0.0
AC128687.2,-0.002861129,-17.089111,0.9977171525567463,1.0,0.0
AC147067.2,-0.002861129,-16.634764,0.9977171525567463,1.0,0.0
AC091973.1,-0.002861129,-17.566101,0.9977171525567463,1.0,0.0
AC009495.2,-0.002861129,-16.595669,0.9977171525567463,1.0,0.0
AC009133.2,-0.002861129,-16.154066,0.9977171525567463,1.0,0.0
LINC01832,-0.002861129,-17.420149,0.9977171525567463,1.0,0.0
AL161668.1,-0.002861129,-15.797111,0.9977171525567463,1.0,0.0
Z94057.1,-0.002861129,-17.09962,0.9977171525567463,1.0,0.0
AC022276.1,-0.002861129,-16.694105,0.9977171525567463,1.0,0.0
AP001266.2,-0.002861129,-16.689522,0.9977171525567463,1.0,0.0
AC122129.2,-0.002861129,-15.896449,0.9977171525567463,1.0,0.0
AC007527.1,-0.002861129,-16.394617,0.9977171525567463,1.0,0.0
CCDC158,-0.002861129,-16.708302,0.9977171525567463,1.0,0.0
AC004448.2,-0.002861129,-17.24637,0.9977171525567463,1.0,0.0
AC108463.2,-0.002861129,-17.211416,0.9977171525567463,1.0,0.0
AC009093.5,-0.002861129,-17.490252,0.9977171525567463,1.0,0.0
LINC02723,-0.002861129,-16.536945,0.9977171525567463,1.0,0.0
SLC9C2,-0.002861129,-17.307926,0.9977171525567463,1.0,0.0
AP003774.2,-0.002861129,-16.362293,0.9977171525567463,1.0,0.0
LINC01563,-0.002861129,-16.248207,0.9977171525567463,1.0,0.0
ERAS,-0.002861129,-16.60538,0.9977171525567463,1.0,0.0
AL022310.1,-0.002861129,-16.020428,0.9977171525567463,1.0,0.0
NFATC4,-0.002861129,-16.442787,0.9977171525567463,1.0,0.0
KCNK4,-0.002861129,-17.293142,0.9977171525567463,1.0,0.0
RNASE9,-0.002861129,-16.910427,0.9977171525567463,1.0,0.0
AC068418.2,-0.002861129,-16.516619,0.9977171525567463,1.0,0.0
AC113414.1,-0.002861129,-15.663597,0.9977171525567463,1.0,0.0
AP001453.3,-0.002861129,-17.596457,0.9977171525567463,1.0,0.0
GAD1,-0.002861129,-16.738846,0.9977171525567463,1.0,0.0
AC010092.1,-0.002861129,-16.30667,0.9977171525567463,1.0,0.0
AC132825.2,-0.002861129,-17.36452,0.9977171525567463,1.0,0.0
AC007552.2,-0.002861129,-17.108797,0.9977171525567463,1.0,0.0
AC078852.1,-0.002861129,-17.28311,0.9977171525567463,1.0,0.0
KIAA1324L,-0.002861129,-17.502895,0.9977171525567463,1.0,0.0
CXCL13,-0.002861129,-16.941795,0.9977171525567463,1.0,0.0
SLC22A11,-0.002861129,-16.97328,0.9977171525567463,1.0,0.0
AL139424.1,-0.002861129,-16.652466,0.9977171525567463,1.0,0.0
HGF,-0.002861129,-16.78557,0.9977171525567463,1.0,0.0
AC007655.1,-0.002861129,-16.83329,0.9977171525567463,1.0,0.0
AC010536.1,-0.002861129,-17.05185,0.9977171525567463,1.0,0.0
AC232271.3,-0.002861129,-16.958656,0.9977171525567463,1.0,0.0
GPHA2,-0.002861129,-16.882261,0.9977171525567463,1.0,0.0
CACNA1F,-0.002861129,-18.485367,0.9977171525567463,1.0,0.0
CD200R1,-0.002861129,-17.643112,0.9977171525567463,1.0,0.0
SYP-AS1,-0.002861129,-16.594057,0.9977171525567463,1.0,0.0
AC004702.1,-0.002861129,-17.327072,0.9977171525567463,1.0,0.0
JPH3,-0.002861129,-16.92813,0.9977171525567463,1.0,0.0
LINC02260,-0.002861129,-17.516317,0.9977171525567463,1.0,0.0
AC126365.1,-0.002861129,-16.704891,0.9977171525567463,1.0,0.0
RIPK3,-0.002861129,-16.691164,0.9977171525567463,1.0,0.0
GRM3,-0.002861129,-16.820488,0.9977171525567463,1.0,0.0
NLRP2B,-0.002861129,-16.758505,0.9977171525567463,1.0,0.0
AC134312.2,-0.002861129,-16.895666,0.9977171525567463,1.0,0.0
AC099509.2,-0.002861129,-15.994768,0.9977171525567463,1.0,0.0
RTL5,-0.002861129,-17.520227,0.9977171525567463,1.0,0.0
AC017002.6,-0.002861129,-17.437729,0.9977171525567463,1.0,0.0
BX276092.9,-0.002861129,-16.214218,0.9977171525567463,1.0,0.0
AKAP14,-0.002861129,-17.259428,0.9977171525567463,1.0,0.0
AC092100.1,-0.002861129,-17.547777,0.9977171525567463,1.0,0.0
AC106045.1,-0.002861129,-16.54446,0.9977171525567463,1.0,0.0
AC005304.2,-0.002861129,-16.563393,0.9977171525567463,1.0,0.0
CFHR2,-0.002861129,-16.940859,0.9977171525567463,1.0,0.0
AC011369.1,-0.002861129,-17.392467,0.9977171525567463,1.0,0.0
TEX11,-0.002861129,-16.839157,0.9977171525567463,1.0,0.0
AC008063.2,-0.002861129,-16.70088,0.9977171525567463,1.0,0.0
AL139398.1,-0.002861129,-16.51525,0.9977171525567463,1.0,0.0
VSTM5,-0.002861129,-17.26341,0.9977171525567463,1.0,0.0
GDPD2,-0.002861129,-16.870565,0.9977171525567463,1.0,0.0
CDRT15,-0.002861129,-17.380165,0.9977171525567463,1.0,0.0
AL360091.1,-0.002861129,-16.731346,0.9977171525567463,1.0,0.0
AC017002.5,-0.002861129,-16.367208,0.9977171525567463,1.0,0.0
AC078950.1,-0.002861129,-17.159218,0.9977171525567463,1.0,0.0
AC007619.1,-0.002861129,-15.274263,0.9977171525567463,1.0,0.0
Z98884.2,-0.002861129,-16.988497,0.9977171525567463,1.0,0.0
AL160286.3,-0.002861129,-17.109741,0.9977171525567463,1.0,0.0
NCR3,-0.002861129,-16.248648,0.9977171525567463,1.0,0.0
AL133313.1,-0.002861129,-15.888403,0.9977171525567463,1.0,0.0
AL359881.1,-0.002861129,-16.94065,0.9977171525567463,1.0,0.0
LINC02179,-0.002861129,-16.740816,0.9977171525567463,1.0,0.0
AC004973.1,-0.002861129,-16.399088,0.9977171525567463,1.0,0.0
NT5DC4,-0.002861129,-16.549053,0.9977171525567463,1.0,0.0
AIF1,-0.002861129,-16.528471,0.9977171525567463,1.0,0.0
LINC02746,-0.002861129,-16.575178,0.9977171525567463,1.0,0.0
C11orf72,-0.002861129,-16.071032,0.9977171525567463,1.0,0.0
ARHGAP15,-0.002861129,-17.421053,0.9977171525567463,1.0,0.0
ZBTB20-AS3,-0.002861129,-16.46088,0.9977171525567463,1.0,0.0
AC092153.1,-0.002861129,-16.653894,0.9977171525567463,1.0,0.0
SCARNA9,-0.002861129,-16.191486,0.9977171525567463,1.0,0.0
AL606468.1,-0.002861129,-16.093851,0.9977171525567463,1.0,0.0
AC005224.3,-0.002861129,-16.29604,0.9977171525567463,1.0,0.0
AC092803.3,-0.002861129,-15.798343,0.9977171525567463,1.0,0.0
IL36G,-0.002861129,-17.210138,0.9977171525567463,1.0,0.0
DACT1,-0.002861129,-16.233717,0.9977171525567463,1.0,0.0
PLG,-0.002861129,-16.15131,0.9977171525567463,1.0,0.0
AR,-0.002861129,-17.298325,0.9977171525567463,1.0,0.0
SEC62-AS1,-0.002861129,-16.35191,0.9977171525567463,1.0,0.0
GPRC5D,-0.002861129,-16.593573,0.9977171525567463,1.0,0.0
AP001107.7,-0.002861129,-16.438606,0.9977171525567463,1.0,0.0
AL357153.2,-0.002861129,-17.07834,0.9977171525567463,1.0,0.0
AP001107.4,-0.002861129,-16.36714,0.9977171525567463,1.0,0.0
AC026726.1,-0.002861129,-15.670129,0.9977171525567463,1.0,0.0
AC022596.2,-0.002861129,-16.410465,0.9977171525567463,1.0,0.0
AL139021.1,-0.002861129,-16.90941,0.9977171525567463,1.0,0.0
AL356317.2,-0.002861129,-17.519901,0.9977171525567463,1.0,0.0
KIF25,-0.002861129,-16.727879,0.9977171525567463,1.0,0.0
SLC8A1-AS1,-0.002861129,-16.971256,0.9977171525567463,1.0,0.0
AL357552.2,-0.002861129,-16.68057,0.9977171525567463,1.0,0.0
CST6,-0.002861129,-16.509102,0.9977171525567463,1.0,0.0
AC127540.2,-0.002861129,-16.705328,0.9977171525567463,1.0,0.0
MIR583HG,-0.002861129,-17.249392,0.9977171525567463,1.0,0.0
ARR3,-0.002861129,-16.505095,0.9977171525567463,1.0,0.0
TMEM151A,-0.002861129,-17.052187,0.9977171525567463,1.0,0.0
AC005772.2,-0.002861129,-16.704542,0.9977171525567463,1.0,0.0
AL160191.1,-0.002861129,-16.840122,0.9977171525567463,1.0,0.0
AC005703.7,-0.002861129,-17.096226,0.9977171525567463,1.0,0.0
AC138028.5,-0.002861129,-17.357628,0.9977171525567463,1.0,0.0
AC243972.1,-0.002861129,-16.73099,0.9977171525567463,1.0,0.0
DGAT2L6,-0.002861129,-16.798605,0.9977171525567463,1.0,0.0
AC008080.3,-0.002861129,-16.505095,0.9977171525567463,1.0,0.0
OTUD6A,-0.002861129,-16.978296,0.9977171525567463,1.0,0.0
AWAT2,-0.002861129,-15.794651,0.9977171525567463,1.0,0.0
AL109933.5,-0.002861129,-16.997581,0.9977171525567463,1.0,0.0
OR4E1,-0.002861129,-16.700098,0.9977171525567463,1.0,0.0
C16orf92,-0.002861129,-17.081112,0.9977171525567463,1.0,0.0
ATG10-IT1,-0.002861129,-16.307587,0.9977171525567463,1.0,0.0
LINC01714,-0.002861129,-16.754604,0.9977171525567463,1.0,0.0
BRINP2,-0.002861129,-16.23049,0.9977171525567463,1.0,0.0
AC092134.3,-0.002861129,-16.691942,0.9977171525567463,1.0,0.0
DCDC1,-0.002861129,-17.191643,0.9977171525567463,1.0,0.0
AC107886.1,-0.002861129,-16.903027,0.9977171525567463,1.0,0.0
AL139230.1,-0.002861129,-16.580032,0.9977171525567463,1.0,0.0
ZBED9,-0.002861129,-16.902319,0.9977171525567463,1.0,0.0
AC006111.1,-0.002861129,-16.7518,0.9977171525567463,1.0,0.0
Z84484.1,-0.002861129,-15.724664,0.9977171525567463,1.0,0.0
LINC01287,-0.002861129,-16.58099,0.9977171525567463,1.0,0.0
DPEP2NB,-0.002861129,-17.09179,0.9977171525567463,1.0,0.0
S100A1,-0.002861129,-17.655727,0.9977171525567463,1.0,0.0
PXT1,-0.002861129,-17.083889,0.9977171525567463,1.0,0.0
DPP6,-0.002861129,-17.445997,0.9977171525567463,1.0,0.0
KEL,-0.002861129,-16.647432,0.9977171525567463,1.0,0.0
AP000356.1,-0.002861129,-16.53247,0.9977171525567463,1.0,0.0
LINC02105,-0.002861129,-16.485079,0.9977171525567463,1.0,0.0
LINC00868,-0.002861129,-16.841764,0.9977171525567463,1.0,0.0
NRXN1,-0.002861129,-16.648438,0.9977171525567463,1.0,0.0
AC072022.1,-0.002861129,-16.662165,0.9977171525567463,1.0,0.0
SEPTIN9-DT,-0.002861129,-17.303802,0.9977171525567463,1.0,0.0
GGT1,-0.002861129,-16.79898,0.9977171525567463,1.0,0.0
AC015802.1,-0.002861129,-16.389051,0.9977171525567463,1.0,0.0
AC064836.2,-0.002861129,-17.378561,0.9977171525567463,1.0,0.0
AC093620.1,-0.002861129,-17.406233,0.9977171525567463,1.0,0.0
LINC00601,-0.002861129,-16.66989,0.9977171525567463,1.0,0.0
MYO18B,-0.002861129,-16.9468,0.9977171525567463,1.0,0.0
AL022329.2,-0.002861129,-16.779652,0.9977171525567463,1.0,0.0
SRL,-0.002861129,-17.344948,0.9977171525567463,1.0,0.0
AL008721.1,-0.002861129,-17.021893,0.9977171525567463,1.0,0.0
GALR2,-0.002861129,-17.318434,0.9977171525567463,1.0,0.0
AL022324.3,-0.002861129,-17.333376,0.9977171525567463,1.0,0.0
BIRC6-AS1,-0.002861129,-17.016708,0.9977171525567463,1.0,0.0
AL359233.1,-0.002861129,-16.744947,0.9977171525567463,1.0,0.0
Z99916.1,-0.002861129,-16.81688,0.9977171525567463,1.0,0.0
AC090425.2,-0.002861129,-17.169071,0.9977171525567463,1.0,0.0
GALNTL5,-0.002861129,-17.291239,0.9977171525567463,1.0,0.0
IL9R,-0.002861129,-17.423313,0.9977171525567463,1.0,0.0
AL359732.1,-0.002861129,-16.599707,0.9977171525567463,1.0,0.0
AC009975.2,-0.002861129,-16.30412,0.9977171525567463,1.0,0.0
AL592146.1,-0.002861129,-17.310131,0.9977171525567463,1.0,0.0
C16orf90,-0.002861129,-16.690731,0.9977171525567463,1.0,0.0
AC099552.1,-0.002861129,-16.780022,0.9977171525567463,1.0,0.0
RPL34-AS1,-0.002861129,-17.314,0.9977171525567463,1.0,0.0
AC080075.1,-0.002861129,-17.065027,0.9977171525567463,1.0,0.0
AC063960.1,-0.002861129,-16.320816,0.9977171525567463,1.0,0.0
AL158068.2,-0.002861129,-16.57367,0.9977171525567463,1.0,0.0
C1orf68,-0.002861129,-17.167835,0.9977171525567463,1.0,0.0
LCE2A,-0.002861129,-16.216795,0.9977171525567463,1.0,0.0
AC079154.1,-0.002861129,-17.109032,0.9977171525567463,1.0,0.0
SNTN,-0.002861129,-17.034552,0.9977171525567463,1.0,0.0
GOLT1A,-0.002861129,-17.2053,0.9977171525567463,1.0,0.0
AC244250.4,-0.002861129,-17.003672,0.9977171525567463,1.0,0.0
VIPR2,-0.002861129,-16.243319,0.9977171525567463,1.0,0.0
LINC01849,-0.002861129,-16.252169,0.9977171525567463,1.0,0.0
BIN2,-0.002861129,-16.584585,0.9977171525567463,1.0,0.0
AL391425.1,-0.002861129,-16.17274,0.9977171525567463,1.0,0.0
LINC02493,-0.002861129,-17.09529,0.9977171525567463,1.0,0.0
RADIL,-0.002861129,-16.652466,0.9977171525567463,1.0,0.0
FLG,-0.002861129,-16.367823,0.9977171525567463,1.0,0.0
LCE1E,-0.002861129,-16.649359,0.9977171525567463,1.0,0.0
CTSE,-0.002861129,-16.710932,0.9977171525567463,1.0,0.0
AC021683.3,-0.002861129,-16.983978,0.9977171525567463,1.0,0.0
AC004067.1,-0.002861129,-17.01825,0.9977171525567463,1.0,0.0
SCAANT1,-0.002861129,-16.941587,0.9977171525567463,1.0,0.0
HEPACAM,-0.002861129,-16.67937,0.9977171525567463,1.0,0.0
AC021683.1,-0.002861129,-17.45897,0.9977171525567463,1.0,0.0
AL033528.2,-0.002861129,-17.260357,0.9977171525567463,1.0,0.0
ETNPPL,-0.002861129,-17.082037,0.9977171525567463,1.0,0.0
BX470102.1,-0.002861129,-16.337982,0.9977171525567463,1.0,0.0
COX7B2,-0.002861129,-17.662865,0.9977171525567463,1.0,0.0
SHH,-0.002861129,-16.785107,0.9977171525567463,1.0,0.0
AC012508.2,-0.002861129,-17.063772,0.9977171525567463,1.0,0.0
DRICH1,-0.002861129,-15.790423,0.9977171525567463,1.0,0.0
AC023593.1,-0.002861129,-16.757689,0.9977171525567463,1.0,0.0
AC023347.1,-0.002861129,-16.852627,0.9977171525567463,1.0,0.0
LINC01659,-0.002861129,-16.123407,0.9977171525567463,1.0,0.0
PKNOX2,-0.002861129,-15.343676,0.9977171525567463,1.0,0.0
PAPOLB,-0.002861129,-16.876202,0.9977171525567463,1.0,0.0
Z98949.3,-0.002861129,-17.26341,0.9977171525567463,1.0,0.0
LMO7DN,-0.002861129,-16.71295,0.9977171525567463,1.0,0.0
AL031280.1,-0.002861129,-17.05185,0.9977171525567463,1.0,0.0
AC244090.1,-0.002861129,-0.027560767,0.9977171525567463,1.0,0.09523809523809523
AC022431.1,-0.002861129,-16.870861,0.9977171525567463,1.0,0.0
AC008391.1,-0.002861129,-16.634432,0.9977171525567463,1.0,0.0
IL22RA1,-0.002861129,-16.898989,0.9977171525567463,1.0,0.0
AP001970.1,-0.002861129,-16.954659,0.9977171525567463,1.0,0.0
OR2A12,-0.002861129,-16.96807,0.9977171525567463,1.0,0.0
C14orf132,-0.002861129,-17.305862,0.9977171525567463,1.0,0.0
OR2A7,-0.002861129,-17.249392,0.9977171525567463,1.0,0.0
DRC7,-0.002861129,-16.411877,0.9977171525567463,1.0,0.0
AC004047.1,-0.002861129,-17.022335,0.9977171525567463,1.0,0.0
CCND2,-0.002861129,-16.906063,0.9977171525567463,1.0,0.0
AC074051.5,-0.002861129,-16.270802,0.9977171525567463,1.0,0.0
SEC14L3,-0.002861129,-17.01242,0.9977171525567463,1.0,0.0
NAGPA-AS1,-0.002861129,-18.19772,0.9977171525567463,1.0,0.0
CNTNAP2,-0.002861129,-17.59611,0.9977171525567463,1.0,0.0
ZNF853,-0.002861129,-17.502895,0.9977171525567463,1.0,0.0
C5orf60,-0.002861129,-16.67937,0.9977171525567463,1.0,0.0
AC004542.1,-0.002861129,-16.782423,0.9977171525567463,1.0,0.0
AC011120.1,-0.002861129,-16.405046,0.9977171525567463,1.0,0.0
AC007448.3,-0.002861129,-17.508215,0.9977171525567463,1.0,0.0
AC073342.2,-0.002861129,-16.964783,0.9977171525567463,1.0,0.0
AC087190.2,-0.002861129,-17.123636,0.9977171525567463,1.0,0.0
GH1,-0.002861129,-16.264944,0.9977171525567463,1.0,0.0
SCN4A,-0.002861129,-17.001276,0.9977171525567463,1.0,0.0
C22orf24,-0.002861129,-16.597605,0.9977171525567463,1.0,0.0
PKLR,-0.002861129,-17.074425,0.9977171525567463,1.0,0.0
CLCN1,-0.002861129,-16.879078,0.9977171525567463,1.0,0.0
AP006621.1,-0.002861129,-16.107244,0.9977171525567463,1.0,0.0
AL139020.1,-0.002861129,-16.719995,0.9977171525567463,1.0,0.0
AC008937.2,-0.002861129,-16.575735,0.9977171525567463,1.0,0.0
AL591002.1,-0.002861129,-16.252357,0.9977171525567463,1.0,0.0
AC020655.1,-0.002861129,-16.499441,0.9977171525567463,1.0,0.0
AC006947.1,-0.002861129,-17.184992,0.9977171525567463,1.0,0.0
LINC01136,-0.002861129,-17.366537,0.9977171525567463,1.0,0.0
AP002762.2,-0.002861129,-16.652634,0.9977171525567463,1.0,0.0
AC080037.2,-0.002861129,-16.621305,0.9977171525567463,1.0,0.0
AC004832.4,-0.002861129,-16.641417,0.9977171525567463,1.0,0.0
CRYBB1,-0.002861129,-17.128181,0.9977171525567463,1.0,0.0
AC002059.1,-0.002861129,-17.118631,0.9977171525567463,1.0,0.0
C22orf31,-0.002861129,-16.880072,0.9977171525567463,1.0,0.0
LINC01166,-0.002861129,-16.94367,0.9977171525567463,1.0,0.0
UBE2Q1-AS1,-0.002861129,-17.047222,0.9977171525567463,1.0,0.0
PDE6B,-0.002861129,-17.232664,0.9977171525567463,1.0,0.0
BCL11B,-0.002861129,-16.05469,0.9977171525567463,1.0,0.0
AC011933.4,-0.002861129,-16.597927,0.9977171525567463,1.0,0.0
AC008243.1,-0.002861129,-16.55108,0.9977171525567463,1.0,0.0
AC139491.3,-0.002861129,-16.736698,0.9977171525567463,1.0,0.0
AC099314.1,-0.002861129,-16.490671,0.9977171525567463,1.0,0.0
AC092118.1,-0.002861129,-16.676203,0.9977171525567463,1.0,0.0
AC010973.1,-0.002861129,-17.68118,0.9977171525567463,1.0,0.0
AQP6,-0.002861129,-17.323164,0.9977171525567463,1.0,0.0
AL161717.1,-0.002861129,-16.585625,0.9977171525567463,1.0,0.0
AL136441.1,-0.002861129,-16.394617,0.9977171525567463,1.0,0.0
Z97353.2,-0.002861129,-17.332815,0.9977171525567463,1.0,0.0
AL592071.1,-0.002861129,-16.341064,0.9977171525567463,1.0,0.0
AL592078.1,-0.002861129,-16.958447,0.9977171525567463,1.0,0.0
AC068282.2,-0.002861129,-15.794651,0.9977171525567463,1.0,0.0
AC005586.1,-0.002861129,-16.358553,0.9977171525567463,1.0,0.0
LIF-AS1,-0.002861129,-16.675604,0.9977171525567463,1.0,0.0
AC020612.4,-0.002861129,-16.44604,0.9977171525567463,1.0,0.0
SDK2,-0.002861129,-17.159832,0.9977171525567463,1.0,0.0
IL1R2,-0.002861129,-16.514717,0.9977171525567463,1.0,0.0
AC002378.1,-0.002861129,-16.672615,0.9977171525567463,1.0,0.0
ODF3,-0.002861129,-16.246952,0.9977171525567463,1.0,0.0
AC121493.1,-0.002861129,-16.415625,0.9977171525567463,1.0,0.0
AC004882.1,-0.002861129,-16.517153,0.9977171525567463,1.0,0.0
AL137786.3,-0.002861129,-17.610607,0.9977171525567463,1.0,0.0
CFAP100,-0.002861129,-17.210905,0.9977171525567463,1.0,0.0
AC004877.1,-0.002861129,-16.86289,0.9977171525567463,1.0,0.0
HID1-AS1,-0.002861129,-16.606354,0.9977171525567463,1.0,0.0
AL138916.2,-0.002861129,-17.157257,0.9977171525567463,1.0,0.0
AL360181.1,-0.002861129,-16.926174,0.9977171525567463,1.0,0.0
OR8G1,-0.002861129,-15.994768,0.9977171525567463,1.0,0.0
AC093627.4,-0.002861129,-16.891449,0.9977171525567463,1.0,0.0
AC011284.1,-0.002861129,-16.387524,0.9977171525567463,1.0,0.0
SLC6A13,-0.002861129,-16.614096,0.9977171525567463,1.0,0.0
SPINK2,-0.002861129,-16.716469,0.9977171525567463,1.0,0.0
C6,-0.002861129,-16.461905,0.9977171525567463,1.0,0.0
AL669831.2,-0.002861129,-16.187634,0.9977171525567463,1.0,0.0
AP005329.2,-0.002861129,-16.188354,0.9977171525567463,1.0,0.0
AL035446.1,-0.002861129,-16.669464,0.9977171525567463,1.0,0.0
LINC01895,-0.002861129,-16.770182,0.9977171525567463,1.0,0.0
THEGL,-0.002861129,-15.843553,0.9977171525567463,1.0,0.0
AL121809.2,-0.002861129,-16.421085,0.9977171525567463,1.0,0.0
AC019270.1,-0.002861129,-16.866722,0.9977171525567463,1.0,0.0
ADAMTS15,-0.002861129,-16.499441,0.9977171525567463,1.0,0.0
NOXO1,-0.002861129,-16.734913,0.9977171525567463,1.0,0.0
ELOVL3,-0.002861129,-16.948786,0.9977171525567463,1.0,0.0
FCN3,-0.002861129,-15.930254,0.9977171525567463,1.0,0.0
AC022832.2,-0.002861129,-17.080997,0.9977171525567463,1.0,0.0
LINC01664,-0.002861129,-16.239758,0.9977171525567463,1.0,0.0
EPB41L3,-0.002861129,-16.757505,0.9977171525567463,1.0,0.0
AC096576.6,-0.002861129,-16.391832,0.9977171525567463,1.0,0.0
FAM230J,-0.002861129,-15.516837,0.9977171525567463,1.0,0.0
CISTR,-0.002861129,-16.785107,0.9977171525567463,1.0,0.0
FAM230A,-0.002861129,-16.507814,0.9977171525567463,1.0,0.0
AL031778.1,-0.002861129,-17.687159,0.9977171525567463,1.0,0.0
TREML1,-0.002861129,-16.701925,0.9977171525567463,1.0,0.0
AC009065.1,-0.002861129,-16.276814,0.9977171525567463,1.0,0.0
LEMD1,-0.002861129,-16.544228,0.9977171525567463,1.0,0.0
AL590133.1,-0.002861129,-17.480736,0.9977171525567463,1.0,0.0
TP53AIP1,-0.002861129,-17.041489,0.9977171525567463,1.0,0.0
LINC02333,-0.002861129,-17.590393,0.9977171525567463,1.0,0.0
KCNN2,-0.002861129,-15.222498,0.9977171525567463,1.0,0.0
AC079447.1,-0.002861129,-17.232534,0.9977171525567463,1.0,0.0
TRIM36-IT1,-0.002861129,-16.614096,0.9977171525567463,1.0,0.0
AC107918.6,-0.002861129,-16.168226,0.9977171525567463,1.0,0.0
AL356608.1,-0.002861129,-16.145813,0.9977171525567463,1.0,0.0
TREML4,-0.002861129,-16.139235,0.9977171525567463,1.0,0.0
GLB1L3,-0.002861129,-16.669464,0.9977171525567463,1.0,0.0
LINC00470,-0.002861129,-16.421654,0.9977171525567463,1.0,0.0
MSR1,-0.002861129,-16.087284,0.9977171525567463,1.0,0.0
TMEM121B,-0.002861129,-16.1553,0.9977171525567463,1.0,0.0
AC000072.1,-0.002861129,-16.457884,0.9977171525567463,1.0,0.0
AC023794.3,-0.002861129,-16.669718,0.9977171525567463,1.0,0.0
AP000542.3,-0.002861129,-17.318573,0.9977171525567463,1.0,0.0
AP001381.1,-0.002861129,-16.289106,0.9977171525567463,1.0,0.0
FO393419.2,-0.002861129,-16.430784,0.9977171525567463,1.0,0.0
FGR,-0.002861129,-16.657349,0.9977171525567463,1.0,0.0
AP003025.1,-0.002861129,-17.566948,0.9977171525567463,1.0,0.0
IGFALS,-0.002861129,-17.165121,0.9977171525567463,1.0,0.0
LINC01254,-0.002861129,-16.804419,0.9977171525567463,1.0,0.0
LINC02574,-0.002861129,-15.797795,0.9977171525567463,1.0,0.0
AL445490.1,-0.002861129,-16.566784,0.9977171525567463,1.0,0.0
CSGALNACT1,-0.002861129,-17.14944,0.9977171525567463,1.0,0.0
SLC35G4,-0.002861129,-15.805801,0.9977171525567463,1.0,0.0
AC093277.1,-0.002861129,-17.01385,0.9977171525567463,1.0,0.0
CDH11,-0.002861129,-16.168226,0.9977171525567463,1.0,0.0
AC106864.1,-0.002861129,-16.873035,0.9977171525567463,1.0,0.0
C13orf42,-0.002861129,-16.522495,0.9977171525567463,1.0,0.0
FAM242C,-0.002861129,-17.469883,0.9977171525567463,1.0,0.0
SLC36A2,-0.002861129,-16.418955,0.9977171525567463,1.0,0.0
LINC00668,-0.002861129,-16.545782,0.9977171525567463,1.0,0.0
AC027117.1,-0.002861129,-16.903936,0.9977171525567463,1.0,0.0
AC011586.1,-0.002861129,-16.986559,0.9977171525567463,1.0,0.0
AC007064.2,-0.002861129,-16.883455,0.9977171525567463,1.0,0.0
AL592429.2,-0.002861129,-16.429354,0.9977171525567463,1.0,0.0
HOXC6,-0.002861129,-16.61745,0.9977171525567463,1.0,0.0
C11orf44,-0.002861129,-17.073505,0.9977171525567463,1.0,0.0
AC106053.1,-0.002861129,-16.686417,0.9977171525567463,1.0,0.0
CCT8L2,-0.002861129,-17.036674,0.9977171525567463,1.0,0.0
HOXC8,-0.002861129,-16.788445,0.9977171525567463,1.0,0.0
AP001094.1,-0.002861129,-17.508215,0.9977171525567463,1.0,0.0
AL121809.1,-0.002861129,-17.123398,0.9977171525567463,1.0,0.0
AP001793.1,-0.002861129,-16.859753,0.9977171525567463,1.0,0.0
ACADL,-0.002861129,-17.160568,0.9977171525567463,1.0,0.0
LINC00501,-0.002861129,-16.617777,0.9977171525567463,1.0,0.0
AC092839.1,-0.002861129,-17.080881,0.9977171525567463,1.0,0.0
AC040174.1,-0.002861129,-16.53571,0.9977171525567463,1.0,0.0
AL161669.3,-0.002861129,-17.221546,0.9977171525567463,1.0,0.0
LINC00266-4P,-0.002861129,-17.279066,0.9977171525567463,1.0,0.0
AC005355.1,-0.002861129,-17.22748,0.9977171525567463,1.0,0.0
EPHB1,-0.002861129,-16.272335,0.9977171525567463,1.0,0.0
KBTBD11-OT1,-0.002861129,-17.236174,0.9977171525567463,1.0,0.0
AP000553.3,-0.002861129,-16.840412,0.9977171525567463,1.0,0.0
AC245164.2,-0.002861129,-16.614504,0.9977171525567463,1.0,0.0
AP000821.2,-0.002861129,-15.763896,0.9977171525567463,1.0,0.0
AC009118.1,-0.002861129,-16.629547,0.9977171525567463,1.0,0.0
RTL1,-0.002861129,-16.634764,0.9977171525567463,1.0,0.0
AC246817.1,-0.002861129,-17.109505,0.9977171525567463,1.0,0.0
RIMBP3C,-0.002861129,-16.447994,0.9977171525567463,1.0,0.0
AC012470.1,-0.002861129,-17.565931,0.9977171525567463,1.0,0.0
AC027601.2,-0.002861129,-16.779837,0.9977171525567463,1.0,0.0
AC092574.2,-0.002861129,-16.256582,0.9977171525567463,1.0,0.0
AC022068.1,-0.002861129,-16.41322,0.9977171525567463,1.0,0.0
LINC02626,-0.002861129,-17.258368,0.9977171525567463,1.0,0.0
PCDH9-AS1,-0.002861129,-15.372596,0.9977171525567463,1.0,0.0
AC110285.1,-0.002861129,-16.575417,0.9977171525567463,1.0,0.0
AC019257.1,-0.002861129,-16.78039,0.9977171525567463,1.0,0.0
AL512306.3,-0.002861129,-16.860636,0.9977171525567463,1.0,0.0
LINC01971,-0.002861129,-16.60969,0.9977171525567463,1.0,0.0
EMX2,-0.002861129,-17.927406,0.9977171525567463,1.0,0.0
SDK1,-0.002861129,-18.19772,0.9977171525567463,1.0,0.0
AC004908.1,-0.002861129,-16.555382,0.9977171525567463,1.0,0.0
AL451054.4,-0.002861129,-16.770824,0.9977171525567463,1.0,0.0
OR1F1,-0.002861129,-17.31566,0.9977171525567463,1.0,0.0
AJ003147.1,-0.002861129,-17.101028,0.9977171525567463,1.0,0.0
FAM87A,-0.002861129,-16.61794,0.9977171525567463,1.0,0.0
SLC6A12,-0.002861129,-16.926277,0.9977171525567463,1.0,0.0
AC245060.2,-0.002861129,-16.589954,0.9977171525567463,1.0,0.0
AC100797.1,-0.002861129,-16.74828,0.9977171525567463,1.0,0.0
AL117190.2,-0.002861129,-16.703495,0.9977171525567463,1.0,0.0
LINC02809,-0.002861129,-16.886248,0.9977171525567463,1.0,0.0
AC122694.1,-0.002861129,-17.618364,0.9977171525567463,1.0,0.0
AL606489.1,-0.002861129,-16.854088,0.9977171525567463,1.0,0.0
AP000842.1,-0.002861129,-16.435156,0.9977171525567463,1.0,0.0
AC016245.1,-0.002861129,-16.870861,0.9977171525567463,1.0,0.0
C12orf80,-0.002861129,-16.121569,0.9977171525567463,1.0,0.0
PRSS22,-0.002861129,-16.314877,0.9977171525567463,1.0,0.0
SOAT2,-0.002861129,-17.212694,0.9977171525567463,1.0,0.0
LBHD2,-0.002861129,-16.574066,0.9977171525567463,1.0,0.0
TTTY14,-0.002861129,-17.037008,0.9977171525567463,1.0,0.0
PRSS51,-0.002861129,-17.263811,0.9977171525567463,1.0,0.0
AL390800.1,-0.002861129,-16.747288,0.9977171525567463,1.0,0.0
EXOC3L4,-0.002861129,-16.707077,0.9977171525567463,1.0,0.0
AC124283.2,-0.002861129,-17.029985,0.9977171525567463,1.0,0.0
AC009494.2,-0.002861129,-16.740368,0.9977171525567463,1.0,0.0
AC007879.5,-0.002861129,-16.708302,0.9977171525567463,1.0,0.0
AC000068.2,-0.002861129,-16.681944,0.9977171525567463,1.0,0.0
C8orf74,-0.002861129,-18.031338,0.9977171525567463,1.0,0.0
AC000068.3,-0.002861129,-15.766839,0.9977171525567463,1.0,0.0
ZNF750,-0.002861129,-16.75198,0.9977171525567463,1.0,0.0
AL023584.1,-0.002861129,-16.256582,0.9977171525567463,1.0,0.0
AC011008.1,-0.002861129,-16.547338,0.9977171525567463,1.0,0.0
AP003062.2,-0.002861129,-16.519821,0.9977171525567463,1.0,0.0
LEMD1-AS1,-0.002861129,-15.994768,0.9977171525567463,1.0,0.0
AC079200.1,-0.002861129,-17.159342,0.9977171525567463,1.0,0.0
AL049828.2,-0.002861129,-16.65912,0.9977171525567463,1.0,0.0
LINC02285,-0.002861129,-16.361273,0.9977171525567463,1.0,0.0
AL136360.2,-0.002861129,-16.726458,0.9977171525567463,1.0,0.0
EGF,-0.002861129,-17.009243,0.9977171525567463,1.0,0.0
PLEKHS1,-0.002861129,-16.605703,0.9977171525567463,1.0,0.0
AC007663.4,-0.002861129,-16.216795,0.9977171525567463,1.0,0.0
AL589765.4,-0.002861129,-17.12866,0.9977171525567463,1.0,0.0
AC121757.2,-0.002861129,-16.838001,0.9977171525567463,1.0,0.0
DYTN,-0.002861129,-16.63468,0.9977171525567463,1.0,0.0
CD52,-0.002861129,-17.61307,0.9977171525567463,1.0,0.0
AL139120.1,-0.002861129,-16.671762,0.9977171525567463,1.0,0.0
LINC02026,-0.002861129,-16.07203,0.9977171525567463,1.0,0.0
AL589765.1,-0.002861129,-16.923912,0.9977171525567463,1.0,0.0
AC087269.1,-0.002861129,-17.175392,0.9977171525567463,1.0,0.0
LINC02338,-0.002861129,-16.419878,0.9977171525567463,1.0,0.0
AL512306.2,-0.002861129,-16.280985,0.9977171525567463,1.0,0.0
CD7,-0.002861129,-17.219358,0.9977171525567463,1.0,0.0
AC034111.2,-0.002861129,-16.843891,0.9977171525567463,1.0,0.0
TAS2R39,-0.002861129,-16.764057,0.9977171525567463,1.0,0.0
LINC02503,-0.002861129,-16.82936,0.9977171525567463,1.0,0.0
AC091053.2,-0.002861129,-17.19479,0.9977171525567463,1.0,0.0
AC079776.5,-0.002861129,-16.546328,0.9977171525567463,1.0,0.0
Z83847.1,-0.002861129,-16.345972,0.9977171525567463,1.0,0.0
AC009464.1,-0.002861129,-17.398073,0.9977171525567463,1.0,0.0
HP,-0.002861129,-17.422108,0.9977171525567463,1.0,0.0
NIPAL4,-0.002861129,-17.188501,0.9977171525567463,1.0,0.0
AC008073.1,-0.002861129,-16.590437,0.9977171525567463,1.0,0.0
AL512791.1,-0.002861129,-16.758596,0.9977171525567463,1.0,0.0
AC073973.1,-0.002861129,-16.142141,0.9977171525567463,1.0,0.0
AC087071.2,-0.002861129,-16.581789,0.9977171525567463,1.0,0.0
DOCK9-AS1,-0.002861129,-16.246765,0.9977171525567463,1.0,0.0
CPA4,-0.002861129,-16.230429,0.9977171525567463,1.0,0.0
AC025031.2,-0.002861129,-16.591722,0.9977171525567463,1.0,0.0
C5orf64,-0.002861129,-16.902521,0.9977171525567463,1.0,0.0
AC027801.1,-0.002861129,-17.12866,0.9977171525567463,1.0,0.0
PKD1L3,-0.002861129,-16.74405,0.9977171525567463,1.0,0.0
AC025031.1,-0.002861129,-16.980974,0.9977171525567463,1.0,0.0
AC009087.1,-0.002861129,-17.313446,0.9977171525567463,1.0,0.0
AC009075.1,-0.002861129,-16.579315,0.9977171525567463,1.0,0.0
AC009244.2,-0.002861129,-16.452713,0.9977171525567463,1.0,0.0
AC109925.2,-0.002861129,-16.174467,0.9977171525567463,1.0,0.0
LINC01568,-0.002861129,-16.292212,0.9977171525567463,1.0,0.0
NPIPA3,-0.002861129,-16.420517,0.9977171525567463,1.0,0.0
KLHDC7A,-0.002861129,-16.561975,0.9977171525567463,1.0,0.0
AC124276.1,-0.002861129,-16.931843,0.9977171525567463,1.0,0.0
CAPN8,-0.002861129,-17.19479,0.9977171525567463,1.0,0.0
AC117488.1,-0.002861129,-17.143124,0.9977171525567463,1.0,0.0
MT1M,-0.002861129,-17.17415,0.9977171525567463,1.0,0.0
LINC02829,-0.002861129,-17.275839,0.9977171525567463,1.0,0.0
PNMA6A,-0.002861129,-16.771374,0.9977171525567463,1.0,0.0
MT1B,-0.002861129,-16.888346,0.9977171525567463,1.0,0.0
NELL2,-0.002861129,-16.50057,0.9977171525567463,1.0,0.0
AC011005.1,-0.002861129,-16.804419,0.9977171525567463,1.0,0.0
AC005014.4,-0.002861129,-17.037905,0.9977171525567463,1.0,0.0
OR10K2,-0.002861129,-16.084042,0.9977171525567463,1.0,0.0
AC007938.1,-0.002861129,-16.820583,0.9977171525567463,1.0,0.0
SYT2,-0.002861129,-16.686848,0.9977171525567463,1.0,0.0
LINC02450,-0.002861129,-17.177505,0.9977171525567463,1.0,0.0
INSM2,-0.002861129,-16.700184,0.9977171525567463,1.0,0.0
AL021707.3,-0.002861129,-17.084005,0.9977171525567463,1.0,0.0
CACNA1G-AS1,-0.002861129,-16.593573,0.9977171525567463,1.0,0.0
CACNA1G,-0.002861129,-16.86613,0.9977171525567463,1.0,0.0
AC108159.1,-0.002861129,-16.487835,0.9977171525567463,1.0,0.0
AC009365.4,-0.002861129,-17.59924,0.9977171525567463,1.0,0.0
RAET1E-AS1,-0.002861129,-16.637337,0.9977171525567463,1.0,0.0
PDZD3,-0.002861129,-16.676203,0.9977171525567463,1.0,0.0
OR2D3,-0.002861129,-17.06697,0.9977171525567463,1.0,0.0
KCNJ4,-0.002861129,-16.55452,0.9977171525567463,1.0,0.0
AC007598.1,-0.002861129,-15.970286,0.9977171525567463,1.0,0.0
AC005920.3,-0.002861129,-16.822771,0.9977171525567463,1.0,0.0
AC005920.2,-0.002861129,-16.639168,0.9977171525567463,1.0,0.0
Z97056.2,-0.002861129,-16.778637,0.9977171525567463,1.0,0.0
AC007598.2,-0.002861129,-16.927511,0.9977171525567463,1.0,0.0
AL442067.2,-0.002861129,-16.71462,0.9977171525567463,1.0,0.0
AC110809.1,-0.002861129,-16.66581,0.9977171525567463,1.0,0.0
AC107884.2,-0.002861129,-16.919504,0.9977171525567463,1.0,0.0
LINC00960,-0.002861129,-16.35543,0.9977171525567463,1.0,0.0
AL096869.1,-0.002861129,-17.239824,0.9977171525567463,1.0,0.0
AC079296.1,-0.002861129,-16.985483,0.9977171525567463,1.0,0.0
STPG2,-0.002861129,-16.985374,0.9977171525567463,1.0,0.0
AC108690.1,-0.002861129,-17.029985,0.9977171525567463,1.0,0.0
LINC02319,-0.002861129,-16.361,0.9977171525567463,1.0,0.0
VWA5B1,-0.002861129,-17.549448,0.9977171525567463,1.0,0.0
SMIM40,-0.002861129,-16.709352,0.9977171525567463,1.0,0.0
ROBO1,-0.002861129,-16.8681,0.9977171525567463,1.0,0.0
SPTSSB,-0.002861129,-17.285137,0.9977171525567463,1.0,0.0
AC099550.1,-0.002861129,-16.701403,0.9977171525567463,1.0,0.0
AL022318.5,-0.002861129,-17.078226,0.9977171525567463,1.0,0.0
SLC12A3,-0.002861129,-16.31936,0.9977171525567463,1.0,0.0
AL139193.2,-0.002861129,-15.948555,0.9977171525567463,1.0,0.0
AC021491.4,-0.002861129,-15.571225,0.9977171525567463,1.0,0.0
OR10A6,-0.002861129,-17.542782,0.9977171525567463,1.0,0.0
CLYBL-AS2,-0.002861129,-16.890148,0.9977171525567463,1.0,0.0
TH2LCRR,-0.002861129,-16.336777,0.9977171525567463,1.0,0.0
AC007638.2,-0.002861129,-16.49254,0.9977171525567463,1.0,0.0
AC099508.2,-0.002861129,-16.238697,0.9977171525567463,1.0,0.0
AC139493.2,-0.002861129,-16.001179,0.9977171525567463,1.0,0.0
AC009163.6,-0.002861129,-16.03951,0.9977171525567463,1.0,0.0
HLA-DOA,-0.002861129,-16.60855,0.9977171525567463,1.0,0.0
FXYD6,-0.002861129,-16.707077,0.9977171525567463,1.0,0.0
AC084117.1,-0.002861129,-15.946982,0.9977171525567463,1.0,0.0
AL590560.5,-0.002861129,-16.663605,0.9977171525567463,1.0,0.0
ZBBX,-0.002861129,-16.784922,0.9977171525567463,1.0,0.0
WNT9B,-0.002861129,-17.01242,0.9977171525567463,1.0,0.0
AL590235.1,-0.002861129,-17.451231,0.9977171525567463,1.0,0.0
LINC02331,-0.002861129,-17.154076,0.9977171525567463,1.0,0.0
AC006148.1,-0.002861129,-16.249212,0.9977171525567463,1.0,0.0
C7orf77,-0.002861129,-16.142141,0.9977171525567463,1.0,0.0
PADI2,-0.002861129,-16.649359,0.9977171525567463,1.0,0.0
OTOG,-0.002861129,-16.712599,0.9977171525567463,1.0,0.0
PCCA-AS1,-0.002861129,-16.506907,0.9977171525567463,1.0,0.0
AC027544.2,-0.002861129,-16.214035,0.9977171525567463,1.0,0.0
AP000892.1,-0.002861129,-17.306002,0.9977171525567463,1.0,0.0
AL359792.1,-0.002861129,-17.132982,0.9977171525567463,1.0,0.0
AL121987.1,-0.002861129,-16.544228,0.9977171525567463,1.0,0.0
TMPRSS11A,-0.002861129,-16.992706,0.9977171525567463,1.0,0.0
AFF2,-0.002861129,-16.207617,0.9977171525567463,1.0,0.0
AL138733.1,-0.002861129,-17.413397,0.9977171525567463,1.0,0.0
TMPRSS11D,-0.002861129,-16.468655,0.9977171525567463,1.0,0.0
TMEM88B,-0.002861129,-16.609446,0.9977171525567463,1.0,0.0
KCNJ9,-0.002861129,-16.62328,0.9977171525567463,1.0,0.0
AC091132.1,-0.002861129,-15.583416,0.9977171525567463,1.0,0.0
MAPT-IT1,-0.002861129,-16.575417,0.9977171525567463,1.0,0.0
AC126544.2,-0.002861129,-17.378708,0.9977171525567463,1.0,0.0
CSRP3-AS1,-0.002861129,-16.87027,0.9977171525567463,1.0,0.0
CSRP3,-0.002861129,-16.313034,0.9977171525567463,1.0,0.0
MSTN,-0.002861129,-16.5113,0.9977171525567463,1.0,0.0
AC103974.2,-0.002861129,-16.362839,0.9977171525567463,1.0,0.0
PTPN5,-0.002861129,-15.981929,0.9977171525567463,1.0,0.0
AC254562.3,-0.002861129,-16.744497,0.9977171525567463,1.0,0.0
HCG24,-0.002861129,-16.60855,0.9977171525567463,1.0,0.0
AL023553.1,-0.002861129,-16.689003,0.9977171525567463,1.0,0.0
AC007126.1,-0.002861129,-16.50532,0.9977171525567463,1.0,0.0
AC138932.2,-0.002861129,-17.42452,0.9977171525567463,1.0,0.0
ACKR1,-0.002861129,-16.289106,0.9977171525567463,1.0,0.0
CSAG1,-0.002861129,-17.934244,0.9977171525567463,1.0,0.0
AC067945.3,-0.002861129,-16.207617,0.9977171525567463,1.0,0.0
LINC02548,-0.002861129,-16.142141,0.9977171525567463,1.0,0.0
AC018878.1,-0.002861129,-17.061266,0.9977171525567463,1.0,0.0
NBAT1,-0.002861129,-17.170307,0.9977171525567463,1.0,0.0
HPGDS,-0.002861129,-16.41329,0.9977171525567463,1.0,0.0
STAT4,-0.002861129,-16.657854,0.9977171525567463,1.0,0.0
AC136443.3,-0.002861129,-16.362293,0.9977171525567463,1.0,0.0
AC019117.2,-0.002861129,-17.364952,0.9977171525567463,1.0,0.0
AC004477.2,-0.002861129,-17.626884,0.9977171525567463,1.0,0.0
AC013549.1,-0.002861129,-16.93536,0.9977171525567463,1.0,0.0
ARHGEF10L,-0.002861129,-17.420902,0.9977171525567463,1.0,0.0
AL121768.1,-0.002861129,-16.037941,0.9977171525567463,1.0,0.0
MACC1-AS1,-0.002861129,-16.718937,0.9977171525567463,1.0,0.0
LINC02613,-0.002861129,-16.165916,0.9977171525567463,1.0,0.0
AC099342.1,-0.002861129,-17.48612,0.9977171525567463,1.0,0.0
COL11A2,-0.002861129,-17.233183,0.9977171525567463,1.0,0.0
PADI1,-0.002861129,-16.250847,0.9977171525567463,1.0,0.0
AC040934.1,-0.002861129,-16.001179,0.9977171525567463,1.0,0.0
SRD5A2,-0.002861129,-15.877647,0.9977171525567463,1.0,0.0
AC006460.1,-0.002861129,-16.27061,0.9977171525567463,1.0,0.0
SLAMF8,-0.002861129,-16.522188,0.9977171525567463,1.0,0.0
AC073848.1,-0.002861129,-16.405327,0.9977171525567463,1.0,0.0
AC092546.1,-0.002861129,-16.682201,0.9977171525567463,1.0,0.0
AC113348.3,-0.002861129,-16.824774,0.9977171525567463,1.0,0.0
GABRE,-0.002861129,-15.971421,0.9977171525567463,1.0,0.0
AL353697.1,-0.002861129,-16.806675,0.9977171525567463,1.0,0.0
AL162171.2,-0.002861129,-16.669548,0.9977171525567463,1.0,0.0
AC090630.1,-0.002861129,-17.453392,0.9977171525567463,1.0,0.0
POTEI,-0.002861129,-16.648186,0.9977171525567463,1.0,0.0
AL392172.2,-0.002861129,-15.417259,0.9977171525567463,1.0,0.0
GXYLT2,-0.002861129,-17.194538,0.9977171525567463,1.0,0.0
AP003110.1,-0.002861129,-17.46457,0.9977171525567463,1.0,0.0
GAPT,-0.002861129,-16.418955,0.9977171525567463,1.0,0.0
OR52N4,-0.002861129,-16.230429,0.9977171525567463,1.0,0.0
AL162456.1,-0.002861129,-16.745398,0.9977171525567463,1.0,0.0
AC127526.4,-0.002861129,-16.645256,0.9977171525567463,1.0,0.0
TAS2R5,-0.002861129,-16.660643,0.9977171525567463,1.0,0.0
AC005962.1,-0.002861129,-17.453392,0.9977171525567463,1.0,0.0
AC025048.7,-0.002861129,-16.271631,0.9977171525567463,1.0,0.0
AC123788.1,-0.002861129,-16.758596,0.9977171525567463,1.0,0.0
GDF9,-0.002861129,-16.569944,0.9977171525567463,1.0,0.0
AC099489.3,-0.002861129,-16.67937,0.9977171525567463,1.0,0.0
MRGPRE,-0.002861129,-15.538953,0.9977171525567463,1.0,0.0
LINC01999,-0.002861129,-17.29056,0.9977171525567463,1.0,0.0
BANK1,-0.002861129,-16.951824,0.9977171525567463,1.0,0.0
OR52H1,-0.002861129,-17.053093,0.9977171525567463,1.0,0.0
OR52B6,-0.002861129,-17.445997,0.9977171525567463,1.0,0.0
LINCADL,-0.002861129,-15.789833,0.9977171525567463,1.0,0.0
AC005746.3,-0.002861129,-16.893255,0.9977171525567463,1.0,0.0
AC012506.4,-0.002861129,-16.705242,0.9977171525567463,1.0,0.0
COL2A1,-0.002861129,-16.663435,0.9977171525567463,1.0,0.0
ARL14EPL,-0.002861129,-17.146763,0.9977171525567463,1.0,0.0
AL365181.4,-0.002861129,-16.422295,0.9977171525567463,1.0,0.0
AC010240.3,-0.002861129,-16.50253,0.9977171525567463,1.0,0.0
HBG2,-0.002861129,-16.7021,0.9977171525567463,1.0,0.0
AC106822.1,-0.002861129,-17.342115,0.9977171525567463,1.0,0.0
CCDC197,-0.002861129,-17.444769,0.9977171525567463,1.0,0.0
AC004687.3,-0.002861129,-17.22748,0.9977171525567463,1.0,0.0
TSPOAP1,-0.002861129,-16.488283,0.9977171525567463,1.0,0.0
AL139381.1,-0.002861129,-16.618433,0.9977171525567463,1.0,0.0
SOX21,-0.002861129,-16.644337,0.9977171525567463,1.0,0.0
POU2F3,-0.002861129,-17.50531,0.9977171525567463,1.0,0.0
OR51B4,-0.002861129,-17.04497,0.9977171525567463,1.0,0.0
PPFIA4,-0.002861129,-17.25308,0.9977171525567463,1.0,0.0
AC006452.1,-0.002861129,-16.922579,0.9977171525567463,1.0,0.0
OR51L1,-0.002861129,-16.846214,0.9977171525567463,1.0,0.0
AC092902.6,-0.002861129,-16.720173,0.9977171525567463,1.0,0.0
AP003390.1,-0.002861129,-17.3638,0.9977171525567463,1.0,0.0
CCDC184,-0.002861129,-16.879972,0.9977171525567463,1.0,0.0
PPP1R2B,-0.002861129,-16.44604,0.9977171525567463,1.0,0.0
NKX2-5,-0.002861129,-16.434223,0.9977171525567463,1.0,0.0
CACNG2,-0.002861129,-16.745398,0.9977171525567463,1.0,0.0
AC007220.2,-0.002861129,-17.409512,0.9977171525567463,1.0,0.0
AC011752.1,-0.002861129,-16.455042,0.9977171525567463,1.0,0.0
RHBG,-0.002861129,-16.981724,0.9977171525567463,1.0,0.0
MPO,-0.002861129,-16.780207,0.9977171525567463,1.0,0.0
AC090587.2,-0.002861129,-16.567335,0.9977171525567463,1.0,0.0
AL160159.1,-0.002861129,-16.166449,0.9977171525567463,1.0,0.0
AL354811.1,-0.002861129,-16.28272,0.9977171525567463,1.0,0.0
AC015813.4,-0.002861129,-16.577007,0.9977171525567463,1.0,0.0
HBG1,-0.002861129,-16.691769,0.9977171525567463,1.0,0.0
BPIFC,-0.002861129,-16.25242,0.9977171525567463,1.0,0.0
OXGR1,-0.002861129,-16.881563,0.9977171525567463,1.0,0.0
SLC49A3,-0.002861129,-16.892855,0.9977171525567463,1.0,0.0
H19,-0.002861129,-16.873726,0.9977171525567463,1.0,0.0
AC068733.1,-0.002861129,-17.107498,0.9977171525567463,1.0,0.0
GPR17,-0.002861129,-17.241917,0.9977171525567463,1.0,0.0
KCNH6,-0.002861129,-16.610422,0.9977171525567463,1.0,0.0
LINC01965,-0.002861129,-16.632772,0.9977171525567463,1.0,0.0
AL353581.1,-0.002861129,-17.32861,0.9977171525567463,1.0,0.0
AC034236.3,-0.002861129,-16.950565,0.9977171525567463,1.0,0.0
SYN3,-0.002861129,-17.450768,0.9977171525567463,1.0,0.0
AC004948.1,-0.002861129,-16.962244,0.9977171525567463,1.0,0.0
AC068580.5,-0.002861129,-16.606922,0.9977171525567463,1.0,0.0
AC068580.3,-0.002861129,-17.247026,0.9977171525567463,1.0,0.0
PDZD4,-0.002861129,-17.368267,0.9977171525567463,1.0,0.0
STON1-GTF2A1L,-0.002861129,-17.686598,0.9977171525567463,1.0,0.0
GRM4,-0.002861129,-15.40578,0.9977171525567463,1.0,0.0
TMEM108-AS1,-0.002861129,-16.499517,0.9977171525567463,1.0,0.0
AC004466.3,-0.002861129,-16.712072,0.9977171525567463,1.0,0.0
AL451080.1,-0.002861129,-16.278994,0.9977171525567463,1.0,0.0
ADH1B,-0.002861129,-16.346241,0.9977171525567463,1.0,0.0
LINC02336,-0.002861129,-16.54159,0.9977171525567463,1.0,0.0
CACNA1C-IT1,-0.002861129,-17.04711,0.9977171525567463,1.0,0.0
TBX2-AS1,-0.002861129,-16.187634,0.9977171525567463,1.0,0.0
AP000977.1,-0.002861129,-16.612461,0.9977171525567463,1.0,0.0
AC091196.1,-0.002861129,-16.201714,0.9977171525567463,1.0,0.0
AL358333.3,-0.002861129,-16.176434,0.9977171525567463,1.0,0.0
SGCD,-0.002861129,-16.93982,0.9977171525567463,1.0,0.0
Z82173.1,-0.002861129,-16.960978,0.9977171525567463,1.0,0.0
KCNQ1,-0.002861129,-17.016157,0.9977171525567463,1.0,0.0
AL138889.1,-0.002861129,-16.557812,0.9977171525567463,1.0,0.0
L1CAM,-0.002861129,-16.02642,0.9977171525567463,1.0,0.0
AC007431.1,-0.002861129,-17.32945,0.9977171525567463,1.0,0.0
THY1,-0.002861129,-17.059444,0.9977171525567463,1.0,0.0
KRTAP5-AS1,-0.002861129,-15.571225,0.9977171525567463,1.0,0.0
LINC00870,-0.002861129,-16.975733,0.9977171525567463,1.0,0.0
AC010746.2,-0.002861129,-15.949012,0.9977171525567463,1.0,0.0
MFAP1,-0.0031336173,-0.032947395,0.9974997391952266,1.0,0.35714285714285715
AL161457.2,-0.0031336173,-0.68555975,0.9974997391952266,1.0,0.023809523809523808
AC096642.1,-0.0031676784,0.15164308,0.9974725625377586,1.0,0.011904761904761904
AC100814.1,-0.0034061058,-0.15453395,0.9972823260193505,1.0,0.023809523809523808
DIP2B,-0.0034742279,0.22958721,0.9972279727562801,1.0,0.14285714285714285
LMO7,-0.0037126553,-0.014452959,0.9970377364384918,1.0,0.5119047619047619
CDK14,-0.0037126553,-0.15785085,0.9970377364384918,1.0,0.03571428571428571
SAYSD1,-0.0037467163,0.15728785,0.9970105598351593,1.0,0.10714285714285714
SIRT6,-0.0037467163,0.09106733,0.9970105598351593,1.0,0.07142857142857142
KIAA0040,-0.0038148386,-0.22153199,0.9969562066389306,1.0,0.047619047619047616
JOSD1,-0.0038148386,-0.005578518,0.9969562066389306,1.0,0.2619047619047619
PDK2,-0.0038148386,-0.18057342,0.9969562066389306,1.0,0.047619047619047616
ALDH2,-0.0039170217,-0.006313395,0.9968746768711507,1.0,0.39285714285714285
PIGA,-0.004019205,-0.44032735,0.9967931471360034,1.0,0.023809523809523808
NECAP1,-0.004223571,-0.09791301,0.9966300877670117,1.0,0.15476190476190477
NPEPL1,-0.004223571,0.11544518,0.9966300877670117,1.0,0.30952380952380953
CARNMT1,-0.0043257545,-0.030616483,0.9965485581348698,1.0,0.21428571428571427
KCNC1,-0.0043938765,-0.22800566,0.9964942050667435,1.0,0.011904761904761904
SMG8,-0.0044279373,-0.28195506,0.9964670285387655,1.0,0.07142857142857142
AC109454.2,-0.0045982427,-0.21787158,0.9963311459609875,1.0,0.011904761904761904
DDX19B,-0.004700426,0.15942673,0.9962496164651454,1.0,0.14285714285714285
AC007846.1,-0.0047344873,-0.28074157,0.9962224399751913,1.0,0.011904761904761904
AC005280.2,-0.00483667,-0.10769681,0.9961409105317504,1.0,0.03571428571428571
PRXL2B,-0.0049729147,0.06213488,0.9960322046699891,1.0,0.08333333333333333
AC006213.2,-0.0050069755,-0.2711667,0.996005028215978,1.0,0.011904761904761904
AC067817.1,-0.0050069755,-0.28357732,0.996005028215978,1.0,0.011904761904761904
TCF19,-0.005109159,0.35857356,0.9959234988818794,1.0,0.023809523809523808
ZNF429,-0.005109159,0.4437796,0.9959234988818794,1.0,0.011904761904761904
AL136295.7,-0.0055519524,-0.5601577,0.9955702056035659,1.0,0.011904761904761904
RSPH10B2,-0.005722258,-17.17347,0.9954343238009259,1.0,0.0
CT55,-0.005722258,-17.212248,0.9954343238009259,1.0,0.0
AL358334.4,-0.005722258,-18.10617,0.9954343238009259,1.0,0.0
AL118556.1,-0.005722258,-18.407839,0.9954343238009259,1.0,0.0
AL136980.1,-0.005722258,-18.450754,0.9954343238009259,1.0,0.0
AL034548.2,-0.005722258,-17.915226,0.9954343238009259,1.0,0.0
NLRC4,-0.005722258,-17.951593,0.9954343238009259,1.0,0.0
LINC02313,-0.005722258,-17.91881,0.9954343238009259,1.0,0.0
SMOC2,-0.005722258,-17.68119,0.9954343238009259,1.0,0.0
HAS1,-0.005722258,-17.902128,0.9954343238009259,1.0,0.0
AL139287.1,-0.005722258,-17.806654,0.9954343238009259,1.0,0.0
AC005091.1,-0.005722258,-17.722406,0.9954343238009259,1.0,0.0
AC108935.1,-0.005722258,-17.389898,0.9954343238009259,1.0,0.0
CYP19A1,-0.005722258,-18.10841,0.9954343238009259,1.0,0.0
NCR1,-0.005722258,-17.203665,0.9954343238009259,1.0,0.0
AL583785.1,-0.005722258,-17.423986,0.9954343238009259,1.0,0.0
AC242022.2,-0.005722258,-17.415625,0.9954343238009259,1.0,0.0
AL109653.3,-0.005722258,-17.840532,0.9954343238009259,1.0,0.0
RAB39B,-0.005722258,-17.721924,0.9954343238009259,1.0,0.0
LINC01936,-0.005722258,-17.760265,0.9954343238009259,1.0,0.0
TBPL2,-0.005722258,-18.260008,0.9954343238009259,1.0,0.0
ZNF256,-0.005722258,-17.133308,0.9954343238009259,1.0,0.0
AL161909.2,-0.005722258,-17.364958,0.9954343238009259,1.0,0.0
AC114802.1,-0.005722258,-16.996754,0.9954343238009259,1.0,0.0
AL627309.4,-0.005722258,-18.781528,0.9954343238009259,1.0,0.0
LINC02294,-0.005722258,-17.528816,0.9954343238009259,1.0,0.0
AC007391.2,-0.005722258,-17.48197,0.9954343238009259,1.0,0.0
TEX38,-0.005722258,-17.704865,0.9954343238009259,1.0,0.0
AL445685.1,-0.005722258,-18.194208,0.9954343238009259,1.0,0.0
WASIR1,-0.005722258,-18.430098,0.9954343238009259,1.0,0.0
AC116096.1,-0.005722258,-17.499138,0.9954343238009259,1.0,0.0
SRPK3,-0.005722258,-17.89317,0.9954343238009259,1.0,0.0
AC079352.1,-0.005722258,-17.283497,0.9954343238009259,1.0,0.0
FOXD4,-0.005722258,-17.517914,0.9954343238009259,1.0,0.0
AC010320.2,-0.005722258,-17.674725,0.9954343238009259,1.0,0.0
AC007036.5,-0.005722258,-18.263727,0.9954343238009259,1.0,0.0
PRKCZ-AS1,-0.005722258,-17.4331,0.9954343238009259,1.0,0.0
AC099332.2,-0.005722258,-17.524874,0.9954343238009259,1.0,0.0
AL136129.1,-0.005722258,-17.008938,0.9954343238009259,1.0,0.0
GADL1,-0.005722258,-18.107235,0.9954343238009259,1.0,0.0
AL133444.1,-0.005722258,-17.47538,0.9954343238009259,1.0,0.0
LINC01402,-0.005722258,-17.70852,0.9954343238009259,1.0,0.0
AC112484.3,-0.005722258,-17.624031,0.9954343238009259,1.0,0.0
AC084757.4,-0.005722258,-17.584286,0.9954343238009259,1.0,0.0
AC008080.4,-0.005722258,-17.355854,0.9954343238009259,1.0,0.0
LINC01558,-0.005722258,-18.390568,0.9954343238009259,1.0,0.0
ZFY,-0.005722258,-17.50878,0.9954343238009259,1.0,0.0
AL078605.1,-0.005722258,-17.236055,0.9954343238009259,1.0,0.0
AC006116.6,-0.005722258,-17.58757,0.9954343238009259,1.0,0.0
CCDC198,-0.005722258,-17.898901,0.9954343238009259,1.0,0.0
TKTL1,-0.005722258,-18.467556,0.9954343238009259,1.0,0.0
AC092611.1,-0.005722258,-17.828077,0.9954343238009259,1.0,0.0
TOMM20L,-0.005722258,-17.794268,0.9954343238009259,1.0,0.0
TRGV5P,-0.005722258,-17.812016,0.9954343238009259,1.0,0.0
AC018755.4,-0.005722258,-17.209366,0.9954343238009259,1.0,0.0
PGM5P3-AS1,-0.005722258,-18.446817,0.9954343238009259,1.0,0.0
AC093599.2,-0.005722258,-17.864662,0.9954343238009259,1.0,0.0
LINC02084,-0.005722258,-17.777275,0.9954343238009259,1.0,0.0
AC106882.1,-0.005722258,-17.30286,0.9954343238009259,1.0,0.0
AC006042.2,-0.005722258,-17.644209,0.9954343238009259,1.0,0.0
LINC02293,-0.005722258,-17.576775,0.9954343238009259,1.0,0.0
MIR4307HG,-0.005722258,-18.110153,0.9954343238009259,1.0,0.0
AC066613.1,-0.005722258,-18.012373,0.9954343238009259,1.0,0.0
PDZK1IP1,-0.005722258,-17.718378,0.9954343238009259,1.0,0.0
GRID2IP,-0.005722258,-17.512306,0.9954343238009259,1.0,0.0
AL645608.8,-0.005722258,-18.327066,0.9954343238009259,1.0,0.0
LINC01241,-0.005722258,-17.334602,0.9954343238009259,1.0,0.0
ZNF135,-0.005722258,-17.889788,0.9954343238009259,1.0,0.0
STAP1,-0.005722258,-17.46017,0.9954343238009259,1.0,0.0
AC010907.2,-0.005722258,-17.767458,0.9954343238009259,1.0,0.0
AC084125.4,-0.005722258,-18.356684,0.9954343238009259,1.0,0.0
AC072022.2,-0.005722258,-17.5362,0.9954343238009259,1.0,0.0
U82671.1,-0.005722258,-18.03909,0.9954343238009259,1.0,0.0
AC004895.1,-0.005722258,-17.515917,0.9954343238009259,1.0,0.0
AL049637.1,-0.005722258,-17.299702,0.9954343238009259,1.0,0.0
AL513317.1,-0.005722258,-17.609745,0.9954343238009259,1.0,0.0
RMDN2-AS1,-0.005722258,-17.362188,0.9954343238009259,1.0,0.0
AC008750.5,-0.005722258,-17.658066,0.9954343238009259,1.0,0.0
AL133163.3,-0.005722258,-18.067368,0.9954343238009259,1.0,0.0
UGT2B15,-0.005722258,-17.572647,0.9954343238009259,1.0,0.0
LINC01251,-0.005722258,-18.009201,0.9954343238009259,1.0,0.0
TMEM150B,-0.005722258,-17.758152,0.9954343238009259,1.0,0.0
ALDH1A2,-0.005722258,-18.031322,0.9954343238009259,1.0,0.0
AC007029.1,-0.005722258,-17.747343,0.9954343238009259,1.0,0.0
AC117480.1,-0.005722258,-17.865562,0.9954343238009259,1.0,0.0
AL359076.1,-0.005722258,-17.80372,0.9954343238009259,1.0,0.0
AC006042.1,-0.005722258,-17.667404,0.9954343238009259,1.0,0.0
AC084782.2,-0.005722258,-17.598627,0.9954343238009259,1.0,0.0
LINC00242,-0.005722258,-17.710983,0.9954343238009259,1.0,0.0
AC090651.1,-0.005722258,-17.398006,0.9954343238009259,1.0,0.0
AC127002.2,-0.005722258,-17.31952,0.9954343238009259,1.0,0.0
AC020594.1,-0.005722258,-17.328651,0.9954343238009259,1.0,0.0
AC004540.2,-0.005722258,-18.040024,0.9954343238009259,1.0,0.0
AC025271.4,-0.005722258,-17.191965,0.9954343238009259,1.0,0.0
PLA2G1B,-0.005722258,-17.50749,0.9954343238009259,1.0,0.0
AC008170.1,-0.005722258,-17.824991,0.9954343238009259,1.0,0.0
KDM2B-DT,-0.005722258,-17.226614,0.9954343238009259,1.0,0.0
C9orf92,-0.005722258,-18.281836,0.9954343238009259,1.0,0.0
C19orf18,-0.005722258,-17.855873,0.9954343238009259,1.0,0.0
AC018755.1,-0.005722258,-17.585321,0.9954343238009259,1.0,0.0
DMRTA2,-0.005722258,-18.046139,0.9954343238009259,1.0,0.0
AC097639.1,-0.005722258,-17.303858,0.9954343238009259,1.0,0.0
FOXG1-AS1,-0.005722258,-17.252024,0.9954343238009259,1.0,0.0
LINC01562,-0.005722258,-17.4578,0.9954343238009259,1.0,0.0
BICDL1,-0.005722258,-17.635044,0.9954343238009259,1.0,0.0
AC069503.4,-0.005722258,-17.258081,0.9954343238009259,1.0,0.0
RTP4,-0.005722258,-16.912928,0.9954343238009259,1.0,0.0
MAGEA10,-0.005722258,-17.758911,0.9954343238009259,1.0,0.0
CYP4X1,-0.005722258,-17.296652,0.9954343238009259,1.0,0.0
AL358334.3,-0.005722258,-17.605663,0.9954343238009259,1.0,0.0
AC226118.1,-0.005722258,-17.876543,0.9954343238009259,1.0,0.0
VSTM1,-0.005722258,-17.923481,0.9954343238009259,1.0,0.0
AL049870.3,-0.005722258,-17.65283,0.9954343238009259,1.0,0.0
AL133485.3,-0.005722258,-17.80131,0.9954343238009259,1.0,0.0
AC069209.2,-0.005722258,-17.425285,0.9954343238009259,1.0,0.0
AL157911.1,-0.005722258,-17.886309,0.9954343238009259,1.0,0.0
FPR3,-0.005722258,-17.430374,0.9954343238009259,1.0,0.0
LIPC,-0.005722258,-17.695536,0.9954343238009259,1.0,0.0
ZCCHC12,-0.005722258,-17.939054,0.9954343238009259,1.0,0.0
AC007920.2,-0.005722258,-17.479763,0.9954343238009259,1.0,0.0
LINC00691,-0.005722258,-17.388115,0.9954343238009259,1.0,0.0
FAM217A,-0.005722258,-17.778812,0.9954343238009259,1.0,0.0
AL672032.1,-0.005722258,-17.60663,0.9954343238009259,1.0,0.0
NLRP8,-0.005722258,-17.16603,0.9954343238009259,1.0,0.0
FTCD,-0.005722258,-18.426207,0.9954343238009259,1.0,0.0
TRGV3,-0.005722258,-17.64606,0.9954343238009259,1.0,0.0
AC113139.1,-0.005722258,-17.677443,0.9954343238009259,1.0,0.0
NPHP3-AS1,-0.005722258,-17.343678,0.9954343238009259,1.0,0.0
SAMSN1,-0.005722258,-17.609434,0.9954343238009259,1.0,0.0
AC113194.1,-0.005722258,-17.590832,0.9954343238009259,1.0,0.0
AL356495.1,-0.005722258,-17.84949,0.9954343238009259,1.0,0.0
AC027250.2,-0.005722258,-17.869371,0.9954343238009259,1.0,0.0
FP236383.3,-0.005722258,-17.21733,0.9954343238009259,1.0,0.0
AL021707.7,-0.005722258,-17.684618,0.9954343238009259,1.0,0.0
FP671120.4,-0.005722258,-17.787626,0.9954343238009259,1.0,0.0
RAET1L,-0.005722258,-17.297852,0.9954343238009259,1.0,0.0
AC025674.2,-0.005722258,-17.957884,0.9954343238009259,1.0,0.0
LINC01602,-0.005722258,-17.693586,0.9954343238009259,1.0,0.0
AC234644.2,-0.005722258,-17.435911,0.9954343238009259,1.0,0.0
SIK1B,-0.005722258,-17.5458,0.9954343238009259,1.0,0.0
MESTIT1,-0.005722258,-17.958479,0.9954343238009259,1.0,0.0
LINC02048,-0.005722258,-17.64273,0.9954343238009259,1.0,0.0
CPA5,-0.005722258,-17.986258,0.9954343238009259,1.0,0.0
PLA2G2D,-0.005722258,-18.110271,0.9954343238009259,1.0,0.0
AC022182.1,-0.005722258,-18.179634,0.9954343238009259,1.0,0.0
AC106801.1,-0.005722258,-17.801167,0.9954343238009259,1.0,0.0
AL390071.1,-0.005722258,-18.30709,0.9954343238009259,1.0,0.0
C5orf52,-0.005722258,-17.718046,0.9954343238009259,1.0,0.0
AF127577.3,-0.005722258,-17.812727,0.9954343238009259,1.0,0.0
AKR1D1,-0.005722258,-17.971062,0.9954343238009259,1.0,0.0
LINC00161,-0.005722258,-17.437843,0.9954343238009259,1.0,0.0
TRPM1,-0.005722258,-17.128326,0.9954343238009259,1.0,0.0
AL158064.1,-0.005722258,-17.698925,0.9954343238009259,1.0,0.0
RNF185-AS1,-0.005722258,-17.457392,0.9954343238009259,1.0,0.0
TNFSF11,-0.005722258,-17.825764,0.9954343238009259,1.0,0.0
AL021937.3,-0.005722258,-17.546623,0.9954343238009259,1.0,0.0
SLITRK5,-0.005722258,-17.731247,0.9954343238009259,1.0,0.0
AF213884.3,-0.005722258,-18.249506,0.9954343238009259,1.0,0.0
TRBV13,-0.005722258,-17.511465,0.9954343238009259,1.0,0.0
LINC01684,-0.005722258,-17.344852,0.9954343238009259,1.0,0.0
LINC01687,-0.005722258,-17.401716,0.9954343238009259,1.0,0.0
TEC,-0.005722258,-17.744501,0.9954343238009259,1.0,0.0
SOX21-AS1,-0.005722258,-17.703156,0.9954343238009259,1.0,0.0
ARSI,-0.005722258,-17.786812,0.9954343238009259,1.0,0.0
EFCAB1,-0.005722258,-16.979828,0.9954343238009259,1.0,0.0
Z73420.1,-0.005722258,-17.584482,0.9954343238009259,1.0,0.0
CACNA2D2,-0.005722258,-17.554037,0.9954343238009259,1.0,0.0
AC013701.2,-0.005722258,-17.913404,0.9954343238009259,1.0,0.0
ZBTB40-IT1,-0.005722258,-17.442957,0.9954343238009259,1.0,0.0
LINC02036,-0.005722258,-17.686792,0.9954343238009259,1.0,0.0
AC097634.3,-0.005722258,-17.847034,0.9954343238009259,1.0,0.0
FP325335.1,-0.005722258,-17.873417,0.9954343238009259,1.0,0.0
Z94160.1,-0.005722258,-17.513702,0.9954343238009259,1.0,0.0
AC084864.2,-0.005722258,-17.81119,0.9954343238009259,1.0,0.0
AL137230.1,-0.005722258,-17.450338,0.9954343238009259,1.0,0.0
EP300-AS1,-0.005722258,-17.830086,0.9954343238009259,1.0,0.0
AL138690.1,-0.005722258,-17.82078,0.9954343238009259,1.0,0.0
Z93241.1,-0.005722258,-18.040106,0.9954343238009259,1.0,0.0
CDH26,-0.005722258,-17.258339,0.9954343238009259,1.0,0.0
BX284668.2,-0.005722258,-18.038002,0.9954343238009259,1.0,0.0
NALCN-AS1,-0.005722258,-17.64004,0.9954343238009259,1.0,0.0
LINC00545,-0.005722258,-17.613337,0.9954343238009259,1.0,0.0
GPR65,-0.005722258,-18.133116,0.9954343238009259,1.0,0.0
Z97055.2,-0.005722258,-17.892593,0.9954343238009259,1.0,0.0
AL035250.1,-0.005722258,-17.50662,0.9954343238009259,1.0,0.0
AC108052.1,-0.005722258,-17.513569,0.9954343238009259,1.0,0.0
LINC02316,-0.005722258,-17.278759,0.9954343238009259,1.0,0.0
AL121917.2,-0.005722258,-17.796717,0.9954343238009259,1.0,0.0
EPCAM-DT,-0.005722258,-18.210526,0.9954343238009259,1.0,0.0
EBF1,-0.005722258,-17.68675,0.9954343238009259,1.0,0.0
AL034349.1,-0.005722258,-17.732153,0.9954343238009259,1.0,0.0
AL590006.1,-0.005722258,-17.810377,0.9954343238009259,1.0,0.0
AC022868.2,-0.005722258,-18.151926,0.9954343238009259,1.0,0.0
AL132655.2,-0.005722258,-17.37135,0.9954343238009259,1.0,0.0
TBC1D22A-AS1,-0.005722258,-17.820787,0.9954343238009259,1.0,0.0
AL050327.1,-0.005722258,-17.374737,0.9954343238009259,1.0,0.0
APCDD1L,-0.005722258,-17.865677,0.9954343238009259,1.0,0.0
AC073348.2,-0.005722258,-17.939346,0.9954343238009259,1.0,0.0
AC092155.1,-0.005722258,-17.579159,0.9954343238009259,1.0,0.0
CDH4,-0.005722258,-17.494648,0.9954343238009259,1.0,0.0
FRY-AS1,-0.005722258,-18.358673,0.9954343238009259,1.0,0.0
AC107204.1,-0.005722258,-17.322546,0.9954343238009259,1.0,0.0
LINC02343,-0.005722258,-17.832203,0.9954343238009259,1.0,0.0
AC011124.2,-0.005722258,-18.420906,0.9954343238009259,1.0,0.0
AL450344.2,-0.005722258,-17.554317,0.9954343238009259,1.0,0.0
AC079203.2,-0.005722258,-17.81635,0.9954343238009259,1.0,0.0
AL008582.1,-0.005722258,-17.816517,0.9954343238009259,1.0,0.0
AC117464.1,-0.005722258,-17.295086,0.9954343238009259,1.0,0.0
ZIC5,-0.005722258,-18.285746,0.9954343238009259,1.0,0.0
LINC02344,-0.005722258,-17.871021,0.9954343238009259,1.0,0.0
AC100812.1,-0.005722258,-17.944511,0.9954343238009259,1.0,0.0
VXN,-0.005722258,-17.446991,0.9954343238009259,1.0,0.0
PRDM14,-0.005722258,-17.405622,0.9954343238009259,1.0,0.0
AC099344.3,-0.005722258,-17.732164,0.9954343238009259,1.0,0.0
LEP,-0.005722258,-18.116077,0.9954343238009259,1.0,0.0
PPP1R42,-0.005722258,-17.75975,0.9954343238009259,1.0,0.0
AL583803.1,-0.005722258,-17.973696,0.9954343238009259,1.0,0.0
SLCO4A1-AS1,-0.005722258,-18.013784,0.9954343238009259,1.0,0.0
AL133260.2,-0.005722258,-17.979965,0.9954343238009259,1.0,0.0
FOXL2NB,-0.005722258,-18.02797,0.9954343238009259,1.0,0.0
AC254562.2,-0.005722258,-18.322128,0.9954343238009259,1.0,0.0
LAMA5-AS1,-0.005722258,-18.051178,0.9954343238009259,1.0,0.0
LINC01695,-0.005722258,-17.475319,0.9954343238009259,1.0,0.0
MYOM3,-0.005722258,-17.694118,0.9954343238009259,1.0,0.0
AL049712.1,-0.005722258,-17.689362,0.9954343238009259,1.0,0.0
AC000085.1,-0.005722258,-17.667374,0.9954343238009259,1.0,0.0
AC092661.1,-0.005722258,-17.488527,0.9954343238009259,1.0,0.0
AF106564.1,-0.005722258,-18.703558,0.9954343238009259,1.0,0.0
AF131215.5,-0.005722258,-17.46351,0.9954343238009259,1.0,0.0
SUCLA2-AS1,-0.005722258,-17.763975,0.9954343238009259,1.0,0.0
EBF2,-0.005722258,-17.26828,0.9954343238009259,1.0,0.0
AC104964.4,-0.005722258,-17.843853,0.9954343238009259,1.0,0.0
TBX1,-0.005722258,-17.964972,0.9954343238009259,1.0,0.0
AL513365.2,-0.005722258,-18.026295,0.9954343238009259,1.0,0.0
LINC00221,-0.005722258,-17.32111,0.9954343238009259,1.0,0.0
PCDH17,-0.005722258,-18.083544,0.9954343238009259,1.0,0.0
NAPSA,-0.005722258,-17.665873,0.9954343238009259,1.0,0.0
CLDN23,-0.005722258,-17.768429,0.9954343238009259,1.0,0.0
ZNF295-AS1,-0.005722258,-18.04057,0.9954343238009259,1.0,0.0
AC126121.3,-0.005722258,-18.418844,0.9954343238009259,1.0,0.0
BACE2-IT1,-0.005722258,-18.028946,0.9954343238009259,1.0,0.0
TMEM200B,-0.005722258,-17.433495,0.9954343238009259,1.0,0.0
AC108449.1,-0.005722258,-18.472668,0.9954343238009259,1.0,0.0
AC084262.2,-0.005722258,-17.567133,0.9954343238009259,1.0,0.0
MYOZ2,-0.005722258,-18.719486,0.9954343238009259,1.0,0.0
AL160254.1,-0.005722258,-17.509367,0.9954343238009259,1.0,0.0
AC106052.1,-0.005722258,-17.690712,0.9954343238009259,1.0,0.0
AF131215.2,-0.005722258,-17.187284,0.9954343238009259,1.0,0.0
AC010096.1,-0.005722258,-17.778555,0.9954343238009259,1.0,0.0
AL136115.3,-0.005722258,-17.90079,0.9954343238009259,1.0,0.0
BLK,-0.005722258,-17.790249,0.9954343238009259,1.0,0.0
DLEU7,-0.005722258,-17.956741,0.9954343238009259,1.0,0.0
AL020997.5,-0.005722258,-17.381401,0.9954343238009259,1.0,0.0
AC009884.1,-0.005722258,-17.842844,0.9954343238009259,1.0,0.0
AC124069.1,-0.005722258,-17.456148,0.9954343238009259,1.0,0.0
AC093879.1,-0.005722258,-17.781553,0.9954343238009259,1.0,0.0
AP000547.2,-0.005722258,-17.917006,0.9954343238009259,1.0,0.0
CCDC70,-0.005722258,-17.937815,0.9954343238009259,1.0,0.0
AL583722.1,-0.005722258,-17.320328,0.9954343238009259,1.0,0.0
AL050338.2,-0.005722258,-18.01249,0.9954343238009259,1.0,0.0
AC104781.2,-0.005722258,-17.75689,0.9954343238009259,1.0,0.0
FAM86B2,-0.005722258,-17.843208,0.9954343238009259,1.0,0.0
AC087203.3,-0.005722258,-17.301176,0.9954343238009259,1.0,0.0
AL139082.1,-0.005722258,-18.147928,0.9954343238009259,1.0,0.0
TUBA8,-0.005722258,-18.077036,0.9954343238009259,1.0,0.0
AC107959.2,-0.005722258,-16.907227,0.9954343238009259,1.0,0.0
MSGN1,-0.005722258,-17.286106,0.9954343238009259,1.0,0.0
NMBR,-0.005722258,-17.969246,0.9954343238009259,1.0,0.0
VSNL1,-0.005722258,-17.072292,0.9954343238009259,1.0,0.0
AL392048.1,-0.005722258,-17.926233,0.9954343238009259,1.0,0.0
PRODH,-0.005722258,-17.849264,0.9954343238009259,1.0,0.0
AP001059.2,-0.005722258,-18.306046,0.9954343238009259,1.0,0.0
AC100810.7,-0.005722258,-17.50023,0.9954343238009259,1.0,0.0
AL160391.1,-0.005722258,-18.409447,0.9954343238009259,1.0,0.0
AC093752.2,-0.005722258,-17.823225,0.9954343238009259,1.0,0.0
AP001037.1,-0.005722258,-17.933928,0.9954343238009259,1.0,0.0
DKK2,-0.005722258,-17.633722,0.9954343238009259,1.0,0.0
AL022329.1,-0.005722258,-17.85222,0.9954343238009259,1.0,0.0
MAN1C1,-0.005722258,-17.395525,0.9954343238009259,1.0,0.0
AC009975.1,-0.005722258,-18.13515,0.9954343238009259,1.0,0.0
AP000266.1,-0.005722258,-17.818684,0.9954343238009259,1.0,0.0
HS1BP3-IT1,-0.005722258,-17.930483,0.9954343238009259,1.0,0.0
KCNH2,-0.005722258,-18.336668,0.9954343238009259,1.0,0.0
AC073111.1,-0.005722258,-18.070929,0.9954343238009259,1.0,0.0
SCEL,-0.005722258,-17.919252,0.9954343238009259,1.0,0.0
OBI1-AS1,-0.005722258,-17.426579,0.9954343238009259,1.0,0.0
AC114488.3,-0.005722258,-17.44978,0.9954343238009259,1.0,0.0
ATP13A5,-0.005722258,-17.713188,0.9954343238009259,1.0,0.0
AL355102.3,-0.005722258,-17.38187,0.9954343238009259,1.0,0.0
AC132153.1,-0.005722258,-17.932764,0.9954343238009259,1.0,0.0
AC004264.1,-0.005722258,-17.108265,0.9954343238009259,1.0,0.0
AP000238.1,-0.005722258,-18.405396,0.9954343238009259,1.0,0.0
AL031056.1,-0.005722258,-17.422483,0.9954343238009259,1.0,0.0
AL355102.5,-0.005722258,-17.233467,0.9954343238009259,1.0,0.0
AC108050.1,-0.005722258,-18.03722,0.9954343238009259,1.0,0.0
OR2A25,-0.005722258,-17.878805,0.9954343238009259,1.0,0.0
AL136115.1,-0.005722258,-17.062416,0.9954343238009259,1.0,0.0
AC093583.1,-0.005722258,-17.797434,0.9954343238009259,1.0,0.0
NKAIN1,-0.005722258,-18.051912,0.9954343238009259,1.0,0.0
AC107398.3,-0.005722258,-17.636944,0.9954343238009259,1.0,0.0
THOC7-AS1,-0.005722258,-17.287197,0.9954343238009259,1.0,0.0
SLC25A30-AS1,-0.005722258,-17.826841,0.9954343238009259,1.0,0.0
LINC01470,-0.005722258,-17.384068,0.9954343238009259,1.0,0.0
AC080089.2,-0.005722258,-17.69472,0.9954343238009259,1.0,0.0
AP001437.2,-0.005722258,-17.767729,0.9954343238009259,1.0,0.0
DSCR9,-0.005722258,-18.06372,0.9954343238009259,1.0,0.0
HLCS-IT1,-0.005722258,-17.957819,0.9954343238009259,1.0,0.0
AC006372.2,-0.005722258,-17.301586,0.9954343238009259,1.0,0.0
MKRN3,-0.005722258,-17.487274,0.9954343238009259,1.0,0.0
MNX1-AS2,-0.005722258,-17.859825,0.9954343238009259,1.0,0.0
LINC00392,-0.005722258,-17.573902,0.9954343238009259,1.0,0.0
AL157912.1,-0.005722258,-17.688469,0.9954343238009259,1.0,0.0
OPA1-AS1,-0.005722258,-17.566301,0.9954343238009259,1.0,0.0
AL137857.1,-0.005722258,-17.931328,0.9954343238009259,1.0,0.0
AF279873.3,-0.005722258,-17.443008,0.9954343238009259,1.0,0.0
LINC00381,-0.005722258,-17.695301,0.9954343238009259,1.0,0.0
AC090809.1,-0.005722258,-17.351717,0.9954343238009259,1.0,0.0
LINC01605,-0.005722258,-18.004728,0.9954343238009259,1.0,0.0
AC090983.1,-0.005722258,-18.555399,0.9954343238009259,1.0,0.0
AC006348.1,-0.005722258,-17.241161,0.9954343238009259,1.0,0.0
LINC00310,-0.005722258,-18.184458,0.9954343238009259,1.0,0.0
C2orf50,-0.005722258,-17.663979,0.9954343238009259,1.0,0.0
AL138689.2,-0.005722258,-17.751053,0.9954343238009259,1.0,0.0
BSN,-0.005722258,-17.697348,0.9954343238009259,1.0,0.0
AC068228.3,-0.005722258,-17.968508,0.9954343238009259,1.0,0.0
AC211433.2,-0.005722258,-17.988966,0.9954343238009259,1.0,0.0
AC128687.3,-0.005722258,-17.706377,0.9954343238009259,1.0,0.0
ZC3H12B,-0.005722258,-17.936592,0.9954343238009259,1.0,0.0
ANXA13,-0.005722258,-17.644775,0.9954343238009259,1.0,0.0
LINC02831,-0.005722258,-18.240597,0.9954343238009259,1.0,0.0
AC068724.1,-0.005722258,-17.692558,0.9954343238009259,1.0,0.0
OR10G3,-0.005722258,-18.255806,0.9954343238009259,1.0,0.0
AL139289.1,-0.005722258,-17.956137,0.9954343238009259,1.0,0.0
IGBP1-AS2,-0.005722258,-17.50492,0.9954343238009259,1.0,0.0
IGBP1-AS1,-0.005722258,-17.610695,0.9954343238009259,1.0,0.0
FKBP6,-0.005722258,-18.332167,0.9954343238009259,1.0,0.0
RSAD2,-0.005722258,-17.737753,0.9954343238009259,1.0,0.0
LINC01727,-0.005722258,-17.12079,0.9954343238009259,1.0,0.0
SLC10A1,-0.005722258,-18.074352,0.9954343238009259,1.0,0.0
AC084116.1,-0.005722258,-17.780624,0.9954343238009259,1.0,0.0
ZBTB20-AS5,-0.005722258,-17.843945,0.9954343238009259,1.0,0.0
AC131009.1,-0.005722258,-17.563253,0.9954343238009259,1.0,0.0
CCAT2,-0.005722258,-18.592964,0.9954343238009259,1.0,0.0
AL136090.2,-0.005722258,-17.740078,0.9954343238009259,1.0,0.0
AL360015.1,-0.005722258,-17.765657,0.9954343238009259,1.0,0.0
ZBTB20-AS4,-0.005722258,-17.41602,0.9954343238009259,1.0,0.0
AL035661.2,-0.005722258,-17.668716,0.9954343238009259,1.0,0.0
NCF1,-0.005722258,-17.208447,0.9954343238009259,1.0,0.0
Z97192.4,-0.005722258,-17.856012,0.9954343238009259,1.0,0.0
TTC9,-0.005722258,-17.532034,0.9954343238009259,1.0,0.0
MTOR-AS1,-0.005722258,-17.352901,0.9954343238009259,1.0,0.0
AC021127.1,-0.005722258,-17.79029,0.9954343238009259,1.0,0.0
LINC02469,-0.005722258,-17.381365,0.9954343238009259,1.0,0.0
AC002064.1,-0.005722258,-17.596336,0.9954343238009259,1.0,0.0
KLHL33,-0.005722258,-18.007643,0.9954343238009259,1.0,0.0
AC002069.2,-0.005722258,-17.083967,0.9954343238009259,1.0,0.0
SIX3,-0.005722258,-17.142565,0.9954343238009259,1.0,0.0
PSPC1-AS2,-0.005722258,-17.976875,0.9954343238009259,1.0,0.0
AL034550.3,-0.005722258,-17.408955,0.9954343238009259,1.0,0.0
TMEM269,-0.005722258,-17.52326,0.9954343238009259,1.0,0.0
AC090994.1,-0.005722258,-18.016499,0.9954343238009259,1.0,0.0
AARD,-0.005722258,-18.083939,0.9954343238009259,1.0,0.0
LINC00028,-0.005722258,-17.761215,0.9954343238009259,1.0,0.0
AKAP4,-0.005722258,-17.466297,0.9954343238009259,1.0,0.0
AC108727.1,-0.005722258,-17.848755,0.9954343238009259,1.0,0.0
SLC30A3,-0.005722258,-17.99903,0.9954343238009259,1.0,0.0
AC026786.2,-0.005722258,-17.263332,0.9954343238009259,1.0,0.0
UPK3B,-0.005722258,-17.67399,0.9954343238009259,1.0,0.0
AL121772.1,-0.005722258,-17.476246,0.9954343238009259,1.0,0.0
AC016405.1,-0.005722258,-18.140533,0.9954343238009259,1.0,0.0
AC090510.3,-0.005722258,-18.020157,0.9954343238009259,1.0,0.0
AL365194.1,-0.005722258,-17.798277,0.9954343238009259,1.0,0.0
SERINC4,-0.005722258,-17.547552,0.9954343238009259,1.0,0.0
AC022973.4,-0.005722258,-17.53725,0.9954343238009259,1.0,0.0
KLF17,-0.005722258,-17.774569,0.9954343238009259,1.0,0.0
AL355076.2,-0.005722258,-17.93744,0.9954343238009259,1.0,0.0
PF4,-0.005722258,-18.097445,0.9954343238009259,1.0,0.0
BCL2L2-PABPN1,-0.005722258,-17.58921,0.9954343238009259,1.0,0.0
RAB40AL,-0.005722258,-17.911112,0.9954343238009259,1.0,0.0
AL139022.2,-0.005722258,-18.240593,0.9954343238009259,1.0,0.0
AC083841.1,-0.005722258,-18.545523,0.9954343238009259,1.0,0.0
ATP1B3-AS1,-0.005722258,-17.71206,0.9954343238009259,1.0,0.0
LINC00654,-0.005722258,-17.589859,0.9954343238009259,1.0,0.0
C8orf31,-0.005722258,-17.798643,0.9954343238009259,1.0,0.0
GABRP,-0.005722258,-18.05409,0.9954343238009259,1.0,0.0
JPH4,-0.005722258,-17.599403,0.9954343238009259,1.0,0.0
DHRS2,-0.005722258,-17.947453,0.9954343238009259,1.0,0.0
LINC02826,-0.005722258,-17.871283,0.9954343238009259,1.0,0.0
LINC00939,-0.005722258,-17.27855,0.9954343238009259,1.0,0.0
PRND,-0.005722258,-17.657282,0.9954343238009259,1.0,0.0
AL121781.1,-0.005722258,-17.842499,0.9954343238009259,1.0,0.0
MAFA-AS1,-0.005722258,-17.847475,0.9954343238009259,1.0,0.0
HGD,-0.005722258,-17.884186,0.9954343238009259,1.0,0.0
AC025580.3,-0.005722258,-17.809065,0.9954343238009259,1.0,0.0
AC104695.1,-0.005722258,-18.084826,0.9954343238009259,1.0,0.0
AC079921.2,-0.005722258,-18.013153,0.9954343238009259,1.0,0.0
AC069200.1,-0.005722258,-17.420998,0.9954343238009259,1.0,0.0
AC011676.1,-0.005722258,-18.021364,0.9954343238009259,1.0,0.0
LINC02393,-0.005722258,-17.180815,0.9954343238009259,1.0,0.0
ITM2A,-0.005722258,-17.90207,0.9954343238009259,1.0,0.0
AL078602.1,-0.005722258,-17.722475,0.9954343238009259,1.0,0.0
LINC01126,-0.005722258,-18.356125,0.9954343238009259,1.0,0.0
AL121820.3,-0.005722258,-18.098242,0.9954343238009259,1.0,0.0
AL035045.1,-0.005722258,-17.363012,0.9954343238009259,1.0,0.0
LPAR4,-0.005722258,-17.893549,0.9954343238009259,1.0,0.0
LINC02848,-0.005722258,-17.355879,0.9954343238009259,1.0,0.0
RDH12,-0.005722258,-17.59057,0.9954343238009259,1.0,0.0
ZNF716,-0.005722258,-17.54388,0.9954343238009259,1.0,0.0
AC092447.5,-0.005722258,-17.413103,0.9954343238009259,1.0,0.0
AF228727.1,-0.005722258,-17.611916,0.9954343238009259,1.0,0.0
AL158042.1,-0.005722258,-17.908133,0.9954343238009259,1.0,0.0
AL445213.2,-0.005722258,-17.705757,0.9954343238009259,1.0,0.0
CCDC196,-0.005722258,-17.264557,0.9954343238009259,1.0,0.0
EGFR-AS1,-0.005722258,-17.613935,0.9954343238009259,1.0,0.0
LINC01446,-0.005722258,-17.428196,0.9954343238009259,1.0,0.0
AC025244.1,-0.005722258,-16.88738,0.9954343238009259,1.0,0.0
AL157997.1,-0.005722258,-17.698631,0.9954343238009259,1.0,0.0
AL161938.1,-0.005722258,-18.502735,0.9954343238009259,1.0,0.0
KCNK9,-0.005722258,-17.463985,0.9954343238009259,1.0,0.0
PEG13,-0.005722258,-18.100613,0.9954343238009259,1.0,0.0
AC000120.1,-0.005722258,-17.855608,0.9954343238009259,1.0,0.0
BMP3,-0.005722258,-17.97039,0.9954343238009259,1.0,0.0
EDN2,-0.005722258,-17.920986,0.9954343238009259,1.0,0.0
AL118522.1,-0.005722258,-17.4866,0.9954343238009259,1.0,0.0
PRKX-AS1,-0.005722258,-17.934736,0.9954343238009259,1.0,0.0
IPCEF1,-0.005722258,-18.184168,0.9954343238009259,1.0,0.0
AC037450.1,-0.005722258,-18.099985,0.9954343238009259,1.0,0.0
FAM9B,-0.005722258,-17.294374,0.9954343238009259,1.0,0.0
AC021755.3,-0.005722258,-17.95565,0.9954343238009259,1.0,0.0
AC092687.3,-0.005722258,-17.484146,0.9954343238009259,1.0,0.0
AMELX,-0.005722258,-17.95209,0.9954343238009259,1.0,0.0
PAK6,-0.005722258,-17.608467,0.9954343238009259,1.0,0.0
AC130888.1,-0.005722258,-16.852852,0.9954343238009259,1.0,0.0
CALB1,-0.005722258,-17.447165,0.9954343238009259,1.0,0.0
LINC01030,-0.005722258,-17.986097,0.9954343238009259,1.0,0.0
AC103770.1,-0.005722258,-17.95888,0.9954343238009259,1.0,0.0
TLR8-AS1,-0.005722258,-17.557234,0.9954343238009259,1.0,0.0
COL26A1,-0.005722258,-17.344328,0.9954343238009259,1.0,0.0
AL356752.1,-0.005722258,-18.060654,0.9954343238009259,1.0,0.0
KAZN,-0.005722258,-17.706333,0.9954343238009259,1.0,0.0
AC106712.1,-0.005722258,-17.450254,0.9954343238009259,1.0,0.0
PHGR1,-0.005722258,-18.029636,0.9954343238009259,1.0,0.0
MUC3A,-0.005722258,-17.984423,0.9954343238009259,1.0,0.0
TRDN-AS1,-0.005722258,-17.210642,0.9954343238009259,1.0,0.0
AL442071.1,-0.005722258,-18.04666,0.9954343238009259,1.0,0.0
AC129803.1,-0.005722258,-18.35527,0.9954343238009259,1.0,0.0
AC104827.1,-0.005722258,-17.831072,0.9954343238009259,1.0,0.0
AC012074.1,-0.005722258,-17.57494,0.9954343238009259,1.0,0.0
AC131025.3,-0.005722258,-17.042627,0.9954343238009259,1.0,0.0
AC068700.2,-0.005722258,-17.985903,0.9954343238009259,1.0,0.0
LRRN3,-0.005722258,-17.099083,0.9954343238009259,1.0,0.0
GMCL2,-0.005722258,-17.784988,0.9954343238009259,1.0,0.0
AC062028.1,-0.005722258,-17.99705,0.9954343238009259,1.0,0.0
LINC02511,-0.005722258,-17.85617,0.9954343238009259,1.0,0.0
FAM209A,-0.005722258,-18.400309,0.9954343238009259,1.0,0.0
AC036214.4,-0.005722258,-18.285227,0.9954343238009259,1.0,0.0
LINC01381,-0.005722258,-18.272228,0.9954343238009259,1.0,0.0
AC005220.1,-0.005722258,-17.499231,0.9954343238009259,1.0,0.0
RSPO3,-0.005722258,-18.042202,0.9954343238009259,1.0,0.0
LINC02849,-0.005722258,-17.676218,0.9954343238009259,1.0,0.0
LINC00543,-0.005722258,-17.51873,0.9954343238009259,1.0,0.0
AC000036.1,-0.005722258,-18.048143,0.9954343238009259,1.0,0.0
ERVMER34-1,-0.005722258,-17.497755,0.9954343238009259,1.0,0.0
AC073365.1,-0.005722258,-18.047693,0.9954343238009259,1.0,0.0
AC012613.1,-0.005722258,-17.433512,0.9954343238009259,1.0,0.0
LINC00616,-0.005722258,-17.645746,0.9954343238009259,1.0,0.0
LINC01271,-0.005722258,-17.963772,0.9954343238009259,1.0,0.0
ASMT,-0.005722258,-17.325293,0.9954343238009259,1.0,0.0
AC011773.3,-0.005722258,-17.874363,0.9954343238009259,1.0,0.0
COL7A1,-0.005722258,-17.639645,0.9954343238009259,1.0,0.0
MIR378D2HG,-0.005722258,-18.040573,0.9954343238009259,1.0,0.0
AC025370.2,-0.005722258,-17.392866,0.9954343238009259,1.0,0.0
TREX1,-0.005722258,-18.046415,0.9954343238009259,1.0,0.0
AL589743.4,-0.005722258,-17.57208,0.9954343238009259,1.0,0.0
AP000424.1,-0.005722258,-18.137312,0.9954343238009259,1.0,0.0
AF241728.2,-0.005722258,-17.761122,0.9954343238009259,1.0,0.0
AC018781.1,-0.005722258,-17.939754,0.9954343238009259,1.0,0.0
UCP1,-0.005722258,-18.024738,0.9954343238009259,1.0,0.0
AP003469.3,-0.005722258,-18.049116,0.9954343238009259,1.0,0.0
COL1A2,-0.005722258,-17.523954,0.9954343238009259,1.0,0.0
AC092473.2,-0.005722258,-17.586033,0.9954343238009259,1.0,0.0
SPINK9,-0.005722258,-17.790333,0.9954343238009259,1.0,0.0
AC002074.1,-0.005722258,-17.755016,0.9954343238009259,1.0,0.0
AC003092.2,-0.005722258,-17.929398,0.9954343238009259,1.0,0.0
SPINK13,-0.005722258,-17.84618,0.9954343238009259,1.0,0.0
AC117509.1,-0.005722258,-17.654459,0.9954343238009259,1.0,0.0
CASK-AS1,-0.005722258,-18.941172,0.9954343238009259,1.0,0.0
GDF5,-0.005722258,-17.474314,0.9954343238009259,1.0,0.0
GDF5OS,-0.005722258,-17.944494,0.9954343238009259,1.0,0.0
AL356019.1,-0.005722258,-17.77053,0.9954343238009259,1.0,0.0
AP003354.1,-0.005722258,-17.56309,0.9954343238009259,1.0,0.0
BAALC-AS2,-0.005722258,-18.089626,0.9954343238009259,1.0,0.0
TMPRSS7,-0.005722258,-16.9866,0.9954343238009259,1.0,0.0
AC025370.1,-0.005722258,-17.668789,0.9954343238009259,1.0,0.0
HTR4,-0.005722258,-17.661106,0.9954343238009259,1.0,0.0
AL606748.1,-0.005722258,-18.120388,0.9954343238009259,1.0,0.0
AC008627.1,-0.005722258,-17.741613,0.9954343238009259,1.0,0.0
LINC00352,-0.005722258,-17.53424,0.9954343238009259,1.0,0.0
AL512283.1,-0.005722258,-17.671112,0.9954343238009259,1.0,0.0
AF111167.1,-0.005722258,-17.521008,0.9954343238009259,1.0,0.0
GJC3,-0.005722258,-17.963497,0.9954343238009259,1.0,0.0
PKIB,-0.005722258,-17.874163,0.9954343238009259,1.0,0.0
CLDN1,-0.005722258,-17.988724,0.9954343238009259,1.0,0.0
OR2AE1,-0.005722258,-18.265987,0.9954343238009259,1.0,0.0
C13orf46,-0.005722258,-17.2217,0.9954343238009259,1.0,0.0
C15orf62,-0.005722258,-17.73893,0.9954343238009259,1.0,0.0
AL049812.2,-0.005722258,-18.03617,0.9954343238009259,1.0,0.0
AL023803.1,-0.005722258,-17.467434,0.9954343238009259,1.0,0.0
NPPA,-0.005722258,-17.793371,0.9954343238009259,1.0,0.0
AC082651.4,-0.005722258,-18.006271,0.9954343238009259,1.0,0.0
DPYSL5,-0.005722258,-17.778189,0.9954343238009259,1.0,0.0
AC013451.1,-0.005722258,-17.582129,0.9954343238009259,1.0,0.0
AC112495.1,-0.005722258,-17.863081,0.9954343238009259,1.0,0.0
MAGEB1,-0.005722258,-17.78193,0.9954343238009259,1.0,0.0
GK-IT1,-0.005722258,-17.646978,0.9954343238009259,1.0,0.0
AL591501.1,-0.005722258,-17.460815,0.9954343238009259,1.0,0.0
LANCL3,-0.005722258,-17.930983,0.9954343238009259,1.0,0.0
POTEM,-0.005722258,-17.815056,0.9954343238009259,1.0,0.0
AL033527.2,-0.005722258,-18.000677,0.9954343238009259,1.0,0.0
LINC02731,-0.005722258,-17.8017,0.9954343238009259,1.0,0.0
AC002398.1,-0.005722258,-17.399826,0.9954343238009259,1.0,0.0
C1orf194,-0.005722258,-17.815037,0.9954343238009259,1.0,0.0
MYBPHL,-0.005722258,-17.661627,0.9954343238009259,1.0,0.0
ST6GAL2,-0.005722258,-17.96149,0.9954343238009259,1.0,0.0
ASB16,-0.005722258,-17.741226,0.9954343238009259,1.0,0.0
AC011461.1,-0.005722258,-17.984118,0.9954343238009259,1.0,0.0
LINC02755,-0.005722258,-17.680172,0.9954343238009259,1.0,0.0
AC092287.1,-0.005722258,-18.0905,0.9954343238009259,1.0,0.0
MIR5689HG,-0.005722258,-17.822958,0.9954343238009259,1.0,0.0
AL121985.1,-0.005722258,-17.876095,0.9954343238009259,1.0,0.0
MCCC1-AS1,-0.005722258,-17.631914,0.9954343238009259,1.0,0.0
AC005180.1,-0.005722258,-18.207148,0.9954343238009259,1.0,0.0
PKP2,-0.005722258,-17.762875,0.9954343238009259,1.0,0.0
CCDC103,-0.005722258,-18.08494,0.9954343238009259,1.0,0.0
GFAP,-0.005722258,-17.913725,0.9954343238009259,1.0,0.0
AC015936.1,-0.005722258,-16.990335,0.9954343238009259,1.0,0.0
AL732437.2,-0.005722258,-17.516834,0.9954343238009259,1.0,0.0
C5orf49,-0.005722258,-17.722036,0.9954343238009259,1.0,0.0
AC008752.1,-0.005722258,-17.754827,0.9954343238009259,1.0,0.0
AC008759.2,-0.005722258,-18.204369,0.9954343238009259,1.0,0.0
SPATA32,-0.005722258,-18.265202,0.9954343238009259,1.0,0.0
SLC6A17,-0.005722258,-18.323769,0.9954343238009259,1.0,0.0
AC003070.2,-0.005722258,-17.638828,0.9954343238009259,1.0,0.0
LINC02586,-0.005722258,-17.94106,0.9954343238009259,1.0,0.0
AC073569.3,-0.005722258,-18.32203,0.9954343238009259,1.0,0.0
WDR49,-0.005722258,-17.907806,0.9954343238009259,1.0,0.0
AL645941.3,-0.005722258,-17.511292,0.9954343238009259,1.0,0.0
HLA-DMB,-0.005722258,-17.934734,0.9954343238009259,1.0,0.0
AC099518.6,-0.005722258,-18.194801,0.9954343238009259,1.0,0.0
AL590666.1,-0.005722258,-17.77029,0.9954343238009259,1.0,0.0
SYT17,-0.005722258,-17.994568,0.9954343238009259,1.0,0.0
CTXND1,-0.005722258,-17.820694,0.9954343238009259,1.0,0.0
AL592435.2,-0.005722258,-18.025955,0.9954343238009259,1.0,0.0
AL499616.1,-0.005722258,-17.992025,0.9954343238009259,1.0,0.0
AC004231.1,-0.005722258,-18.05274,0.9954343238009259,1.0,0.0
LINC02740,-0.005722258,-17.943678,0.9954343238009259,1.0,0.0
AC016705.2,-0.005722258,-17.809574,0.9954343238009259,1.0,0.0
AC018761.4,-0.005722258,-17.559593,0.9954343238009259,1.0,0.0
HSPB9,-0.005722258,-18.122742,0.9954343238009259,1.0,0.0
TFAP2A-AS1,-0.005722258,-18.25932,0.9954343238009259,1.0,0.0
AC099811.3,-0.005722258,-17.93536,0.9954343238009259,1.0,0.0
LINC02458,-0.005722258,-17.823025,0.9954343238009259,1.0,0.0
ABTB2,-0.005722258,-18.550982,0.9954343238009259,1.0,0.0
AL359541.1,-0.005722258,-16.88083,0.9954343238009259,1.0,0.0
FCRLA,-0.005722258,-17.731869,0.9954343238009259,1.0,0.0
AL831711.1,-0.005722258,-17.425903,0.9954343238009259,1.0,0.0
PCDHA4,-0.005722258,-17.47211,0.9954343238009259,1.0,0.0
FBXO3-DT,-0.005722258,-17.988852,0.9954343238009259,1.0,0.0
LINC01886,-0.005722258,-17.886845,0.9954343238009259,1.0,0.0
AC011472.2,-0.005722258,-17.720695,0.9954343238009259,1.0,0.0
AC007370.2,-0.005722258,-17.428837,0.9954343238009259,1.0,0.0
KLHDC9,-0.005722258,-17.183071,0.9954343238009259,1.0,0.0
AL355597.1,-0.005722258,-17.45734,0.9954343238009259,1.0,0.0
AC005040.2,-0.005722258,-17.52867,0.9954343238009259,1.0,0.0
LINC00700,-0.005722258,-18.044773,0.9954343238009259,1.0,0.0
AL078612.2,-0.005722258,-18.223766,0.9954343238009259,1.0,0.0
IGSF22,-0.005722258,-17.997824,0.9954343238009259,1.0,0.0
AC092353.2,-0.005722258,-18.288052,0.9954343238009259,1.0,0.0
AC130651.1,-0.005722258,-18.349697,0.9954343238009259,1.0,0.0
AC130469.1,-0.005722258,-17.52896,0.9954343238009259,1.0,0.0
GCM2,-0.005722258,-17.731367,0.9954343238009259,1.0,0.0
NXPH3,-0.005722258,-17.943087,0.9954343238009259,1.0,0.0
AC078820.1,-0.005722258,-18.090027,0.9954343238009259,1.0,0.0
LINC01825,-0.005722258,-17.366888,0.9954343238009259,1.0,0.0
AC010401.2,-0.005722258,-17.65641,0.9954343238009259,1.0,0.0
DLX4,-0.005722258,-18.266304,0.9954343238009259,1.0,0.0
AC068544.2,-0.005722258,-17.97078,0.9954343238009259,1.0,0.0
AC004707.1,-0.005722258,-17.559788,0.9954343238009259,1.0,0.0
AL353576.1,-0.005722258,-18.02686,0.9954343238009259,1.0,0.0
AC007106.1,-0.005722258,-18.048641,0.9954343238009259,1.0,0.0
AC021491.1,-0.005722258,-17.041298,0.9954343238009259,1.0,0.0
AC087286.3,-0.005722258,-17.685822,0.9954343238009259,1.0,0.0
AC008083.4,-0.005722258,-17.836832,0.9954343238009259,1.0,0.0
AC116651.1,-0.005722258,-17.658472,0.9954343238009259,1.0,0.0
AC010333.1,-0.005722258,-17.55956,0.9954343238009259,1.0,0.0
AC021739.4,-0.005722258,-17.631792,0.9954343238009259,1.0,0.0
CATSPERD,-0.005722258,-17.497719,0.9954343238009259,1.0,0.0
LINC02071,-0.005722258,-17.742985,0.9954343238009259,1.0,0.0
AL138889.3,-0.005722258,-18.42542,0.9954343238009259,1.0,0.0
AL137856.1,-0.005722258,-17.666458,0.9954343238009259,1.0,0.0
AC007485.1,-0.005722258,-18.13848,0.9954343238009259,1.0,0.0
TRHDE,-0.005722258,-17.906263,0.9954343238009259,1.0,0.0
AC069549.2,-0.005722258,-18.17391,0.9954343238009259,1.0,0.0
PLIN4,-0.005722258,-18.12364,0.9954343238009259,1.0,0.0
AC007638.1,-0.005722258,-18.066717,0.9954343238009259,1.0,0.0
AL138899.1,-0.005722258,-18.079775,0.9954343238009259,1.0,0.0
AC079950.1,-0.005722258,-17.686758,0.9954343238009259,1.0,0.0
LINC01192,-0.005722258,-17.547834,0.9954343238009259,1.0,0.0
TLR5,-0.005722258,-17.896585,0.9954343238009259,1.0,0.0
TPH1,-0.005722258,-17.523016,0.9954343238009259,1.0,0.0
AC136469.1,-0.005722258,-16.967915,0.9954343238009259,1.0,0.0
AC002558.2,-0.005722258,-18.39346,0.9954343238009259,1.0,0.0
AC068234.3,-0.005722258,-18.065886,0.9954343238009259,1.0,0.0
AC124798.2,-0.005722258,-17.756247,0.9954343238009259,1.0,0.0
IL5,-0.005722258,-17.793772,0.9954343238009259,1.0,0.0
LINC01139,-0.005722258,-17.779795,0.9954343238009259,1.0,0.0
AL929091.1,-0.005722258,-18.235996,0.9954343238009259,1.0,0.0
AL162408.1,-0.005722258,-18.207537,0.9954343238009259,1.0,0.0
AC018521.4,-0.005722258,-18.072498,0.9954343238009259,1.0,0.0
AC010336.2,-0.005722258,-18.103313,0.9954343238009259,1.0,0.0
AC010336.4,-0.005722258,-17.586252,0.9954343238009259,1.0,0.0
TMEFF2,-0.005722258,-17.897617,0.9954343238009259,1.0,0.0
AC010336.3,-0.005722258,-17.298355,0.9954343238009259,1.0,0.0
PROSER2-AS1,-0.005722258,-17.942802,0.9954343238009259,1.0,0.0
AL358777.1,-0.005722258,-17.438835,0.9954343238009259,1.0,0.0
AL731559.1,-0.005722258,-18.37582,0.9954343238009259,1.0,0.0
AC079600.3,-0.005722258,-17.490253,0.9954343238009259,1.0,0.0
AC019130.1,-0.005722258,-18.143532,0.9954343238009259,1.0,0.0
AC012038.1,-0.005722258,-17.73146,0.9954343238009259,1.0,0.0
AC091965.4,-0.005722258,-17.625086,0.9954343238009259,1.0,0.0
TMIGD3,-0.005722258,-17.671946,0.9954343238009259,1.0,0.0
LINC02086,-0.005722258,-17.46108,0.9954343238009259,1.0,0.0
AC103876.1,-0.005722258,-17.031832,0.9954343238009259,1.0,0.0
AC126178.1,-0.005722258,-17.975767,0.9954343238009259,1.0,0.0
AGAP1-IT1,-0.005722258,-18.295456,0.9954343238009259,1.0,0.0
SCAT8,-0.005722258,-17.656574,0.9954343238009259,1.0,0.0
EHMT2-AS1,-0.005722258,-17.7732,0.9954343238009259,1.0,0.0
AC007298.1,-0.005722258,-17.81003,0.9954343238009259,1.0,0.0
HAL,-0.005722258,-17.33112,0.9954343238009259,1.0,0.0
AL592211.2,-0.005722258,-17.945972,0.9954343238009259,1.0,0.0
VWA7,-0.005722258,-18.164228,0.9954343238009259,1.0,0.0
RAB34,-0.005722258,-18.210272,0.9954343238009259,1.0,0.0
IQCN,-0.005722258,-17.58114,0.9954343238009259,1.0,0.0
CCDC38,-0.005722258,-17.501642,0.9954343238009259,1.0,0.0
AC093577.1,-0.005722258,-17.804821,0.9954343238009259,1.0,0.0
AC024267.3,-0.005722258,-17.56701,0.9954343238009259,1.0,0.0
IL12RB1,-0.005722258,-17.98299,0.9954343238009259,1.0,0.0
AC010894.3,-0.005722258,-17.615522,0.9954343238009259,1.0,0.0
LINC01653,-0.005722258,-17.600319,0.9954343238009259,1.0,0.0
B3GNT3,-0.005722258,-18.317204,0.9954343238009259,1.0,0.0
CHRNA1,-0.005722258,-18.1576,0.9954343238009259,1.0,0.0
AC025188.1,-0.005722258,-17.924347,0.9954343238009259,1.0,0.0
AC114776.1,-0.005722258,-17.787746,0.9954343238009259,1.0,0.0
AP003306.2,-0.005722258,-17.303528,0.9954343238009259,1.0,0.0
AC023389.1,-0.005722258,-17.572863,0.9954343238009259,1.0,0.0
AP002793.1,-0.005722258,-17.866161,0.9954343238009259,1.0,0.0
AC104984.1,-0.005722258,-17.931482,0.9954343238009259,1.0,0.0
HMCN2,-0.005722258,-17.24335,0.9954343238009259,1.0,0.0
HIST1H4B,-0.005722258,-17.183071,0.9954343238009259,1.0,0.0
SLC9A3,-0.005722258,-17.580347,0.9954343238009259,1.0,0.0
AC130324.2,-0.005722258,-16.694975,0.9954343238009259,1.0,0.0
AC087241.2,-0.005722258,-17.879395,0.9954343238009259,1.0,0.0
LINC01060,-0.005722258,-17.665785,0.9954343238009259,1.0,0.0
AC097381.1,-0.005722258,-17.774233,0.9954343238009259,1.0,0.0
AL139390.1,-0.005722258,-17.128975,0.9954343238009259,1.0,0.0
AC115989.1,-0.005722258,-17.469862,0.9954343238009259,1.0,0.0
TIGD3,-0.005722258,-17.746912,0.9954343238009259,1.0,0.0
ABCB11,-0.005722258,-17.705294,0.9954343238009259,1.0,0.0
AC093001.1,-0.005722258,-17.94689,0.9954343238009259,1.0,0.0
ZNF257,-0.005722258,-17.572319,0.9954343238009259,1.0,0.0
AP000944.6,-0.005722258,-17.724014,0.9954343238009259,1.0,0.0
AC106017.1,-0.005722258,-17.434193,0.9954343238009259,1.0,0.0
SERPINC1,-0.005722258,-17.549131,0.9954343238009259,1.0,0.0
AC093423.2,-0.005722258,-17.482597,0.9954343238009259,1.0,0.0
AC244517.11,-0.005722258,-17.849628,0.9954343238009259,1.0,0.0
DHRS9,-0.005722258,-17.283968,0.9954343238009259,1.0,0.0
AL157935.1,-0.005722258,-18.163322,0.9954343238009259,1.0,0.0
SLC47A2,-0.005722258,-18.101078,0.9954343238009259,1.0,0.0
AC007513.1,-0.005722258,-17.796776,0.9954343238009259,1.0,0.0
AC109460.4,-0.005722258,-17.070158,0.9954343238009259,1.0,0.0
CD19,-0.005722258,-17.998459,0.9954343238009259,1.0,0.0
LY6G6C,-0.005722258,-17.259186,0.9954343238009259,1.0,0.0
PYGM,-0.005722258,-17.78613,0.9954343238009259,1.0,0.0
CCDC144NL,-0.005722258,-17.727728,0.9954343238009259,1.0,0.0
ACOXL-AS1,-0.005722258,-17.966227,0.9954343238009259,1.0,0.0
AC145285.3,-0.005722258,-17.795362,0.9954343238009259,1.0,0.0
AC007405.3,-0.005722258,-17.891268,0.9954343238009259,1.0,0.0
AC015688.6,-0.005722258,-17.913105,0.9954343238009259,1.0,0.0
SULT1A2,-0.005722258,-18.095127,0.9954343238009259,1.0,0.0
PBX4,-0.005722258,-17.728134,0.9954343238009259,1.0,0.0
ABCA4,-0.005722258,-17.49623,0.9954343238009259,1.0,0.0
AC097059.1,-0.005722258,-17.670488,0.9954343238009259,1.0,0.0
AC138474.1,-0.005722258,-17.573578,0.9954343238009259,1.0,0.0
AC020913.2,-0.005722258,-17.419664,0.9954343238009259,1.0,0.0
OR4P4,-0.005722258,-17.908798,0.9954343238009259,1.0,0.0
LINC01511,-0.005722258,-17.361292,0.9954343238009259,1.0,0.0
AGBL2,-0.005722258,-17.916805,0.9954343238009259,1.0,0.0
LINC01502,-0.005722258,-17.86016,0.9954343238009259,1.0,0.0
SPI1,-0.005722258,-17.721996,0.9954343238009259,1.0,0.0
DPYD-AS2,-0.005722258,-18.083267,0.9954343238009259,1.0,0.0
AC112721.2,-0.005722258,-17.988504,0.9954343238009259,1.0,0.0
ARNTL2-AS1,-0.005722258,-17.629234,0.9954343238009259,1.0,0.0
AC243773.2,-0.005722258,-18.12011,0.9954343238009259,1.0,0.0
LHX3,-0.005722258,-17.554422,0.9954343238009259,1.0,0.0
AC112715.1,-0.005722258,-18.643375,0.9954343238009259,1.0,0.0
AC243654.3,-0.005722258,-18.00922,0.9954343238009259,1.0,0.0
CYP21A2,-0.005722258,-18.286892,0.9954343238009259,1.0,0.0
AC104453.1,-0.005722258,-17.634876,0.9954343238009259,1.0,0.0
SLC27A6,-0.005722258,-17.78304,0.9954343238009259,1.0,0.0
AC022098.3,-0.005722258,-17.158628,0.9954343238009259,1.0,0.0
TBC1D3L,-0.005722258,-17.716715,0.9954343238009259,1.0,0.0
AL592301.1,-0.005722258,-17.468084,0.9954343238009259,1.0,0.0
TBC1D3E,-0.005722258,-17.511284,0.9954343238009259,1.0,0.0
AL646090.2,-0.005722258,-17.642376,0.9954343238009259,1.0,0.0
AC116345.1,-0.005722258,-17.88226,0.9954343238009259,1.0,0.0
AC006449.3,-0.005722258,-17.742928,0.9954343238009259,1.0,0.0
C17orf98,-0.005722258,-17.680544,0.9954343238009259,1.0,0.0
IQCA1,-0.005722258,-17.948393,0.9954343238009259,1.0,0.0
AC005546.1,-0.005722258,-17.388819,0.9954343238009259,1.0,0.0
CHRNA3,-0.005722258,-17.063972,0.9954343238009259,1.0,0.0
OR5AS1,-0.005722258,-17.480955,0.9954343238009259,1.0,0.0
AC027228.2,-0.005722258,-18.140081,0.9954343238009259,1.0,0.0
AC026310.2,-0.005722258,-18.107096,0.9954343238009259,1.0,0.0
GCNT4,-0.005722258,-17.698996,0.9954343238009259,1.0,0.0
AL023755.1,-0.005722258,-17.589474,0.9954343238009259,1.0,0.0
CFAP77,-0.005722258,-17.563387,0.9954343238009259,1.0,0.0
RHBDL3,-0.005722258,-17.34786,0.9954343238009259,1.0,0.0
AC005899.7,-0.005722258,0.2233594,0.9954343238009259,1.0,0.011904761904761904
SH2D7,-0.005722258,-17.628672,0.9954343238009259,1.0,0.0
AC005899.1,-0.005722258,-17.811932,0.9954343238009259,1.0,0.0
AC079336.2,-0.005722258,-17.950275,0.9954343238009259,1.0,0.0
AC079336.3,-0.005722258,-17.803125,0.9954343238009259,1.0,0.0
AC084809.1,-0.005722258,-17.839533,0.9954343238009259,1.0,0.0
LINC02610,-0.005722258,-18.238224,0.9954343238009259,1.0,0.0
AP001350.1,-0.005722258,-18.05033,0.9954343238009259,1.0,0.0
AC015849.1,-0.005722258,-17.589966,0.9954343238009259,1.0,0.0
U91328.3,-0.005722258,-18.076576,0.9954343238009259,1.0,0.0
AC012085.2,-0.005722258,-18.1118,0.9954343238009259,1.0,0.0
CYP4F11,-0.005722258,-17.715702,0.9954343238009259,1.0,0.0
KLHL30,-0.005722258,-17.829716,0.9954343238009259,1.0,0.0
AC090607.4,-0.005722258,-17.981096,0.9954343238009259,1.0,0.0
U91328.2,-0.005722258,-17.512207,0.9954343238009259,1.0,0.0
SLC35G3,-0.005722258,-17.946789,0.9954343238009259,1.0,0.0
ERN2,-0.005722258,-17.79021,0.9954343238009259,1.0,0.0
AC022509.1,-0.005722258,-17.581028,0.9954343238009259,1.0,0.0
C17orf50,-0.005722258,-17.763187,0.9954343238009259,1.0,0.0
LINC02412,-0.005722258,-17.234856,0.9954343238009259,1.0,0.0
AL157831.2,-0.005722258,-17.546886,0.9954343238009259,1.0,0.0
AL158211.1,-0.005722258,-17.70744,0.9954343238009259,1.0,0.0
SPATA45,-0.005722258,-17.81245,0.9954343238009259,1.0,0.0
CATSPER3,-0.005722258,-17.303314,0.9954343238009259,1.0,0.0
AC012301.1,-0.005722258,-17.96729,0.9954343238009259,1.0,0.0
KRT75,-0.005722258,-18.12341,0.9954343238009259,1.0,0.0
AC145207.8,-0.005722258,-17.44272,0.9954343238009259,1.0,0.0
KCNIP3,-0.005722258,-18.24376,0.9954343238009259,1.0,0.0
AC093525.3,-0.005722258,-17.909683,0.9954343238009259,1.0,0.0
RBM20,-0.005722258,-18.155855,0.9954343238009259,1.0,0.0
SLIT2-IT1,-0.005722258,-18.16179,0.9954343238009259,1.0,0.0
MRO,-0.005722258,-17.2896,0.9954343238009259,1.0,0.0
AL391069.3,-0.005722258,-17.965849,0.9954343238009259,1.0,0.0
AC008945.2,-0.005722258,-17.913626,0.9954343238009259,1.0,0.0
LINC02006,-0.005722258,-18.378574,0.9954343238009259,1.0,0.0
AC130371.2,-0.005722258,-17.62465,0.9954343238009259,1.0,0.0
CATIP,-0.005722258,-18.034658,0.9954343238009259,1.0,0.0
ITPRIP-AS1,-0.005722258,-17.951805,0.9954343238009259,1.0,0.0
CATIP-AS2,-0.005722258,-17.998093,0.9954343238009259,1.0,0.0
LRP1-AS,-0.005722258,-17.78815,0.9954343238009259,1.0,0.0
CCDC152,-0.005722258,-17.75953,0.9954343238009259,1.0,0.0
PCSK6-AS1,-0.005722258,-17.34751,0.9954343238009259,1.0,0.0
AL355472.2,-0.005722258,-18.029936,0.9954343238009259,1.0,0.0
ZNF503-AS1,-0.005722258,-17.564247,0.9954343238009259,1.0,0.0
APOBEC2,-0.005722258,-17.422333,0.9954343238009259,1.0,0.0
AC026120.3,-0.005722258,-18.496471,0.9954343238009259,1.0,0.0
AP001178.2,-0.005722258,-17.234219,0.9954343238009259,1.0,0.0
CRIP3,-0.005722258,-17.126358,0.9954343238009259,1.0,0.0
LINC01744,-0.005722258,-17.4596,0.9954343238009259,1.0,0.0
CDK5R2,-0.005722258,-17.628803,0.9954343238009259,1.0,0.0
KRT86,-0.005722258,-17.234821,0.9954343238009259,1.0,0.0
TNFRSF17,-0.005722258,-17.558077,0.9954343238009259,1.0,0.0
IBA57-DT,-0.005722258,-17.44074,0.9954343238009259,1.0,0.0
CPXM2,-0.005722258,-18.080404,0.9954343238009259,1.0,0.0
AC022035.1,-0.005722258,-18.043896,0.9954343238009259,1.0,0.0
PTPRN,-0.005722258,-17.50503,0.9954343238009259,1.0,0.0
AC108718.1,-0.005722258,-17.474413,0.9954343238009259,1.0,0.0
ATOH7,-0.005722258,-17.78909,0.9954343238009259,1.0,0.0
AC016738.2,-0.005722258,-17.770279,0.9954343238009259,1.0,0.0
AL451047.1,-0.005722258,-17.987621,0.9954343238009259,1.0,0.0
AC008966.2,-0.005722258,-17.945951,0.9954343238009259,1.0,0.0
ARMS2,-0.005722258,-17.994656,0.9954343238009259,1.0,0.0
LINC02388,-0.005722258,-17.89778,0.9954343238009259,1.0,0.0
AC239860.4,-0.005722258,-17.245792,0.9954343238009259,1.0,0.0
AC100843.1,-0.005722258,-17.475306,0.9954343238009259,1.0,0.0
BX842242.1,-0.005722258,-17.330128,0.9954343238009259,1.0,0.0
AC026347.1,-0.005722258,-18.36489,0.9954343238009259,1.0,0.0
HRNR,-0.005722258,-17.933472,0.9954343238009259,1.0,0.0
AC097468.4,-0.005722258,-17.536345,0.9954343238009259,1.0,0.0
AC007362.1,-0.005722258,-17.498219,0.9954343238009259,1.0,0.0
AC092667.1,-0.005722258,-17.889044,0.9954343238009259,1.0,0.0
AC124319.2,-0.005722258,-17.676249,0.9954343238009259,1.0,0.0
AC090213.1,-0.005722258,-17.827194,0.9954343238009259,1.0,0.0
AC120024.1,-0.005722258,-18.036064,0.9954343238009259,1.0,0.0
AC025259.1,-0.005722258,-17.733154,0.9954343238009259,1.0,0.0
SMIM41,-0.005722258,-17.42135,0.9954343238009259,1.0,0.0
C10orf82,-0.005722258,-17.433743,0.9954343238009259,1.0,0.0
PALD1,-0.005722258,-17.321047,0.9954343238009259,1.0,0.0
AC009226.1,-0.005722258,-17.633787,0.9954343238009259,1.0,0.0
SLC14A2,-0.005722258,-18.367582,0.9954343238009259,1.0,0.0
INA,-0.005722258,-17.520027,0.9954343238009259,1.0,0.0
AC120049.1,-0.005722258,-18.274275,0.9954343238009259,1.0,0.0
AL023882.1,-0.005722258,-17.45244,0.9954343238009259,1.0,0.0
AC006249.1,-0.005722258,-17.489271,0.9954343238009259,1.0,0.0
AC078778.1,-0.005722258,-17.275923,0.9954343238009259,1.0,0.0
CH25H,-0.005722258,-18.293947,0.9954343238009259,1.0,0.0
AL031710.1,-0.005722258,-17.909227,0.9954343238009259,1.0,0.0
AL118511.1,-0.005722258,-17.87497,0.9954343238009259,1.0,0.0
AL139241.1,-0.005722258,-17.553133,0.9954343238009259,1.0,0.0
PCAT18,-0.005722258,-17.811682,0.9954343238009259,1.0,0.0
AC090206.1,-0.005722258,-17.509167,0.9954343238009259,1.0,0.0
AC034102.3,-0.005722258,-17.536652,0.9954343238009259,1.0,0.0
GPR84,-0.005722258,-17.498104,0.9954343238009259,1.0,0.0
LINC01154,-0.005722258,-17.53887,0.9954343238009259,1.0,0.0
AC007922.4,-0.005722258,-17.811785,0.9954343238009259,1.0,0.0
AC025162.1,-0.005722258,-17.535921,0.9954343238009259,1.0,0.0
AC006557.3,-0.005722258,-17.2825,0.9954343238009259,1.0,0.0
AC012513.1,-0.005722258,-17.635363,0.9954343238009259,1.0,0.0
AC092683.2,-0.005722258,-17.979523,0.9954343238009259,1.0,0.0
CYP2C8,-0.005722258,-17.60904,0.9954343238009259,1.0,0.0
CYP2C18,-0.005722258,-17.179333,0.9954343238009259,1.0,0.0
AL139124.1,-0.005722258,-18.060616,0.9954343238009259,1.0,0.0
SSTR5-AS1,-0.005722258,-17.67231,0.9954343238009259,1.0,0.0
AC090912.1,-0.005722258,-17.786087,0.9954343238009259,1.0,0.0
AL157396.1,-0.005722258,-17.250166,0.9954343238009259,1.0,0.0
FFAR4,-0.005722258,-17.1796,0.9954343238009259,1.0,0.0
RBP4,-0.005722258,-17.829638,0.9954343238009259,1.0,0.0
AP001269.4,-0.005722258,-17.315771,0.9954343238009259,1.0,0.0
AC079610.1,-0.005722258,-17.595608,0.9954343238009259,1.0,0.0
AL118511.3,-0.005722258,-17.868263,0.9954343238009259,1.0,0.0
AL133215.1,-0.005722258,-18.391247,0.9954343238009259,1.0,0.0
AMHR2,-0.005722258,-17.73631,0.9954343238009259,1.0,0.0
AC009065.3,-0.005722258,-17.950655,0.9954343238009259,1.0,0.0
AP000919.3,-0.005722258,-17.435253,0.9954343238009259,1.0,0.0
DLGAP1-AS3,-0.005722258,-17.598911,0.9954343238009259,1.0,0.0
AC024884.2,-0.005722258,-17.607668,0.9954343238009259,1.0,0.0
AL133375.1,-0.005722258,-17.55339,0.9954343238009259,1.0,0.0
DYDC1,-0.005722258,-17.745958,0.9954343238009259,1.0,0.0
DYDC2,-0.005722258,-17.372711,0.9954343238009259,1.0,0.0
AP001095.1,-0.005722258,-17.600714,0.9954343238009259,1.0,0.0
HOXC9,-0.005722258,-17.667622,0.9954343238009259,1.0,0.0
UNC80,-0.005722258,-17.525333,0.9954343238009259,1.0,0.0
LMLN-AS1,-0.005722258,-17.570248,0.9954343238009259,1.0,0.0
AC023794.6,-0.005722258,-17.175558,0.9954343238009259,1.0,0.0
GDNF-AS1,-0.005722258,-17.671106,0.9954343238009259,1.0,0.0
AC073896.5,-0.005722258,-17.932703,0.9954343238009259,1.0,0.0
MEIOB,-0.005722258,-18.289595,0.9954343238009259,1.0,0.0
AC073321.1,-0.005722258,-18.232025,0.9954343238009259,1.0,0.0
SLC39A5,-0.005722258,-17.652838,0.9954343238009259,1.0,0.0
TXNDC2,-0.005722258,-18.274376,0.9954343238009259,1.0,0.0
AC015563.1,-0.005722258,-17.834604,0.9954343238009259,1.0,0.0
AC011825.2,-0.005722258,-18.005604,0.9954343238009259,1.0,0.0
AC022960.2,-0.005722258,-17.813843,0.9954343238009259,1.0,0.0
NOTCH2NLB,-0.005722258,-17.914438,0.9954343238009259,1.0,0.0
AL138921.2,-0.005722258,-18.163033,0.9954343238009259,1.0,0.0
AC008121.2,-0.005722258,-18.199148,0.9954343238009259,1.0,0.0
AC111170.1,-0.005722258,-18.116423,0.9954343238009259,1.0,0.0
EGR2,-0.005722258,-17.981083,0.9954343238009259,1.0,0.0
AC078777.1,-0.005722258,-18.00163,0.9954343238009259,1.0,0.0
AC091059.1,-0.005722258,-17.903122,0.9954343238009259,1.0,0.0
AC010638.1,-0.005722258,-16.995668,0.9954343238009259,1.0,0.0
VHLL,-0.005722258,-17.230614,0.9954343238009259,1.0,0.0
TMPRSS9,-0.005722258,-17.749323,0.9954343238009259,1.0,0.0
LINC01923,-0.005722258,-18.387646,0.9954343238009259,1.0,0.0
AC010735.2,-0.005722258,-17.585775,0.9954343238009259,1.0,0.0
AC139887.1,-0.005722258,-17.956095,0.9954343238009259,1.0,0.0
TVP23A,-0.005722258,-17.962847,0.9954343238009259,1.0,0.0
AL353600.2,-0.005722258,-17.402126,0.9954343238009259,1.0,0.0
CSNK1G2-AS1,-0.005722258,-18.073051,0.9954343238009259,1.0,0.0
AC131971.1,-0.005722258,-18.09673,0.9954343238009259,1.0,0.0
AC073641.1,-0.005722258,-17.666052,0.9954343238009259,1.0,0.0
TBX2,-0.005722258,-17.582315,0.9954343238009259,1.0,0.0
C17orf82,-0.005722258,-17.750412,0.9954343238009259,1.0,0.0
AC012615.6,-0.005722258,-17.94202,0.9954343238009259,1.0,0.0
LINC01585,-0.005722258,-18.19033,0.9954343238009259,1.0,0.0
AL121749.2,-0.005722258,-18.27867,0.9954343238009259,1.0,0.0
LINC01219,-0.005722258,-17.786766,0.9954343238009259,1.0,0.0
BRSK2,-0.005722258,-17.695276,0.9954343238009259,1.0,0.0
AL445430.2,-0.005722258,-17.86322,0.9954343238009259,1.0,0.0
AC016644.1,-0.005722258,-17.970655,0.9954343238009259,1.0,0.0
WARS2-IT1,-0.005722258,-18.207373,0.9954343238009259,1.0,0.0
AL359915.1,-0.005722258,-17.841328,0.9954343238009259,1.0,0.0
EFNA2,-0.005722258,-17.527334,0.9954343238009259,1.0,0.0
AOX1,-0.005722258,-17.227936,0.9954343238009259,1.0,0.0
AC099850.3,-0.005722258,-18.187637,0.9954343238009259,1.0,0.0
BOLL,-0.005722258,-17.851269,0.9954343238009259,1.0,0.0
OR52K1,-0.005722258,-17.8763,0.9954343238009259,1.0,0.0
CACTIN-AS1,-0.005722258,-18.044008,0.9954343238009259,1.0,0.0
AC008438.1,-0.005722258,-17.402431,0.9954343238009259,1.0,0.0
AL513128.3,-0.005722258,-17.75707,0.9954343238009259,1.0,0.0
AC109133.1,-0.005722258,-17.533113,0.9954343238009259,1.0,0.0
AL139815.1,-0.005722258,-17.982115,0.9954343238009259,1.0,0.0
AC004466.2,-0.005722258,-18.073652,0.9954343238009259,1.0,0.0
AL139807.1,-0.005722258,-17.51695,0.9954343238009259,1.0,0.0
AC091181.2,-0.005722258,-17.87811,0.9954343238009259,1.0,0.0
AL513188.1,-0.005722258,-17.758175,0.9954343238009259,1.0,0.0
GPR158,-0.005722258,-17.755793,0.9954343238009259,1.0,0.0
AC015845.2,-0.005722258,-17.280708,0.9954343238009259,1.0,0.0
AC004775.1,-0.005722258,-17.527864,0.9954343238009259,1.0,0.0
OR51I2,-0.005722258,-17.702246,0.9954343238009259,1.0,0.0
OR51D1,-0.005722258,-17.573624,0.9954343238009259,1.0,0.0
DLG1-AS1,-0.005722258,-17.176952,0.9954343238009259,1.0,0.0
AC005786.2,-0.005722258,-17.5606,0.9954343238009259,1.0,0.0
AC005786.3,-0.005722258,-18.116858,0.9954343238009259,1.0,0.0
AC092881.2,-0.005722258,-17.51412,0.9954343238009259,1.0,0.0
AC005962.2,-0.005722258,-17.507555,0.9954343238009259,1.0,0.0
LINC01762,-0.005722258,-17.75703,0.9954343238009259,1.0,0.0
AL157904.1,-0.005722258,-17.837082,0.9954343238009259,1.0,0.0
RNF43,-0.005722258,-17.617367,0.9954343238009259,1.0,0.0
AC074029.3,-0.005722258,-17.52695,0.9954343238009259,1.0,0.0
BEST3,-0.005722258,-17.339144,0.9954343238009259,1.0,0.0
LINC02644,-0.005722258,-18.347694,0.9954343238009259,1.0,0.0
AC007163.1,-0.005722258,-18.101278,0.9954343238009259,1.0,0.0
AC103810.5,-0.005722258,-17.260136,0.9954343238009259,1.0,0.0
TCTE1,-0.005722258,-17.878134,0.9954343238009259,1.0,0.0
LITAFD,-0.005722258,-17.805485,0.9954343238009259,1.0,0.0
AC018445.6,-0.005722258,-17.504519,0.9954343238009259,1.0,0.0
C1orf189,-0.005722258,-17.969778,0.9954343238009259,1.0,0.0
AL035670.1,-0.005722258,-17.614283,0.9954343238009259,1.0,0.0
AC087749.1,-0.005722258,-17.49186,0.9954343238009259,1.0,0.0
JAKMIP3,-0.005722258,-17.24403,0.9954343238009259,1.0,0.0
AC104423.1,-0.005722258,-17.589878,0.9954343238009259,1.0,0.0
LINC01132,-0.005722258,-17.353289,0.9954343238009259,1.0,0.0
AL157823.2,-0.005722258,-17.821651,0.9954343238009259,1.0,0.0
GLIS2-AS1,-0.005722258,-18.271208,0.9954343238009259,1.0,0.0
AC016816.1,-0.005722258,-17.85913,0.9954343238009259,1.0,0.0
AC104109.2,-0.005722258,-17.805279,0.9954343238009259,1.0,0.0
AC005736.2,-0.005722258,-18.01291,0.9954343238009259,1.0,0.0
MTRNR2L5,-0.005722258,-17.486183,0.9954343238009259,1.0,0.0
AC025576.3,-0.005722258,-17.719772,0.9954343238009259,1.0,0.0
FAM13C,-0.005722258,-17.305655,0.9954343238009259,1.0,0.0
AC006111.2,-0.005722258,-17.727184,0.9954343238009259,1.0,0.0
AANAT,-0.005722258,-17.714024,0.9954343238009259,1.0,0.0
PNPLA1,-0.005722258,-18.449951,0.9954343238009259,1.0,0.0
LINC01632,-0.005722258,-17.659246,0.9954343238009259,1.0,0.0
AL356952.1,-0.005722258,-17.749655,0.9954343238009259,1.0,0.0
AL157888.1,-0.005722258,-18.00998,0.9954343238009259,1.0,0.0
AL731577.2,-0.005722258,-17.938759,0.9954343238009259,1.0,0.0
LIVAR,-0.005722258,-18.559652,0.9954343238009259,1.0,0.0
AC111170.2,-0.005722258,-17.7617,0.9954343238009259,1.0,0.0
AC067751.1,-0.005722258,-18.12907,0.9954343238009259,1.0,0.0
AL451069.2,-0.005722258,-18.177883,0.9954343238009259,1.0,0.0
AC114341.1,-0.005722258,-17.181341,0.9954343238009259,1.0,0.0
CDC20B,-0.005722258,-17.406437,0.9954343238009259,1.0,0.0
LEFTY1,-0.005722258,-18.066664,0.9954343238009259,1.0,0.0
IQCJ,-0.005722258,-17.641495,0.9954343238009259,1.0,0.0
ADGRF4,-0.005722258,-17.488611,0.9954343238009259,1.0,0.0
AC110921.1,-0.005722258,-18.176992,0.9954343238009259,1.0,0.0
AC005391.1,-0.005722258,-18.092083,0.9954343238009259,1.0,0.0
AZU1,-0.005722258,-18.048058,0.9954343238009259,1.0,0.0
ZNF32-AS1,-0.005722258,-17.422842,0.9954343238009259,1.0,0.0
AC138420.1,-0.005722258,-18.235313,0.9954343238009259,1.0,0.0
RBFOX1,-0.005722258,-17.632782,0.9954343238009259,1.0,0.0
AC125611.3,-0.005722258,-18.227638,0.9954343238009259,1.0,0.0
AL391832.3,-0.005722258,-18.00621,0.9954343238009259,1.0,0.0
TMEM72-AS1,-0.005722258,-17.54053,0.9954343238009259,1.0,0.0
GRIP1,-0.005722258,-17.495785,0.9954343238009259,1.0,0.0
AC091893.2,-0.005722258,-17.77704,0.9954343238009259,1.0,0.0
AC136475.7,-0.005722258,-17.601702,0.9954343238009259,1.0,0.0
C2CD6,-0.005722258,-18.380177,0.9954343238009259,1.0,0.0
C16orf71,-0.005722258,-17.445524,0.9954343238009259,1.0,0.0
AC023830.1,-0.005722258,-17.547512,0.9954343238009259,1.0,0.0
FZD7,-0.005722258,-17.7488,0.9954343238009259,1.0,0.0
PRAP1,-0.005722258,-17.53973,0.9954343238009259,1.0,0.0
AC022211.1,-0.005722258,-17.368336,0.9954343238009259,1.0,0.0
AC092192.1,-0.005722258,-18.139675,0.9954343238009259,1.0,0.0
VENTX,-0.005722258,-17.901205,0.9954343238009259,1.0,0.0
AL592078.2,-0.005722258,-18.04794,0.9954343238009259,1.0,0.0
AQP10,-0.005722258,-18.1645,0.9954343238009259,1.0,0.0
ZNF99,-0.005722258,-18.330244,0.9954343238009259,1.0,0.0
CTAGE1,-0.005722258,-17.565271,0.9954343238009259,1.0,0.0
Z99127.1,-0.005722258,-17.72686,0.9954343238009259,1.0,0.0
LINC00304,-0.005722258,-17.685266,0.9954343238009259,1.0,0.0
LINC02182,-0.005722258,-18.004498,0.9954343238009259,1.0,0.0
CR1,-0.005722258,-17.548872,0.9954343238009259,1.0,0.0
AC087639.2,-0.005722258,-17.730577,0.9954343238009259,1.0,0.0
IL37,-0.005722258,-17.45471,0.9954343238009259,1.0,0.0
NOX5,-0.005722258,-17.716742,0.9954343238009259,1.0,0.0
AL807757.1,-0.005722258,-17.75488,0.9954343238009259,1.0,0.0
PTPN6,-0.005722258,-18.22575,0.9954343238009259,1.0,0.0
AP000786.1,-0.005722258,-17.636587,0.9954343238009259,1.0,0.0
CBFA2T3,-0.005722258,-17.443146,0.9954343238009259,1.0,0.0
AC027088.5,-0.005722258,-16.961752,0.9954343238009259,1.0,0.0
AC007614.1,-0.005722258,-18.039095,0.9954343238009259,1.0,0.0
SESN3,-0.005722258,-17.194807,0.9954343238009259,1.0,0.0
AC092120.1,-0.005722258,-17.10081,0.9954343238009259,1.0,0.0
AC019193.2,-0.005722258,-17.617401,0.9954343238009259,1.0,0.0
AC012442.1,-0.005722258,-18.117102,0.9954343238009259,1.0,0.0
LINC00092,-0.005722258,-17.802795,0.9954343238009259,1.0,0.0
AC008840.1,-0.005722258,-17.762758,0.9954343238009259,1.0,0.0
AL449403.2,-0.005722258,-17.989843,0.9954343238009259,1.0,0.0
AC026992.1,-0.005722258,-17.97384,0.9954343238009259,1.0,0.0
USP30-AS1,-0.005722258,-17.384127,0.9954343238009259,1.0,0.0
AC016910.1,-0.005722258,-17.8339,0.9954343238009259,1.0,0.0
GPR150,-0.005722258,-17.438072,0.9954343238009259,1.0,0.0
AC134312.1,-0.005722258,-17.378387,0.9954343238009259,1.0,0.0
CA5A,-0.005722258,-16.905441,0.9954343238009259,1.0,0.0
FANCD2OS,-0.005722258,-17.592152,0.9954343238009259,1.0,0.0
AC007728.2,-0.005722258,-17.944738,0.9954343238009259,1.0,0.0
AL096678.1,-0.005722258,-17.518656,0.9954343238009259,1.0,0.0
C11orf87,-0.005722258,-17.363747,0.9954343238009259,1.0,0.0
AL353764.1,-0.005722258,-17.854086,0.9954343238009259,1.0,0.0
LINC02139,-0.005722258,-17.572094,0.9954343238009259,1.0,0.0
AL136097.2,-0.005722258,-17.741316,0.9954343238009259,1.0,0.0
LYPD1,-0.005722258,-17.734108,0.9954343238009259,1.0,0.0
GUCY1A2,-0.005722258,-17.771467,0.9954343238009259,1.0,0.0
AP003173.1,-0.005722258,-18.034592,0.9954343238009259,1.0,0.0
OMD,-0.005722258,-17.565174,0.9954343238009259,1.0,0.0
GRIA4,-0.005722258,-17.269552,0.9954343238009259,1.0,0.0
AC131235.3,-0.005722258,-17.727198,0.9954343238009259,1.0,0.0
AC092801.1,-0.005722258,-18.113548,0.9954343238009259,1.0,0.0
CEACAM5,-0.005722258,-17.335623,0.9954343238009259,1.0,0.0
FENDRR,-0.005722258,-17.356947,0.9954343238009259,1.0,0.0
CD4,-0.005722258,-17.328867,0.9954343238009259,1.0,0.0
AC093519.2,-0.005722258,-17.839977,0.9954343238009259,1.0,0.0
AP000942.2,-0.005722258,-17.204597,0.9954343238009259,1.0,0.0
B3GNT8,-0.005722258,-17.56302,0.9954343238009259,1.0,0.0
LINC02181,-0.005722258,-17.950703,0.9954343238009259,1.0,0.0
LINC02713,-0.005722258,-17.450054,0.9954343238009259,1.0,0.0
AC092720.1,-0.005722258,-17.950954,0.9954343238009259,1.0,0.0
AL133255.1,-0.005722258,-17.662971,0.9954343238009259,1.0,0.0
M1AP,-0.005722258,-17.916323,0.9954343238009259,1.0,0.0
AC007533.1,-0.005722258,-18.137646,0.9954343238009259,1.0,0.0
AL022397.1,-0.005722258,-17.38709,0.9954343238009259,1.0,0.0
AC016590.4,-0.005722258,-17.82303,0.9954343238009259,1.0,0.0
AC079385.1,-0.005722258,-17.404036,0.9954343238009259,1.0,0.0
CHRDL2,-0.005722258,-17.77591,0.9954343238009259,1.0,0.0
AC074132.1,-0.005722258,-18.079826,0.9954343238009259,1.0,0.0
ZNF793-AS1,-0.005722258,-17.58459,0.9954343238009259,1.0,0.0
AL078645.1,-0.005722258,-18.049786,0.9954343238009259,1.0,0.0
KCNE3,-0.005722258,-17.928713,0.9954343238009259,1.0,0.0
ADGRV1,-0.005722258,-17.565199,0.9954343238009259,1.0,0.0
SLC52A1,-0.005722258,-17.132256,0.9954343238009259,1.0,0.0
AC016590.3,-0.005722258,-17.69175,0.9954343238009259,1.0,0.0
LINC02259,-0.005722258,-17.677383,0.9954343238009259,1.0,0.0
CDSN,-0.005722258,-17.13028,0.9954343238009259,1.0,0.0
AP002815.1,-0.005722258,-17.669672,0.9954343238009259,1.0,0.0
DNAJB13,-0.005722258,-17.329718,0.9954343238009259,1.0,0.0
AP002770.1,-0.005722258,-18.311272,0.9954343238009259,1.0,0.0
TAL2,-0.005722258,-17.638472,0.9954343238009259,1.0,0.0
SLC13A5,-0.005722258,-17.798185,0.9954343238009259,1.0,0.0
LINC01505,-0.005722258,-18.02398,0.9954343238009259,1.0,0.0
AP005019.1,-0.005722258,-17.73382,0.9954343238009259,1.0,0.0
AC073288.2,-0.005722258,-17.469,0.9954343238009259,1.0,0.0
AC100827.4,-0.005722258,-17.535145,0.9954343238009259,1.0,0.0
AL355482.1,-0.005722258,-17.865734,0.9954343238009259,1.0,0.0
HIGD2B,-0.005722258,-18.209778,0.9954343238009259,1.0,0.0
LINC01492,-0.005722258,-17.743366,0.9954343238009259,1.0,0.0
AC022148.1,-0.005722258,-17.6312,0.9954343238009259,1.0,0.0
LINC02204,-0.005722258,-17.609945,0.9954343238009259,1.0,0.0
AC090617.5,-0.005722258,-17.923841,0.9954343238009259,1.0,0.0
TEX41,-0.005722258,-18.113516,0.9954343238009259,1.0,0.0
AP000446.1,-0.005722258,-17.890299,0.9954343238009259,1.0,0.0
AP000873.4,-0.005722258,-18.440615,0.9954343238009259,1.0,0.0
SALRNA2,-0.005722258,-17.717892,0.9954343238009259,1.0,0.0
LINC01351,-0.005722258,-17.876204,0.9954343238009259,1.0,0.0
AL590138.1,-0.005722258,-17.882881,0.9954343238009259,1.0,0.0
AL807776.1,-0.005722258,-17.817913,0.9954343238009259,1.0,0.0
THRSP,-0.005722258,-17.726204,0.9954343238009259,1.0,0.0
COL15A1,-0.005722258,-18.11518,0.9954343238009259,1.0,0.0
KIF26B,-0.005722258,-17.55468,0.9954343238009259,1.0,0.0
SLC25A2,-0.005722258,-18.289627,0.9954343238009259,1.0,0.0
AC123595.1,-0.005722258,-18.083931,0.9954343238009259,1.0,0.0
AC108861.1,-0.005722258,-18.174414,0.9954343238009259,1.0,0.0
AICDA,-0.005722258,-18.061026,0.9954343238009259,1.0,0.0
BX323046.1,-0.005722258,-17.742754,0.9954343238009259,1.0,0.0
AC096531.2,-0.005722258,-17.90364,0.9954343238009259,1.0,0.0
GRAMD2A,-0.005722258,-17.54771,0.9954343238009259,1.0,0.0
AL358937.1,-0.005722258,-17.795624,0.9954343238009259,1.0,0.0
A2ML1-AS1,-0.005722258,-17.937208,0.9954343238009259,1.0,0.0
AC116914.2,-0.005722258,-17.651808,0.9954343238009259,1.0,0.0
AC079385.3,-0.005722258,-17.904947,0.9954343238009259,1.0,0.0
AC087742.1,-0.005722258,-17.64495,0.9954343238009259,1.0,0.0
AC092145.1,-0.005722258,-17.934399,0.9954343238009259,1.0,0.0
AL033530.1,-0.005722258,-17.354664,0.9954343238009259,1.0,0.0
AP003973.2,-0.005722258,-17.44183,0.9954343238009259,1.0,0.0
AC084724.1,-0.005722258,-17.46268,0.9954343238009259,1.0,0.0
DERPC,-0.005722258,-18.00839,0.9954343238009259,1.0,0.0
AL590491.2,-0.005722258,-17.501661,0.9954343238009259,1.0,0.0
SPATA31A7,-0.005722258,-18.455462,0.9954343238009259,1.0,0.0
AC012157.2,-0.005722258,-17.887228,0.9954343238009259,1.0,0.0
OR8D4,-0.005722258,-17.38555,0.9954343238009259,1.0,0.0
AC103740.1,-0.005722258,-17.860266,0.9954343238009259,1.0,0.0
HTT-AS,-0.005722258,-17.097498,0.9954343238009259,1.0,0.0
AC012603.1,-0.005722258,-18.238802,0.9954343238009259,1.0,0.0
AC005753.1,-0.005722258,-17.741436,0.9954343238009259,1.0,0.0
CR769776.3,-0.005722258,-16.957346,0.9954343238009259,1.0,0.0
CLEC18A,-0.005722258,-17.587496,0.9954343238009259,1.0,0.0
CDH1,-0.005722258,-17.397076,0.9954343238009259,1.0,0.0
TBX3,-0.005722258,-17.225134,0.9954343238009259,1.0,0.0
AL589826.2,-0.005722258,-17.316116,0.9954343238009259,1.0,0.0
AC092957.1,-0.005722258,-17.50655,0.9954343238009259,1.0,0.0
AC012184.4,-0.005722258,-16.982445,0.9954343238009259,1.0,0.0
PTTG2,-0.005722258,-18.364779,0.9954343238009259,1.0,0.0
AC020763.1,-0.005722258,-16.897646,0.9954343238009259,1.0,0.0
HYDIN,-0.005722258,-17.600325,0.9954343238009259,1.0,0.0
AC099794.1,-0.005722258,-17.059286,0.9954343238009259,1.0,0.0
AC009090.3,-0.005722258,-17.782715,0.9954343238009259,1.0,0.0
AC073167.1,-0.005722258,-18.006102,0.9954343238009259,1.0,0.0
AC009137.2,-0.005722258,-17.897253,0.9954343238009259,1.0,0.0
AC010275.1,-0.005722258,-17.898413,0.9954343238009259,1.0,0.0
CEACAM8,-0.005722258,-17.766043,0.9954343238009259,1.0,0.0
AC107241.1,-0.005722258,-17.485714,0.9954343238009259,1.0,0.0
LEXM,-0.005722258,-17.95078,0.9954343238009259,1.0,0.0
LINC02743,-0.005722258,-17.607689,0.9954343238009259,1.0,0.0
AC096536.3,-0.005722258,-17.328615,0.9954343238009259,1.0,0.0
AC090644.1,-0.005722258,-17.707558,0.9954343238009259,1.0,0.0
AL358933.1,-0.005722258,-17.856224,0.9954343238009259,1.0,0.0
C11orf45,-0.005722258,-17.288448,0.9954343238009259,1.0,0.0
AC079988.1,-0.005722258,-18.255228,0.9954343238009259,1.0,0.0
CES3,-0.005722258,-17.613058,0.9954343238009259,1.0,0.0
LINC02697,-0.005722258,-17.345886,0.9954343238009259,1.0,0.0
AC079465.1,-0.005722258,-18.122074,0.9954343238009259,1.0,0.0
AC009560.1,-0.005722258,-18.147131,0.9954343238009259,1.0,0.0
AL162731.1,-0.005722258,-17.622446,0.9954343238009259,1.0,0.0
AGRP,-0.005722258,-17.217068,0.9954343238009259,1.0,0.0
LINC00628,-0.005722258,-17.658426,0.9954343238009259,1.0,0.0
PATE4,-0.005722258,-17.332478,0.9954343238009259,1.0,0.0
AC008687.4,-0.005722258,-17.671885,0.9954343238009259,1.0,0.0
AC009554.1,-0.005722258,-18.664988,0.9954343238009259,1.0,0.0
AC010261.1,-0.005722258,-17.815763,0.9954343238009259,1.0,0.0
AC026803.3,-0.005722258,-17.916061,0.9954343238009259,1.0,0.0
AC126323.2,-0.005722258,-17.961166,0.9954343238009259,1.0,0.0
AC012363.1,-0.005722258,-17.686666,0.9954343238009259,1.0,0.0
AC020978.2,-0.005722258,-17.225233,0.9954343238009259,1.0,0.0
SDS,-0.005722258,-18.054157,0.9954343238009259,1.0,0.0
AC092653.1,-0.005722258,-17.885633,0.9954343238009259,1.0,0.0
CACNA1C-AS2,-0.005722258,-17.437328,0.9954343238009259,1.0,0.0
AP003170.4,-0.005722258,-17.966816,0.9954343238009259,1.0,0.0
AC108125.1,-0.005722258,-18.369312,0.9954343238009259,1.0,0.0
AL390838.1,-0.005722258,-18.20179,0.9954343238009259,1.0,0.0
TNNT2,-0.005722258,-17.387428,0.9954343238009259,1.0,0.0
AC006213.7,-0.005722258,-17.231392,0.9954343238009259,1.0,0.0
AC009139.2,-0.005722258,-17.672232,0.9954343238009259,1.0,0.0
LINC00900,-0.005722258,-17.685007,0.9954343238009259,1.0,0.0
GALNT8,-0.005722258,-18.47155,0.9954343238009259,1.0,0.0
AL021918.4,-0.005722258,-17.441519,0.9954343238009259,1.0,0.0
LINC01228,-0.005722258,-17.797007,0.9954343238009259,1.0,0.0
AL513318.2,-0.005722258,-17.49438,0.9954343238009259,1.0,0.0
PSG5,-0.005722258,-17.877722,0.9954343238009259,1.0,0.0
AC008781.1,-0.005722258,-17.899427,0.9954343238009259,1.0,0.0
DRD2,-0.005722258,-17.402386,0.9954343238009259,1.0,0.0
ANO2,-0.005722258,-17.948595,0.9954343238009259,1.0,0.0
AC105415.1,-0.005722258,-17.52894,0.9954343238009259,1.0,0.0
AC055855.1,-0.005722258,-17.726149,0.9954343238009259,1.0,0.0
AC005845.1,-0.005722258,-17.987995,0.9954343238009259,1.0,0.0
LINC02843,-0.005722258,-17.743532,0.9954343238009259,1.0,0.0
AL121787.1,-0.005722258,-17.274405,0.9954343238009259,1.0,0.0
AL353150.1,-0.005722258,-17.464735,0.9954343238009259,1.0,0.0
TRIM31,-0.005722258,-18.172941,0.9954343238009259,1.0,0.0
AC007906.1,-0.005722258,-17.960999,0.9954343238009259,1.0,0.0
AC006213.5,-0.005722258,-17.552927,0.9954343238009259,1.0,0.0
AL354733.2,-0.005722258,-17.433964,0.9954343238009259,1.0,0.0
AC005842.1,-0.005722258,-17.779459,0.9954343238009259,1.0,0.0
AC009303.2,-0.005722258,-18.14503,0.9954343238009259,1.0,0.0
AC007193.2,-0.005722258,-17.517086,0.9954343238009259,1.0,0.0
OR2L2,-0.005722258,-17.688913,0.9954343238009259,1.0,0.0
AC012181.2,-0.005722258,-17.474838,0.9954343238009259,1.0,0.0
PCDHGC4,-0.005722258,-18.096745,0.9954343238009259,1.0,0.0
AL390860.1,-0.005722258,-17.578693,0.9954343238009259,1.0,0.0
STEAP3-AS1,-0.005722258,-18.095995,0.9954343238009259,1.0,0.0
FOXA3,-0.005722258,-17.334131,0.9954343238009259,1.0,0.0
LINC01856,-0.005722258,-18.446266,0.9954343238009259,1.0,0.0
AC069368.2,-0.005722258,-18.333668,0.9954343238009259,1.0,0.0
AC004943.3,-0.005722258,-18.40126,0.9954343238009259,1.0,0.0
AC103691.2,-0.005722258,-17.279577,0.9954343238009259,1.0,0.0
CCDC74B,-0.005722258,-17.205128,0.9954343238009259,1.0,0.0
NKPD1,-0.005722258,-17.688917,0.9954343238009259,1.0,0.0
AC005757.1,-0.005722258,-17.570868,0.9954343238009259,1.0,0.0
LINC02163,-0.005722258,-17.68084,0.9954343238009259,1.0,0.0
AC073575.1,-0.005722258,-18.154135,0.9954343238009259,1.0,0.0
TSPAN9-IT1,-0.005722258,-18.423046,0.9954343238009259,1.0,0.0
CTRB1,-0.005722258,-17.937296,0.9954343238009259,1.0,0.0
ADAM29,-0.005722258,-17.84833,0.9954343238009259,1.0,0.0
SCN4B,-0.005722258,-17.504223,0.9954343238009259,1.0,0.0
TMPRSS13,-0.005722258,-18.20597,0.9954343238009259,1.0,0.0
AC022075.1,-0.005722258,-17.543045,0.9954343238009259,1.0,0.0
AL513348.1,-0.005722258,-18.1305,0.9954343238009259,1.0,0.0
AL035694.1,-0.005722258,-17.113377,0.9954343238009259,1.0,0.0
AC008507.4,-0.005722258,-17.597137,0.9954343238009259,1.0,0.0
AL162727.2,-0.005722258,-16.983887,0.9954343238009259,1.0,0.0
LINC01238-1,-0.005722258,-17.510042,0.9954343238009259,1.0,0.0
AC020558.2,-0.005722258,-17.299603,0.9954343238009259,1.0,0.0
CLCA2,-0.005722258,-17.787224,0.9954343238009259,1.0,0.0
FXYD7,-0.005722258,-17.583357,0.9954343238009259,1.0,0.0
AF038458.2,-0.005722258,-17.701527,0.9954343238009259,1.0,0.0
AC104024.1,-0.005722258,-17.49917,0.9954343238009259,1.0,0.0
LGI4,-0.005722258,-17.444567,0.9954343238009259,1.0,0.0
AC012555.1,-0.005722258,-17.425465,0.9954343238009259,1.0,0.0
AC116348.1,-0.005722258,-17.343739,0.9954343238009259,1.0,0.0
AL138895.1,-0.005722258,-17.492098,0.9954343238009259,1.0,0.0
ITGAL,-0.005722258,-17.71856,0.9954343238009259,1.0,0.0
GBP6,-0.005722258,-17.449127,0.9954343238009259,1.0,0.0
AP000487.2,-0.005722258,-18.035238,0.9954343238009259,1.0,0.0
GAS7,-0.005722258,-18.123987,0.9954343238009259,1.0,0.0
AC020907.3,-0.005722258,-18.118742,0.9954343238009259,1.0,0.0
AC096637.2,-0.005722258,-17.80315,0.9954343238009259,1.0,0.0
TNFRSF13B,-0.005722258,-17.953062,0.9954343238009259,1.0,0.0
AXDND1,-0.005722258,-17.603056,0.9954343238009259,1.0,0.0
TAS2R50,-0.005722258,-18.263218,0.9954343238009259,1.0,0.0
AC007681.1,-0.005722258,-17.161133,0.9954343238009259,1.0,0.0
AC005695.3,-0.005722258,-17.289455,0.9954343238009259,1.0,0.0
AC135178.5,-0.005722258,-17.504179,0.9954343238009259,1.0,0.0
HSPB6,-0.005722258,-17.485792,0.9954343238009259,1.0,0.0
AC129492.4,-0.005722258,-17.519903,0.9954343238009259,1.0,0.0
AC097382.1,-0.005722258,-17.529558,0.9954343238009259,1.0,0.0
AL390067.1,-0.005722258,-17.773668,0.9954343238009259,1.0,0.0
AC077690.1,-0.005722258,-18.368523,0.9954343238009259,1.0,0.0
TBX18-AS1,-0.005722258,-17.59422,0.9954343238009259,1.0,0.0
AL590101.1,-0.005722258,-18.071367,0.9954343238009259,1.0,0.0
CKMT2,-0.005722258,-17.486742,0.9954343238009259,1.0,0.0
UPK1A-AS1,-0.005722258,-18.208109,0.9954343238009259,1.0,0.0
AC135178.4,-0.005722258,-18.441282,0.9954343238009259,1.0,0.0
OLFML2A,-0.005722258,-18.329742,0.9954343238009259,1.0,0.0
FAM71A,-0.005722258,-18.297197,0.9954343238009259,1.0,0.0
TAS2R9,-0.005722258,-17.623333,0.9954343238009259,1.0,0.0
CTSW,-0.005722258,-18.032715,0.9954343238009259,1.0,0.0
AC055811.1,-0.005722258,-18.172892,0.9954343238009259,1.0,0.0
AL391840.1,-0.005722258,-17.999292,0.9954343238009259,1.0,0.0
FAM225B,-0.005722258,-17.783274,0.9954343238009259,1.0,0.0
LOXL1-AS1,-0.005722258,-17.73791,0.9954343238009259,1.0,0.0
AL354710.2,-0.005722258,-17.488216,0.9954343238009259,1.0,0.0
C9orf147,-0.005722258,-17.631763,0.9954343238009259,1.0,0.0
AC023480.1,-0.005722258,-17.667006,0.9954343238009259,1.0,0.0
AC005324.5,-0.005722258,-18.191473,0.9954343238009259,1.0,0.0
PTPN3,-0.005722258,-17.474592,0.9954343238009259,1.0,0.0
AL122017.1,-0.005722258,-17.958153,0.9954343238009259,1.0,0.0
AC112722.1,-0.005722258,-17.40966,0.9954343238009259,1.0,0.0
AC062022.2,-0.005722258,-17.926584,0.9954343238009259,1.0,0.0
AC023483.1,-0.005722258,-17.470629,0.9954343238009259,1.0,0.0
CDRT1,-0.005722258,-18.018005,0.9954343238009259,1.0,0.0
DPP4,-0.005722258,-18.114101,0.9954343238009259,1.0,0.0
AC015922.2,-0.005722258,-17.67178,0.9954343238009259,1.0,0.0
ZNF705E,-0.005722258,-17.950193,0.9954343238009259,1.0,0.0
AC093512.1,-0.005722258,-18.347122,0.9954343238009259,1.0,0.0
AC097654.1,-0.005722258,-17.785654,0.9954343238009259,1.0,0.0
AC026954.3,-0.005722258,-18.112251,0.9954343238009259,1.0,0.0
AC010504.1,-0.005722258,-18.401108,0.9954343238009259,1.0,0.0
CCDC87,-0.005722258,-17.54118,0.9954343238009259,1.0,0.0
AC005703.3,-0.005722258,-17.67087,0.9954343238009259,1.0,0.0
AP001107.6,-0.005722258,-17.884254,0.9954343238009259,1.0,0.0
AP001885.3,-0.005722258,-18.11437,0.9954343238009259,1.0,0.0
AC008555.2,-0.005722258,-17.225698,0.9954343238009259,1.0,0.0
AC093512.2,-0.005722258,-17.83909,0.9954343238009259,1.0,0.0
AC093675.2,-0.005722258,-18.28906,0.9954343238009259,1.0,0.0
AL162425.1,-0.005722258,-17.601063,0.9954343238009259,1.0,0.0
LINC01732,-0.005722258,-17.795496,0.9954343238009259,1.0,0.0
AC005725.1,-0.005722258,-17.747753,0.9954343238009259,1.0,0.0
AC009299.3,-0.005722258,-17.766703,0.9954343238009259,1.0,0.0
OR1J1,-0.005722258,-18.03084,0.9954343238009259,1.0,0.0
SERTAD4,-0.005722258,-17.370052,0.9954343238009259,1.0,0.0
AC079907.2,-0.005722258,-17.774591,0.9954343238009259,1.0,0.0
AC135048.3,-0.005722258,-17.367744,0.9954343238009259,1.0,0.0
TBR1,-0.005722258,-17.263168,0.9954343238009259,1.0,0.0
AL162391.1,-0.005722258,-18.057367,0.9954343238009259,1.0,0.0
AC078874.1,-0.005722258,-17.979424,0.9954343238009259,1.0,0.0
AL133342.1,-0.005756319,-0.5564622,0.9954071474561623,1.0,0.011904761904761904
ZBTB14,-0.00579038,-0.33806473,0.995379971116727,1.0,0.047619047619047616
CEP250,-0.0062331734,0.004551015,0.9950266792032954,1.0,0.20238095238095238
MAP3K8,-0.0062672347,0.092938036,0.9949995029417676,1.0,0.011904761904761904
HECTD2,-0.0063353567,-0.2950315,0.9949451504361475,1.0,0.05952380952380952
CD302,-0.006403479,-0.026572239,0.9948907979539847,1.0,0.30952380952380953
ANXA2R,-0.00643754,-1.0143837,0.9948636217217787,1.0,0.011904761904761904
SRSF6,-0.006505662,-0.042127028,0.9948092692752749,1.0,0.40476190476190477
BX005019.1,-0.0066078454,-0.060895976,0.9947277406507627,1.0,0.011904761904761904
GLT8D2,-0.0066759675,-0.03386725,0.9946733882649516,1.0,0.011904761904761904
NUDT1,-0.0067100283,0.14218049,0.9946462120812996,1.0,0.20238095238095238
PJA2,-0.006846273,0.013356858,0.9945375074091184,1.0,0.5357142857142857
MAP3K5,-0.0069484557,-0.05349058,0.9944559789714131,1.0,0.03571428571428571
AC008610.1,-0.0070165778,-0.10752248,0.9944016267117163,1.0,0.011904761904761904
ALDH6A1,-0.0070847003,0.10600984,0.9943472744779989,1.0,0.14285714285714285
PAM16,-0.0070847003,0.018928621,0.9943472744779989,1.0,0.5357142857142857
CCDC150,-0.0071528223,-0.37932813,0.9942929222705132,1.0,0.023809523809523808
SCAMP3,-0.0072890664,-0.025715694,0.9941842179352459,1.0,0.34523809523809523
LSM7,-0.0073912498,-0.017938824,0.9941026897545296,1.0,0.8452380952380952
SKP2,-0.0074253106,-0.018441817,0.9940755137079321,1.0,0.10714285714285714
PHLPP2,-0.007459372,-0.028141705,0.9940483376682079,1.0,0.05952380952380952
PARP10,-0.007527494,-0.1062614,0.993993985609505,1.0,0.05952380952380952
ERCC3,-0.0075615547,0.03814002,0.9939668095905896,1.0,0.08333333333333333
MPP6,-0.0075615547,-0.047527164,0.9939668095905896,1.0,0.15476190476190477
DUBR,-0.007595616,0.33169335,0.9939396335786733,1.0,0.05952380952380952
TRMT1,-0.007629677,0.012682421,0.993912457573788,1.0,0.09523809523809523
FAM13A,-0.00773186,-0.13139246,0.9938309296016322,1.0,0.08333333333333333
UGDH-AS1,-0.00807247,0.44439948,0.9935591701644286,1.0,0.011904761904761904
UBAP1L,-0.008140593,0.40631667,0.9935048183656455,1.0,0.011904761904761904
AC018809.2,-0.008174654,-0.420526,0.9934776424775411,1.0,0.011904761904761904
ZNF488,-0.008515265,-0.6430246,0.9932058840178716,1.0,0.011904761904761904
AC112719.2,-0.008583386,-18.559793,0.9931515324195134,1.0,0.0
COL18A1-AS2,-0.008583386,-18.222961,0.9931515324195134,1.0,0.0
HMX3,-0.008583386,-18.144064,0.9931515324195134,1.0,0.0
GLB1L2,-0.008583386,-18.094372,0.9931515324195134,1.0,0.0
OR6C4,-0.008583386,-17.82456,0.9931515324195134,1.0,0.0
AC016737.1,-0.008583386,-18.279926,0.9931515324195134,1.0,0.0
TERB1,-0.008583386,-17.942554,0.9931515324195134,1.0,0.0
FAM153B,-0.008583386,-18.452509,0.9931515324195134,1.0,0.0
PRDM6,-0.008583386,-18.280987,0.9931515324195134,1.0,0.0
AL157871.4,-0.008583386,-18.423012,0.9931515324195134,1.0,0.0
C22orf15,-0.008583386,-18.114182,0.9931515324195134,1.0,0.0
AC116667.2,-0.008583386,-18.436193,0.9931515324195134,1.0,0.0
PDE1B,-0.008583386,-18.42518,0.9931515324195134,1.0,0.0
AC140912.1,-0.008583386,-17.92423,0.9931515324195134,1.0,0.0
AC008121.3,-0.008583386,-18.848307,0.9931515324195134,1.0,0.0
AL353689.2,-0.008583386,-18.498652,0.9931515324195134,1.0,0.0
AL357140.1,-0.008583386,-18.44701,0.9931515324195134,1.0,0.0
OR11G2,-0.008583386,-18.054295,0.9931515324195134,1.0,0.0
POTEC,-0.008583386,-18.041092,0.9931515324195134,1.0,0.0
AL157871.5,-0.008583386,-18.292484,0.9931515324195134,1.0,0.0
AL449106.1,-0.008583386,-18.52602,0.9931515324195134,1.0,0.0
AC019117.1,-0.008583386,-18.735558,0.9931515324195134,1.0,0.0
AC005841.1,-0.008583386,-18.401266,0.9931515324195134,1.0,0.0
SLC2A5,-0.008583386,-18.144747,0.9931515324195134,1.0,0.0
AC099398.1,-0.008583386,-18.533743,0.9931515324195134,1.0,0.0
LINC01318,-0.008583386,-18.531696,0.9931515324195134,1.0,0.0
PM20D1,-0.008583386,-18.290388,0.9931515324195134,1.0,0.0
AC008581.1,-0.008583386,-18.379702,0.9931515324195134,1.0,0.0
FGF17,-0.008583386,-18.567217,0.9931515324195134,1.0,0.0
AC120114.2,-0.008583386,-18.605818,0.9931515324195134,1.0,0.0
AC104129.1,-0.008583386,-18.204903,0.9931515324195134,1.0,0.0
AC012447.1,-0.008583386,-18.384708,0.9931515324195134,1.0,0.0
WNK3,-0.008583386,-18.39319,0.9931515324195134,1.0,0.0
AC087741.2,-0.008583386,-18.596703,0.9931515324195134,1.0,0.0
ATXN8OS,-0.008583386,-18.33488,0.9931515324195134,1.0,0.0
AC008708.2,-0.008583386,-18.345032,0.9931515324195134,1.0,0.0
LINC01977,-0.008583386,-18.49614,0.9931515324195134,1.0,0.0
LINC00163,-0.008583386,-17.849873,0.9931515324195134,1.0,0.0
PLXNB3,-0.008583386,-18.333546,0.9931515324195134,1.0,0.0
AC007688.3,-0.008583386,-18.77622,0.9931515324195134,1.0,0.0
PRAME,-0.008583386,-18.136963,0.9931515324195134,1.0,0.0
AC007402.1,-0.008583386,-18.138887,0.9931515324195134,1.0,0.0
AC011899.4,-0.008583386,-18.249767,0.9931515324195134,1.0,0.0
SCN1A,-0.008583386,-18.214436,0.9931515324195134,1.0,0.0
AC117382.2,-0.008583386,-18.554296,0.9931515324195134,1.0,0.0
LINC02044,-0.008583386,-18.476109,0.9931515324195134,1.0,0.0
RASGEF1B,-0.008583386,-18.501364,0.9931515324195134,1.0,0.0
AC136489.1,-0.008583386,-18.039228,0.9931515324195134,1.0,0.0
ELN,-0.008583386,-18.725546,0.9931515324195134,1.0,0.0
NDRG2,-0.008583386,-18.582495,0.9931515324195134,1.0,0.0
AC112487.1,-0.008583386,-17.872196,0.9931515324195134,1.0,0.0
THORLNC,-0.008583386,-18.688478,0.9931515324195134,1.0,0.0
TSPEAR-AS2,-0.008583386,-18.740591,0.9931515324195134,1.0,0.0
TCERG1L-AS1,-0.008583386,-18.604172,0.9931515324195134,1.0,0.0
AL450307.1,-0.008583386,-18.154278,0.9931515324195134,1.0,0.0
AP000844.2,-0.008583386,-18.673765,0.9931515324195134,1.0,0.0
KCNS3,-0.008583386,-18.70596,0.9931515324195134,1.0,0.0
AC104564.2,-0.008583386,-18.411547,0.9931515324195134,1.0,0.0
GRM1,-0.008583386,-18.241228,0.9931515324195134,1.0,0.0
AC025287.4,-0.008583386,-18.417994,0.9931515324195134,1.0,0.0
AC112503.1,-0.008583386,-18.397379,0.9931515324195134,1.0,0.0
AC092636.1,-0.008583386,-18.424423,0.9931515324195134,1.0,0.0
AC108174.1,-0.008583386,-18.582281,0.9931515324195134,1.0,0.0
AC012668.1,-0.008583386,-18.889297,0.9931515324195134,1.0,0.0
SPX,-0.008583386,-18.747585,0.9931515324195134,1.0,0.0
FZD9,-0.008583386,-18.31402,0.9931515324195134,1.0,0.0
AL049536.1,-0.008583386,-18.147848,0.9931515324195134,1.0,0.0
AC053513.1,-0.008583386,-18.14794,0.9931515324195134,1.0,0.0
VASN,-0.008583386,-18.935772,0.9931515324195134,1.0,0.0
AC005082.2,-0.008583386,-18.147936,0.9931515324195134,1.0,0.0
AP001065.3,-0.008583386,-18.211216,0.9931515324195134,1.0,0.0
LINC02126,-0.008583386,-18.568995,0.9931515324195134,1.0,0.0
AC004817.4,-0.008583386,-18.403692,0.9931515324195134,1.0,0.0
LINC02076,-0.008583386,-18.464705,0.9931515324195134,1.0,0.0
AL031432.5,-0.008583386,-18.470034,0.9931515324195134,1.0,0.0
AC007952.9,-0.008583386,-18.355646,0.9931515324195134,1.0,0.0
EVPL,-0.008583386,-18.9588,0.9931515324195134,1.0,0.0
AC040168.1,-0.008583386,-18.501257,0.9931515324195134,1.0,0.0
MAGEA4,-0.008583386,-17.920874,0.9931515324195134,1.0,0.0
CRYBA1,-0.008583386,-18.350065,0.9931515324195134,1.0,0.0
AC111182.1,-0.008583386,-18.075705,0.9931515324195134,1.0,0.0
ZFP57,-0.008583386,-18.372723,0.9931515324195134,1.0,0.0
AP001267.4,-0.008583386,-18.608315,0.9931515324195134,1.0,0.0
FAM87B,-0.008583386,-18.030233,0.9931515324195134,1.0,0.0
EDRF1-AS1,-0.008583386,-18.67488,0.9931515324195134,1.0,0.0
ST6GALNAC2,-0.008583386,-18.526756,0.9931515324195134,1.0,0.0
AL024474.2,-0.008583386,-18.883005,0.9931515324195134,1.0,0.0
AC092268.2,-0.008583386,-18.084892,0.9931515324195134,1.0,0.0
FAM186A,-0.008583386,-18.187881,0.9931515324195134,1.0,0.0
AC022267.1,-0.008583386,-18.571548,0.9931515324195134,1.0,0.0
ITGB2,-0.008583386,-18.509579,0.9931515324195134,1.0,0.0
C9,-0.008583386,-18.390472,0.9931515324195134,1.0,0.0
CLRN3,-0.008583386,-18.310162,0.9931515324195134,1.0,0.0
AL158166.1,-0.008583386,-18.818222,0.9931515324195134,1.0,0.0
AL365295.2,-0.008583386,-18.736094,0.9931515324195134,1.0,0.0
AL583810.2,-0.008583386,-17.930344,0.9931515324195134,1.0,0.0
AC011416.3,-0.008583386,-18.621695,0.9931515324195134,1.0,0.0
AC026725.1,-0.008583386,-18.14667,0.9931515324195134,1.0,0.0
INHBB,-0.008583386,-18.63598,0.9931515324195134,1.0,0.0
LINC01411,-0.008583386,-18.659431,0.9931515324195134,1.0,0.0
TGFB2-AS1,-0.008583386,-18.163948,0.9931515324195134,1.0,0.0
IMPA2,-0.008583386,-18.22694,0.9931515324195134,1.0,0.0
AC006146.1,-0.008583386,-17.968927,0.9931515324195134,1.0,0.0
AC246817.2,-0.008583386,-18.56592,0.9931515324195134,1.0,0.0
AC104024.3,-0.008583386,-18.354982,0.9931515324195134,1.0,0.0
PROX1,-0.008583386,-18.256731,0.9931515324195134,1.0,0.0
ACRV1,-0.008583386,-17.59357,0.9931515324195134,1.0,0.0
AP005432.2,-0.008583386,-18.287416,0.9931515324195134,1.0,0.0
C8orf49,-0.008583386,-18.555046,0.9931515324195134,1.0,0.0
KCNIP4,-0.008583386,-18.622206,0.9931515324195134,1.0,0.0
AC022239.1,-0.008583386,-18.309912,0.9931515324195134,1.0,0.0
AC115618.2,-0.008583386,-18.55325,0.9931515324195134,1.0,0.0
AC072039.2,-0.008583386,-17.559702,0.9931515324195134,1.0,0.0
AC007405.1,-0.008583386,-18.573006,0.9931515324195134,1.0,0.0
SH3PXD2A-AS1,-0.008583386,-18.18538,0.9931515324195134,1.0,0.0
CA14,-0.008583386,-18.030584,0.9931515324195134,1.0,0.0
ARHGEF9-IT1,-0.008583386,-18.889364,0.9931515324195134,1.0,0.0
AC012078.2,-0.008583386,-18.282225,0.9931515324195134,1.0,0.0
AC006369.2,-0.008583386,-18.633648,0.9931515324195134,1.0,0.0
AL079304.1,-0.008583386,-18.208117,0.9931515324195134,1.0,0.0
AC006238.2,-0.008583386,-18.509512,0.9931515324195134,1.0,0.0
GHR,-0.008583386,-18.391983,0.9931515324195134,1.0,0.0
AC093725.2,-0.008583386,-18.572498,0.9931515324195134,1.0,0.0
LINC01992,-0.008583386,-18.279467,0.9931515324195134,1.0,0.0
AC106820.5,-0.008583386,-17.90449,0.9931515324195134,1.0,0.0
SFN,-0.008583386,-18.310549,0.9931515324195134,1.0,0.0
CRTAM,-0.008583386,-18.586426,0.9931515324195134,1.0,0.0
AL355337.1,-0.008583386,-18.290295,0.9931515324195134,1.0,0.0
AC097505.1,-0.008583386,-18.37498,0.9931515324195134,1.0,0.0
AL139300.2,-0.008583386,-18.430237,0.9931515324195134,1.0,0.0
AC092839.2,-0.008583386,-18.687784,0.9931515324195134,1.0,0.0
FAM66A,-0.008583386,-18.220318,0.9931515324195134,1.0,0.0
LINC01625,-0.008583386,-18.173182,0.9931515324195134,1.0,0.0
PSD,-0.008583386,-18.749565,0.9931515324195134,1.0,0.0
PERM1,-0.008583386,-18.222546,0.9931515324195134,1.0,0.0
MIR194-2HG,-0.008583386,-18.05487,0.9931515324195134,1.0,0.0
AL121750.1,-0.008583386,-18.145956,0.9931515324195134,1.0,0.0
FOXP3,-0.008583386,-18.103153,0.9931515324195134,1.0,0.0
KCNAB1-AS2,-0.008583386,-18.211044,0.9931515324195134,1.0,0.0
MAJIN,-0.008583386,-18.853184,0.9931515324195134,1.0,0.0
LINC01634,-0.008583386,-17.936073,0.9931515324195134,1.0,0.0
AL135744.1,-0.008583386,-18.33572,0.9931515324195134,1.0,0.0
CFAP99,-0.008583386,-18.287178,0.9931515324195134,1.0,0.0
OR8A1,-0.008583386,-18.264263,0.9931515324195134,1.0,0.0
AC006994.2,-0.008583386,-17.956305,0.9931515324195134,1.0,0.0
AL392023.2,-0.008583386,-18.943392,0.9931515324195134,1.0,0.0
AP001531.1,-0.008583386,-18.10833,0.9931515324195134,1.0,0.0
RBM24,-0.008583386,-18.225782,0.9931515324195134,1.0,0.0
AL358790.1,-0.008583386,-18.574757,0.9931515324195134,1.0,0.0
CNGB1,-0.008583386,-18.444826,0.9931515324195134,1.0,0.0
AL139288.1,-0.008583386,-18.285921,0.9931515324195134,1.0,0.0
LINC00278,-0.008583386,-18.34549,0.9931515324195134,1.0,0.0
AC104126.1,-0.008583386,-18.382614,0.9931515324195134,1.0,0.0
AL355596.1,-0.008583386,-18.380213,0.9931515324195134,1.0,0.0
LINC02803,-0.008583386,-18.40945,0.9931515324195134,1.0,0.0
AP000471.1,-0.008583386,-18.80919,0.9931515324195134,1.0,0.0
AC092896.2,-0.008583386,-17.94661,0.9931515324195134,1.0,0.0
C6orf99,-0.008583386,-18.59081,0.9931515324195134,1.0,0.0
NPIPB6,-0.008583386,-18.599602,0.9931515324195134,1.0,0.0
AL662791.1,-0.008583386,-18.349983,0.9931515324195134,1.0,0.0
AC114956.2,-0.008583386,-18.178432,0.9931515324195134,1.0,0.0
AL133244.2,-0.008583386,-17.704739,0.9931515324195134,1.0,0.0
AL589765.6,-0.008583386,-18.481884,0.9931515324195134,1.0,0.0
AC078785.2,-0.008583386,-17.986277,0.9931515324195134,1.0,0.0
AL137779.2,-0.008583386,-18.213993,0.9931515324195134,1.0,0.0
LRRN2,-0.008583386,-18.319204,0.9931515324195134,1.0,0.0
AC112178.1,-0.008583386,-18.027855,0.9931515324195134,1.0,0.0
FAM20C,-0.008583386,-18.361677,0.9931515324195134,1.0,0.0
GRIK4,-0.008583386,-17.579021,0.9931515324195134,1.0,0.0
ADRB1,-0.008583386,-18.377464,0.9931515324195134,1.0,0.0
AC007391.1,-0.008583386,-18.650734,0.9931515324195134,1.0,0.0
ARHGAP4,-0.008583386,-18.04018,0.9931515324195134,1.0,0.0
AC020558.1,-0.008583386,-18.338505,0.9931515324195134,1.0,0.0
HSD11B2,-0.008583386,-18.426311,0.9931515324195134,1.0,0.0
AF287957.1,-0.008583386,-18.568163,0.9931515324195134,1.0,0.0
ZC4H2,-0.008583386,-18.583138,0.9931515324195134,1.0,0.0
AL137025.1,-0.008583386,-17.824324,0.9931515324195134,1.0,0.0
FAM230B,-0.008583386,-18.59249,0.9931515324195134,1.0,0.0
LIPH,-0.008583386,-18.391926,0.9931515324195134,1.0,0.0
GLRA1,-0.008583386,-18.415611,0.9931515324195134,1.0,0.0
LAMA1,-0.008583386,-18.323639,0.9931515324195134,1.0,0.0
OR5AU1,-0.008583386,-18.32698,0.9931515324195134,1.0,0.0
EIF3CL,-0.008583386,-18.592329,0.9931515324195134,1.0,0.0
RPL10L,-0.008583386,-18.459942,0.9931515324195134,1.0,0.0
NARF-IT1,-0.008583386,-19.00315,0.9931515324195134,1.0,0.0
CRNDE,-0.008583386,-18.192837,0.9931515324195134,1.0,0.0
COL28A1,-0.008583386,-18.851639,0.9931515324195134,1.0,0.0
AC004982.1,-0.008583386,-18.20158,0.9931515324195134,1.0,0.0
CD36,-0.008583386,-18.56162,0.9931515324195134,1.0,0.0
LINC00486,-0.008583386,-18.441423,0.9931515324195134,1.0,0.0
LINC02624,-0.008583386,-18.801617,0.9931515324195134,1.0,0.0
AC124283.3,-0.008583386,-18.013962,0.9931515324195134,1.0,0.0
APOBR,-0.008583386,-18.677305,0.9931515324195134,1.0,0.0
PIK3C2G,-0.008583386,-18.210876,0.9931515324195134,1.0,0.0
AC006238.1,-0.008583386,-18.16963,0.9931515324195134,1.0,0.0
AC104024.2,-0.008583386,-17.830494,0.9931515324195134,1.0,0.0
CELF3,-0.008583386,-18.439497,0.9931515324195134,1.0,0.0
AC100849.1,-0.008583386,-18.263855,0.9931515324195134,1.0,0.0
AL670729.2,-0.008583386,-18.729862,0.9931515324195134,1.0,0.0
C1orf147,-0.008583386,-18.80985,0.9931515324195134,1.0,0.0
AL136368.1,-0.008583386,-18.710318,0.9931515324195134,1.0,0.0
CLMAT3,-0.008583386,-19.022362,0.9931515324195134,1.0,0.0
SECTM1,-0.008583386,-18.316666,0.9931515324195134,1.0,0.0
LINC01208,-0.008583386,-17.886335,0.9931515324195134,1.0,0.0
LINC00942,-0.008583386,-18.211058,0.9931515324195134,1.0,0.0
PP2D1,-0.008583386,-18.38541,0.9931515324195134,1.0,0.0
KRT79,-0.008583386,-18.114674,0.9931515324195134,1.0,0.0
LHFPL3-AS2,-0.008583386,-18.008432,0.9931515324195134,1.0,0.0
OR2A5,-0.008583386,-18.5235,0.9931515324195134,1.0,0.0
GIMAP4,-0.008583386,-17.921165,0.9931515324195134,1.0,0.0
AL606753.2,-0.008583386,-17.995062,0.9931515324195134,1.0,0.0
OVCA2,-0.008583386,-18.219604,0.9931515324195134,1.0,0.0
PDZD9,-0.008583386,-17.544212,0.9931515324195134,1.0,0.0
RCC2-AS1,-0.008583386,-18.620516,0.9931515324195134,1.0,0.0
AC092368.3,-0.008583386,-18.199867,0.9931515324195134,1.0,0.0
AC025176.1,-0.008583386,-18.248703,0.9931515324195134,1.0,0.0
AC106818.2,-0.008583386,-18.209425,0.9931515324195134,1.0,0.0
PDE3B,-0.008583386,-18.387892,0.9931515324195134,1.0,0.0
LINC00634,-0.008583386,-18.768978,0.9931515324195134,1.0,0.0
AC005537.1,-0.008583386,-17.824749,0.9931515324195134,1.0,0.0
KCNMB2,-0.008583386,-18.297155,0.9931515324195134,1.0,0.0
AC108749.1,-0.008583386,-18.54682,0.9931515324195134,1.0,0.0
AC003035.1,-0.008583386,-18.213137,0.9931515324195134,1.0,0.0
AC010359.2,-0.008583386,-17.6789,0.9931515324195134,1.0,0.0
IL1RAPL2,-0.008583386,-18.206873,0.9931515324195134,1.0,0.0
AC116366.2,-0.008583386,-18.240793,0.9931515324195134,1.0,0.0
AF001548.2,-0.008583386,-18.769394,0.9931515324195134,1.0,0.0
AC092490.1,-0.008583386,-18.019993,0.9931515324195134,1.0,0.0
AC005696.2,-0.008583386,-18.38877,0.9931515324195134,1.0,0.0
AL136526.1,-0.008583386,-18.487246,0.9931515324195134,1.0,0.0
ASPA,-0.008583386,-18.484865,0.9931515324195134,1.0,0.0
FOXD1,-0.008583386,-18.329874,0.9931515324195134,1.0,0.0
MAPT-AS1,-0.008583386,-18.262573,0.9931515324195134,1.0,0.0
AC138915.3,-0.008583386,-18.134432,0.9931515324195134,1.0,0.0
AL359237.1,-0.008583386,-18.420593,0.9931515324195134,1.0,0.0
IQUB,-0.008583386,-18.268946,0.9931515324195134,1.0,0.0
UNC5A,-0.008583386,-18.547462,0.9931515324195134,1.0,0.0
Z94721.1,-0.008583386,-18.224892,0.9931515324195134,1.0,0.0
AP002812.5,-0.008583386,-17.964703,0.9931515324195134,1.0,0.0
AL138478.1,-0.008583386,-18.85325,0.9931515324195134,1.0,0.0
COL1A1,-0.008583386,-18.670177,0.9931515324195134,1.0,0.0
AC018638.6,-0.008583386,-17.993906,0.9931515324195134,1.0,0.0
STPG2-AS1,-0.008583386,-18.42583,0.9931515324195134,1.0,0.0
TSGA13,-0.008583386,-18.67834,0.9931515324195134,1.0,0.0
STK24-AS1,-0.008583386,-18.382467,0.9931515324195134,1.0,0.0
AP006259.1,-0.008583386,-18.420034,0.9931515324195134,1.0,0.0
AC122136.1,-0.008583386,-17.76682,0.9931515324195134,1.0,0.0
AL022170.1,-0.008583386,-18.326248,0.9931515324195134,1.0,0.0
AC011092.2,-0.008583386,-18.520695,0.9931515324195134,1.0,0.0
GPR183,-0.008583386,-18.12989,0.9931515324195134,1.0,0.0
AC090589.2,-0.008583386,-18.678902,0.9931515324195134,1.0,0.0
AC091180.4,-0.008583386,-18.51837,0.9931515324195134,1.0,0.0
AC087392.3,-0.008583386,-17.98869,0.9931515324195134,1.0,0.0
FGF12,-0.008583386,-18.063223,0.9931515324195134,1.0,0.0
AC087392.5,-0.008583386,-18.261003,0.9931515324195134,1.0,0.0
AP000793.1,-0.008583386,-18.539452,0.9931515324195134,1.0,0.0
AL357093.2,-0.008583386,-18.099121,0.9931515324195134,1.0,0.0
AP002957.1,-0.008583386,-18.706783,0.9931515324195134,1.0,0.0
GRPR,-0.008583386,-17.986542,0.9931515324195134,1.0,0.0
CRMP1,-0.008583386,-18.211243,0.9931515324195134,1.0,0.0
AC104031.1,-0.008583386,-18.778168,0.9931515324195134,1.0,0.0
ATP6V1FNB,-0.008583386,-18.183958,0.9931515324195134,1.0,0.0
C17orf78,-0.008583386,-18.732574,0.9931515324195134,1.0,0.0
TMEM117,-0.008583386,-17.857838,0.9931515324195134,1.0,0.0
AL096803.4,-0.008583386,-18.218893,0.9931515324195134,1.0,0.0
AC124276.2,-0.008583386,-18.106936,0.9931515324195134,1.0,0.0
HOXB-AS2,-0.008583386,-17.981422,0.9931515324195134,1.0,0.0
AC092745.4,-0.008583386,-18.41781,0.9931515324195134,1.0,0.0
FAM71F1,-0.008583386,-18.274538,0.9931515324195134,1.0,0.0
A2M,-0.008583386,-18.561466,0.9931515324195134,1.0,0.0
LINC002481,-0.008583386,-18.183744,0.9931515324195134,1.0,0.0
AL137798.1,-0.008583386,-18.379213,0.9931515324195134,1.0,0.0
TNFAIP6,-0.008583386,-17.87439,0.9931515324195134,1.0,0.0
COL6A6,-0.008583386,-18.035528,0.9931515324195134,1.0,0.0
LINC02594,-0.008583386,-18.153708,0.9931515324195134,1.0,0.0
AL136964.1,-0.008583386,-18.475634,0.9931515324195134,1.0,0.0
AC080112.4,-0.008583386,-18.426178,0.9931515324195134,1.0,0.0
AIPL1,-0.008583386,-18.489372,0.9931515324195134,1.0,0.0
AC007262.2,-0.008583386,-19.15258,0.9931515324195134,1.0,0.0
LAMB4,-0.008583386,-18.457094,0.9931515324195134,1.0,0.0
AL442128.2,-0.008583386,-17.859644,0.9931515324195134,1.0,0.0
AC017101.1,-0.008583386,-18.640684,0.9931515324195134,1.0,0.0
AP003065.2,-0.008583386,-18.44057,0.9931515324195134,1.0,0.0
AC021660.4,-0.008583386,-18.365297,0.9931515324195134,1.0,0.0
TRAF3IP3,-0.008583386,-18.235703,0.9931515324195134,1.0,0.0
AC020743.1,-0.008583386,-18.21419,0.9931515324195134,1.0,0.0
AC100793.4,-0.008583386,-18.744213,0.9931515324195134,1.0,0.0
AC055733.2,-0.008583386,-18.376265,0.9931515324195134,1.0,0.0
AC010255.1,-0.008583386,-18.803274,0.9931515324195134,1.0,0.0
AC005153.1,-0.008583386,-18.232328,0.9931515324195134,1.0,0.0
AC025539.1,-0.008583386,-18.628208,0.9931515324195134,1.0,0.0
FSIP2-AS2,-0.008583386,-18.153053,0.9931515324195134,1.0,0.0
LINC01546,-0.008583386,-18.929476,0.9931515324195134,1.0,0.0
VIP,-0.008583386,-18.392574,0.9931515324195134,1.0,0.0
CD44-AS1,-0.008583386,-18.517038,0.9931515324195134,1.0,0.0
AC100808.1,-0.008583386,-18.647469,0.9931515324195134,1.0,0.0
AC087276.2,-0.008583386,-18.700218,0.9931515324195134,1.0,0.0
AL590302.1,-0.008583386,-18.306345,0.9931515324195134,1.0,0.0
AC090692.3,-0.008583386,-18.405355,0.9931515324195134,1.0,0.0
GP2,-0.008583386,-18.641718,0.9931515324195134,1.0,0.0
AL357568.2,-0.008583386,-18.337847,0.9931515324195134,1.0,0.0
CLCNKB,-0.008583386,-18.18878,0.9931515324195134,1.0,0.0
P4HA2-AS1,-0.008583386,-18.555765,0.9931515324195134,1.0,0.0
AC087588.3,-0.008583386,-18.567965,0.9931515324195134,1.0,0.0
NAT16,-0.008583386,-17.881733,0.9931515324195134,1.0,0.0
SHISAL1,-0.008583386,-18.237679,0.9931515324195134,1.0,0.0
ASDURF,-0.008583386,-18.394934,0.9931515324195134,1.0,0.0
LINC02580,-0.008583386,-18.397202,0.9931515324195134,1.0,0.0
AC091153.2,-0.008583386,-18.180521,0.9931515324195134,1.0,0.0
CPED1,-0.008583386,-18.891033,0.9931515324195134,1.0,0.0
AC046130.1,-0.008583386,-18.535664,0.9931515324195134,1.0,0.0
LINC01934,-0.008583386,-18.233276,0.9931515324195134,1.0,0.0
AC022079.2,-0.008583386,-18.674953,0.9931515324195134,1.0,0.0
C17orf107,-0.008583386,-17.968212,0.9931515324195134,1.0,0.0
HIGD1B,-0.008583386,-18.359219,0.9931515324195134,1.0,0.0
AC106873.1,-0.008583386,-18.450073,0.9931515324195134,1.0,0.0
AL031283.2,-0.008583386,-18.756798,0.9931515324195134,1.0,0.0
AC087175.1,-0.008583386,-18.628994,0.9931515324195134,1.0,0.0
SLAMF6,-0.008583386,-18.057983,0.9931515324195134,1.0,0.0
HHIPL2,-0.008583386,-18.29911,0.9931515324195134,1.0,0.0
AC013714.1,-0.008583386,-18.527744,0.9931515324195134,1.0,0.0
AL445228.2,-0.008583386,-17.915983,0.9931515324195134,1.0,0.0
AC090124.1,-0.008583386,-18.38223,0.9931515324195134,1.0,0.0
PDE1A,-0.008583386,-18.201328,0.9931515324195134,1.0,0.0
AC004771.2,-0.008583386,-18.162308,0.9931515324195134,1.0,0.0
LINC02546,-0.008583386,-18.58071,0.9931515324195134,1.0,0.0
AL451042.2,-0.008583386,-18.201197,0.9931515324195134,1.0,0.0
LINC02704,-0.008583386,-17.873747,0.9931515324195134,1.0,0.0
Z97192.2,-0.008583386,-18.389559,0.9931515324195134,1.0,0.0
COLGALT2,-0.008583386,-18.631641,0.9931515324195134,1.0,0.0
AC091053.1,-0.008583386,-18.870771,0.9931515324195134,1.0,0.0
STK33,-0.008583386,-18.5087,0.9931515324195134,1.0,0.0
AC112503.2,-0.008583386,-18.118256,0.9931515324195134,1.0,0.0
TCP11,-0.008583386,-17.91338,0.9931515324195134,1.0,0.0
AC008937.3,-0.008583386,-18.414036,0.9931515324195134,1.0,0.0
AC009123.1,-0.008583386,-18.085154,0.9931515324195134,1.0,0.0
MS4A4E,-0.008583386,-17.803333,0.9931515324195134,1.0,0.0
CXorf21,-0.008583386,-18.242851,0.9931515324195134,1.0,0.0
AC022165.1,-0.008583386,-18.433924,0.9931515324195134,1.0,0.0
AC073342.1,-0.008583386,-18.505852,0.9931515324195134,1.0,0.0
DDN,-0.008583386,-17.994541,0.9931515324195134,1.0,0.0
AC112484.5,-0.008583386,-18.16688,0.9931515324195134,1.0,0.0
AC010501.2,-0.008583386,-19.135817,0.9931515324195134,1.0,0.0
AL133467.1,-0.008583386,-18.236689,0.9931515324195134,1.0,0.0
AL355481.1,-0.008583386,-18.346493,0.9931515324195134,1.0,0.0
AC136297.1,-0.008583386,-18.025389,0.9931515324195134,1.0,0.0
AL590764.1,-0.008583386,-18.279022,0.9931515324195134,1.0,0.0
AP003419.2,-0.008583386,-18.68926,0.9931515324195134,1.0,0.0
AC117498.1,-0.008583386,-18.656235,0.9931515324195134,1.0,0.0
RXFP4,-0.008583386,-18.506643,0.9931515324195134,1.0,0.0
TRBC2,-0.008583386,-18.661888,0.9931515324195134,1.0,0.0
AC093787.2,-0.008583386,-18.143595,0.9931515324195134,1.0,0.0
AC018628.2,-0.008583386,-18.064968,0.9931515324195134,1.0,0.0
TH,-0.008583386,-18.223082,0.9931515324195134,1.0,0.0
IQCJ-SCHIP1-AS1,-0.008583386,-18.523943,0.9931515324195134,1.0,0.0
AC092275.1,-0.008583386,-18.762733,0.9931515324195134,1.0,0.0
LINC01102,-0.008583386,-18.195328,0.9931515324195134,1.0,0.0
STX18-IT1,-0.008583386,-18.122894,0.9931515324195134,1.0,0.0
AC017002.1,-0.008583386,-18.216602,0.9931515324195134,1.0,0.0
PROX2,-0.008583386,-18.56747,0.9931515324195134,1.0,0.0
KCNK3,-0.008583386,-18.503687,0.9931515324195134,1.0,0.0
TMEM130,-0.008583386,-18.256477,0.9931515324195134,1.0,0.0
CRYAB,-0.008583386,-18.28513,0.9931515324195134,1.0,0.0
TRPC5,-0.008583386,-18.182394,0.9931515324195134,1.0,0.0
HIST1H2BK,-0.008583386,-18.5338,0.9931515324195134,1.0,0.0
SYTL5,-0.008583386,-18.23929,0.9931515324195134,1.0,0.0
CHRNB2,-0.008583386,-18.07668,0.9931515324195134,1.0,0.0
MYCBP2-AS2,-0.008583386,-18.608126,0.9931515324195134,1.0,0.0
AC074286.1,-0.008583386,-18.246304,0.9931515324195134,1.0,0.0
LUADT1,-0.008583386,-18.758762,0.9931515324195134,1.0,0.0
AC105411.1,-0.008583386,-18.400862,0.9931515324195134,1.0,0.0
FAIM2,-0.008583386,-18.522875,0.9931515324195134,1.0,0.0
SPRN,-0.008583386,-18.455538,0.9931515324195134,1.0,0.0
CYP2E1,-0.008583386,-18.131968,0.9931515324195134,1.0,0.0
POTEE,-0.008583386,-18.023369,0.9931515324195134,1.0,0.0
CD6,-0.008583386,-18.589848,0.9931515324195134,1.0,0.0
AC136475.2,-0.008583386,-18.395576,0.9931515324195134,1.0,0.0
IFITM1,-0.008583386,-18.19536,0.9931515324195134,1.0,0.0
NCMAP,-0.008583386,-18.291632,0.9931515324195134,1.0,0.0
AC004832.5,-0.008583386,-18.301998,0.9931515324195134,1.0,0.0
MAGI1-AS1,-0.008583386,-18.417324,0.9931515324195134,1.0,0.0
DLX6-AS1,-0.008583386,-18.452255,0.9931515324195134,1.0,0.0
AP002840.2,-0.008583386,-18.527927,0.9931515324195134,1.0,0.0
AL592156.2,-0.008583386,-18.319567,0.9931515324195134,1.0,0.0
AL163952.1,-0.008583386,-18.174011,0.9931515324195134,1.0,0.0
AC005304.3,-0.008583386,-18.351812,0.9931515324195134,1.0,0.0
LINC01482,-0.008583386,-18.257298,0.9931515324195134,1.0,0.0
AL844175.1,-0.008583386,-18.376516,0.9931515324195134,1.0,0.0
AC008892.1,-0.008583386,-18.526669,0.9931515324195134,1.0,0.0
KRT13,-0.008583386,-18.299545,0.9931515324195134,1.0,0.0
AP000777.3,-0.008583386,-18.69286,0.9931515324195134,1.0,0.0
AC007272.1,-0.008583386,-18.441956,0.9931515324195134,1.0,0.0
SERPINA10,-0.008583386,-18.865412,0.9931515324195134,1.0,0.0
AP001001.1,-0.008583386,-18.524815,0.9931515324195134,1.0,0.0
AL096840.2,-0.008583386,-18.309994,0.9931515324195134,1.0,0.0
SPDEF,-0.008583386,-18.541376,0.9931515324195134,1.0,0.0
MASP1,-0.008583386,-18.25438,0.9931515324195134,1.0,0.0
PKP4-AS1,-0.008583386,-19.030178,0.9931515324195134,1.0,0.0
RDM1,-0.008583386,-18.506695,0.9931515324195134,1.0,0.0
DGKI,-0.008583386,-18.229858,0.9931515324195134,1.0,0.0
SLC8A1,-0.008583386,-18.277473,0.9931515324195134,1.0,0.0
LINC01123,-0.008583386,-17.981913,0.9931515324195134,1.0,0.0
AL135818.3,-0.008583386,-18.305227,0.9931515324195134,1.0,0.0
AC019131.3,-0.008583386,-18.459631,0.9931515324195134,1.0,0.0
AL353072.2,-0.008583386,-18.535315,0.9931515324195134,1.0,0.0
AC004241.2,-0.008583386,-18.159636,0.9931515324195134,1.0,0.0
AC008114.1,-0.008583386,-18.319466,0.9931515324195134,1.0,0.0
AC009021.1,-0.008583386,-18.16278,0.9931515324195134,1.0,0.0
NHS-AS1,-0.008583386,-18.054787,0.9931515324195134,1.0,0.0
BAIAP2L2,-0.008583386,-18.634415,0.9931515324195134,1.0,0.0
AC092338.1,-0.008583386,-18.29432,0.9931515324195134,1.0,0.0
AC069281.1,-0.008583386,-18.534775,0.9931515324195134,1.0,0.0
AL020993.1,-0.008583386,-18.225222,0.9931515324195134,1.0,0.0
AC009276.1,-0.008583386,-17.761703,0.9931515324195134,1.0,0.0
NTRK1,-0.008583386,-18.432436,0.9931515324195134,1.0,0.0
AL133370.1,-0.008583386,-18.34301,0.9931515324195134,1.0,0.0
SLC10A4,-0.008583386,-18.308464,0.9931515324195134,1.0,0.0
NLRP14,-0.008583386,-18.205227,0.9931515324195134,1.0,0.0
AC240565.2,-0.008583386,-18.077847,0.9931515324195134,1.0,0.0
AC006511.6,-0.008583386,-18.396772,0.9931515324195134,1.0,0.0
AC129507.2,-0.008583386,-18.38723,0.9931515324195134,1.0,0.0
LINC01913,-0.008583386,-18.68718,0.9931515324195134,1.0,0.0
RNF113B,-0.008583386,-18.208244,0.9931515324195134,1.0,0.0
AC138028.6,-0.008583386,-18.11688,0.9931515324195134,1.0,0.0
PHKA2-AS1,-0.008583386,-18.395126,0.9931515324195134,1.0,0.0
ADGRG2,-0.008583386,-18.681433,0.9931515324195134,1.0,0.0
AC024257.3,-0.008583386,-18.630531,0.9931515324195134,1.0,0.0
C17orf64,-0.008583386,-18.814907,0.9931515324195134,1.0,0.0
RASD2,-0.008583386,-18.657684,0.9931515324195134,1.0,0.0
AC008938.1,-0.008583386,-18.340477,0.9931515324195134,1.0,0.0
IGSF1,-0.008583386,-18.248375,0.9931515324195134,1.0,0.0
AC243965.1,-0.008583386,-18.332575,0.9931515324195134,1.0,0.0
LINC02101,-0.008583386,-17.863287,0.9931515324195134,1.0,0.0
AC022296.4,-0.008583386,-18.403343,0.9931515324195134,1.0,0.0
AC007285.2,-0.008583386,-18.366997,0.9931515324195134,1.0,0.0
AC136604.2,-0.008583386,-18.528292,0.9931515324195134,1.0,0.0
AL590822.1,-0.008583386,-18.275135,0.9931515324195134,1.0,0.0
AC007608.1,-0.008583386,-18.245043,0.9931515324195134,1.0,0.0
PAX8-AS1,-0.008583386,-18.01568,0.9931515324195134,1.0,0.0
PTCHD1,-0.008583386,-17.999485,0.9931515324195134,1.0,0.0
P2RX3,-0.008583386,-18.483446,0.9931515324195134,1.0,0.0
AL445307.1,-0.008583386,-18.53285,0.9931515324195134,1.0,0.0
LINC02754,-0.008583386,-18.622341,0.9931515324195134,1.0,0.0
IL1RN,-0.008583386,-18.25164,0.9931515324195134,1.0,0.0
AC068057.1,-0.008583386,-18.925623,0.9931515324195134,1.0,0.0
AC097634.2,-0.008583386,-18.246246,0.9931515324195134,1.0,0.0
OR51B5,-0.008583386,-18.17593,0.9931515324195134,1.0,0.0
DAPP1,-0.008583386,-17.648989,0.9931515324195134,1.0,0.0
CLDN10,-0.008583386,-18.547964,0.9931515324195134,1.0,0.0
LINC01990,-0.008583386,-18.618597,0.9931515324195134,1.0,0.0
LINC02014,-0.008583386,-17.945423,0.9931515324195134,1.0,0.0
AF111167.2,-0.008583386,-18.509014,0.9931515324195134,1.0,0.0
AP002992.1,-0.008583386,-18.54654,0.9931515324195134,1.0,0.0
TFR2,-0.008583386,-18.487894,0.9931515324195134,1.0,0.0
AL159156.1,-0.008583386,-18.143408,0.9931515324195134,1.0,0.0
AL591428.1,-0.008583386,-18.529505,0.9931515324195134,1.0,0.0
AC064807.2,-0.008583386,-18.336313,0.9931515324195134,1.0,0.0
OTUD7A,-0.008583386,-18.193064,0.9931515324195134,1.0,0.0
AC012236.1,-0.008583386,-18.478746,0.9931515324195134,1.0,0.0
AC243960.3,-0.008583386,-18.081985,0.9931515324195134,1.0,0.0
AC090023.2,-0.008583386,-18.20615,0.9931515324195134,1.0,0.0
AC007422.1,-0.008583386,-18.647964,0.9931515324195134,1.0,0.0
FO393415.1,-0.008583386,-18.277927,0.9931515324195134,1.0,0.0
LINC02832,-0.008583386,-18.408989,0.9931515324195134,1.0,0.0
AC011477.9,-0.008583386,-18.187098,0.9931515324195134,1.0,0.0
AC106028.3,-0.008583386,-18.039839,0.9931515324195134,1.0,0.0
CR786580.1,-0.008583386,-18.585709,0.9931515324195134,1.0,0.0
SPACA6P-AS,-0.008583386,-18.513346,0.9931515324195134,1.0,0.0
AC022537.1,-0.008583386,-18.078724,0.9931515324195134,1.0,0.0
C10orf53,-0.008583386,-18.106045,0.9931515324195134,1.0,0.0
AC011477.2,-0.008583386,-18.342676,0.9931515324195134,1.0,0.0
AC105020.2,-0.008583386,-18.64937,0.9931515324195134,1.0,0.0
AL162725.2,-0.008583386,-18.555857,0.9931515324195134,1.0,0.0
PTCSC2,-0.008583386,-17.98854,0.9931515324195134,1.0,0.0
AC105020.3,-0.008583386,-18.552195,0.9931515324195134,1.0,0.0
IMPG1,-0.008583386,-18.221628,0.9931515324195134,1.0,0.0
AC010329.1,-0.008583386,-17.735165,0.9931515324195134,1.0,0.0
AC107050.1,-0.008583386,-18.425446,0.9931515324195134,1.0,0.0
AC025262.4,-0.008583386,-18.241241,0.9931515324195134,1.0,0.0
IGKV1OR-2,-0.008583386,-18.216223,0.9931515324195134,1.0,0.0
OR2V2,-0.008583386,-18.852959,0.9931515324195134,1.0,0.0
FER1L6-AS2,-0.008583386,-18.295393,0.9931515324195134,1.0,0.0
AC008878.4,-0.008583386,-18.516167,0.9931515324195134,1.0,0.0
EIPR1-IT1,-0.008583386,-18.393137,0.9931515324195134,1.0,0.0
ERICH4,-0.008583386,-18.175121,0.9931515324195134,1.0,0.0
AC012170.2,-0.008583386,-18.653717,0.9931515324195134,1.0,0.0
AC008440.1,-0.008583386,-18.478521,0.9931515324195134,1.0,0.0
LINC01841,-0.008583386,-18.784,0.9931515324195134,1.0,0.0
AC012370.1,-0.008583386,-18.37254,0.9931515324195134,1.0,0.0
AC105020.5,-0.008583386,-18.376345,0.9931515324195134,1.0,0.0
AC097359.3,-0.008583386,-18.522306,0.9931515324195134,1.0,0.0
ODF3L2,-0.008583386,-18.54345,0.9931515324195134,1.0,0.0
ZKSCAN7-AS1,-0.008583386,-18.054,0.9931515324195134,1.0,0.0
AC116158.1,-0.008583386,-18.52512,0.9931515324195134,1.0,0.0
AL590677.1,-0.008583386,-18.193787,0.9931515324195134,1.0,0.0
ZNF418,-0.008583386,-18.93251,0.9931515324195134,1.0,0.0
HUS1B,-0.008583386,-18.109732,0.9931515324195134,1.0,0.0
AC099568.2,-0.008583386,-18.46106,0.9931515324195134,1.0,0.0
AC079834.2,-0.008583386,-18.37153,0.9931515324195134,1.0,0.0
AP003469.2,-0.008583386,-18.65463,0.9931515324195134,1.0,0.0
AC016588.1,-0.008583386,-18.654634,0.9931515324195134,1.0,0.0
AC131953.1,-0.008583386,-17.872967,0.9931515324195134,1.0,0.0
LRCOL1,-0.008583386,-18.333786,0.9931515324195134,1.0,0.0
AC068724.3,-0.008583386,-18.270168,0.9931515324195134,1.0,0.0
AL390037.1,-0.008583386,-18.306309,0.9931515324195134,1.0,0.0
CAMK2A,-0.008583386,-18.290394,0.9931515324195134,1.0,0.0
AL136309.2,-0.008583386,-18.459776,0.9931515324195134,1.0,0.0
LINC01748,-0.008583386,-18.138412,0.9931515324195134,1.0,0.0
AL359632.1,-0.008583386,-18.265852,0.9931515324195134,1.0,0.0
LINC02157,-0.008583386,-18.176771,0.9931515324195134,1.0,0.0
AL034422.1,-0.008583386,-18.074486,0.9931515324195134,1.0,0.0
PISRT1,-0.008583386,-17.79459,0.9931515324195134,1.0,0.0
AL359551.1,-0.008583386,-18.939346,0.9931515324195134,1.0,0.0
MYMX,-0.008583386,-18.19216,0.9931515324195134,1.0,0.0
ZNF681,-0.008583386,-18.696827,0.9931515324195134,1.0,0.0
ZNF662,-0.008583386,-17.80556,0.9931515324195134,1.0,0.0
LINC00652,-0.008583386,-18.505098,0.9931515324195134,1.0,0.0
AC108721.2,-0.008583386,-18.654165,0.9931515324195134,1.0,0.0
ARTN,-0.008583386,-18.570889,0.9931515324195134,1.0,0.0
AC022467.1,-0.008583386,-18.095476,0.9931515324195134,1.0,0.0
CNTNAP3C,-0.008583386,-18.40765,0.9931515324195134,1.0,0.0
AC103724.3,-0.008583386,-18.45427,0.9931515324195134,1.0,0.0
AC069234.4,-0.008583386,-18.92018,0.9931515324195134,1.0,0.0
MYL2,-0.008583386,-18.612223,0.9931515324195134,1.0,0.0
AC010343.3,-0.008583386,-18.159994,0.9931515324195134,1.0,0.0
LINC00412,-0.008583386,-17.857317,0.9931515324195134,1.0,0.0
AC009630.4,-0.008583386,-18.676886,0.9931515324195134,1.0,0.0
AC005616.1,-0.008583386,-18.200924,0.9931515324195134,1.0,0.0
AC131568.1,-0.008583386,-18.23562,0.9931515324195134,1.0,0.0
AC034198.2,-0.008583386,-18.92502,0.9931515324195134,1.0,0.0
AC127522.1,-0.008583386,-18.424421,0.9931515324195134,1.0,0.0
ZDHHC19,-0.008583386,-18.445518,0.9931515324195134,1.0,0.0
PTH1R,-0.008583386,-18.298958,0.9931515324195134,1.0,0.0
AL157932.1,-0.008583386,-18.490105,0.9931515324195134,1.0,0.0
AC022467.2,-0.008583386,-18.214066,0.9931515324195134,1.0,0.0
RUNX2,-0.008583386,-18.543304,0.9931515324195134,1.0,0.0
SNX31,-0.008583386,-18.635017,0.9931515324195134,1.0,0.0
SLC22A14,-0.008583386,-18.115974,0.9931515324195134,1.0,0.0
CMPK2,-0.008583386,-18.550095,0.9931515324195134,1.0,0.0
AC003973.1,-0.008583386,-17.909044,0.9931515324195134,1.0,0.0
LINC02266,-0.008583386,-18.192549,0.9931515324195134,1.0,0.0
OR2G6,-0.008583386,-18.718872,0.9931515324195134,1.0,0.0
AC012368.2,-0.008583386,-17.970125,0.9931515324195134,1.0,0.0
CD74,-0.008583386,-18.646225,0.9931515324195134,1.0,0.0
AL450327.1,-0.008583386,-18.379469,0.9931515324195134,1.0,0.0
ACP7,-0.008583386,-17.976908,0.9931515324195134,1.0,0.0
SOX2,-0.008583386,-18.108923,0.9931515324195134,1.0,0.0
AC012409.2,-0.008583386,-18.665028,0.9931515324195134,1.0,0.0
AC020661.2,-0.008583386,-17.66194,0.9931515324195134,1.0,0.0
RTKN2,-0.008583386,-18.433718,0.9931515324195134,1.0,0.0
AC026412.3,-0.008583386,-18.74795,0.9931515324195134,1.0,0.0
AC113208.4,-0.008583386,-18.998444,0.9931515324195134,1.0,0.0
LINC01910,-0.008583386,-18.259413,0.9931515324195134,1.0,0.0
LINC01122,-0.008583386,-18.407732,0.9931515324195134,1.0,0.0
AC012409.1,-0.008583386,-18.502611,0.9931515324195134,1.0,0.0
AL627316.1,-0.008583386,-18.599094,0.9931515324195134,1.0,0.0
TEKT2,-0.008583386,-18.269505,0.9931515324195134,1.0,0.0
AC090970.1,-0.008583386,-17.936672,0.9931515324195134,1.0,0.0
PTGER3,-0.008583386,-18.732855,0.9931515324195134,1.0,0.0
AC012640.1,-0.008583386,-18.576694,0.9931515324195134,1.0,0.0
AC093151.2,-0.008583386,-18.504957,0.9931515324195134,1.0,0.0
AC034229.4,-0.008583386,-18.378256,0.9931515324195134,1.0,0.0
AC018462.1,-0.008583386,-18.219538,0.9931515324195134,1.0,0.0
AC010328.1,-0.008583386,-18.06511,0.9931515324195134,1.0,0.0
AL137018.1,-0.008583386,-18.469315,0.9931515324195134,1.0,0.0
AC021231.1,-0.008583386,-18.31613,0.9931515324195134,1.0,0.0
AL139286.2,-0.008583386,-18.415577,0.9931515324195134,1.0,0.0
AL390066.1,-0.008583386,-18.36176,0.9931515324195134,1.0,0.0
AC005261.2,-0.008583386,-18.311937,0.9931515324195134,1.0,0.0
AC093151.3,-0.008583386,-18.280937,0.9931515324195134,1.0,0.0
FAM243B,-0.008583386,-18.230188,0.9931515324195134,1.0,0.0
AL355483.1,-0.008583386,-18.345785,0.9931515324195134,1.0,0.0
COL4A3,-0.008583386,-18.50782,0.9931515324195134,1.0,0.0
UNC13C,-0.008583386,-18.231354,0.9931515324195134,1.0,0.0
AC093849.3,-0.008583386,-17.748245,0.9931515324195134,1.0,0.0
AL359546.1,-0.008583386,-18.429064,0.9931515324195134,1.0,0.0
AC012291.2,-0.008583386,-18.082127,0.9931515324195134,1.0,0.0
DUSP15,-0.008583386,-18.065432,0.9931515324195134,1.0,0.0
AC034229.1,-0.008583386,-19.045708,0.9931515324195134,1.0,0.0
AC011491.2,-0.008583386,-18.161575,0.9931515324195134,1.0,0.0
SLC6A20,-0.008583386,-18.55972,0.9931515324195134,1.0,0.0
AL109824.1,-0.008583386,-18.153854,0.9931515324195134,1.0,0.0
AC027228.1,-0.008583386,-18.145681,0.9931515324195134,1.0,0.0
AL807757.2,-0.008583386,-17.918194,0.9931515324195134,1.0,0.0
BPIFB1,-0.008583386,-18.168585,0.9931515324195134,1.0,0.0
AC104170.2,-0.008583386,-18.785294,0.9931515324195134,1.0,0.0
AC022517.1,-0.008583386,-18.103954,0.9931515324195134,1.0,0.0
AC087627.1,-0.008583386,-18.201008,0.9931515324195134,1.0,0.0
OR10H1,-0.008583386,-18.42165,0.9931515324195134,1.0,0.0
AGBL1,-0.008583386,-17.887733,0.9931515324195134,1.0,0.0
NEBL-AS1,-0.008583386,-18.11443,0.9931515324195134,1.0,0.0
AC023906.4,-0.008583386,-17.953732,0.9931515324195134,1.0,0.0
AC114291.2,-0.008583386,-18.525728,0.9931515324195134,1.0,0.0
AC069542.1,-0.008583386,-18.159271,0.9931515324195134,1.0,0.0
DGUOK-AS1,-0.008583386,-18.29987,0.9931515324195134,1.0,0.0
TFAP2E,-0.008583386,-18.011122,0.9931515324195134,1.0,0.0
SPESP1,-0.008583386,-18.198696,0.9931515324195134,1.0,0.0
AC090260.1,-0.008583386,-18.411581,0.9931515324195134,1.0,0.0
ACTL10,-0.008583386,-0.594822,0.9931515324195134,1.0,0.011904761904761904
AC087286.4,-0.008583386,-18.417236,0.9931515324195134,1.0,0.0
ID2-AS1,-0.008583386,-18.573656,0.9931515324195134,1.0,0.0
OTULINL,-0.008583386,-18.199036,0.9931515324195134,1.0,0.0
AL162430.2,-0.008583386,-17.994755,0.9931515324195134,1.0,0.0
SLC16A14,-0.008583386,-18.19295,0.9931515324195134,1.0,0.0
AC092567.2,-0.008583386,-17.82022,0.9931515324195134,1.0,0.0
LINC02812,-0.008583386,-17.929487,0.9931515324195134,1.0,0.0
BSN-DT,-0.008583386,-18.737709,0.9931515324195134,1.0,0.0
AL133320.2,-0.008583386,-18.50222,0.9931515324195134,1.0,0.0
MACORIS,-0.008583386,-18.42208,0.9931515324195134,1.0,0.0
TGM4,-0.008583386,-18.530426,0.9931515324195134,1.0,0.0
SYCP2L,-0.008583386,-18.142391,0.9931515324195134,1.0,0.0
DPYD-AS1,-0.008583386,-18.18114,0.9931515324195134,1.0,0.0
AC068389.3,-0.008583386,-18.203836,0.9931515324195134,1.0,0.0
MOGAT1,-0.008583386,-18.39109,0.9931515324195134,1.0,0.0
CFAP73,-0.008583386,-17.807846,0.9931515324195134,1.0,0.0
AL031770.1,-0.008583386,-18.165112,0.9931515324195134,1.0,0.0
FP236315.1,-0.008583386,-18.031553,0.9931515324195134,1.0,0.0
SNTB1,-0.008583386,-18.29322,0.9931515324195134,1.0,0.0
AC004528.2,-0.008583386,-18.618153,0.9931515324195134,1.0,0.0
AC064875.1,-0.008583386,-18.541637,0.9931515324195134,1.0,0.0
AL162412.1,-0.008583386,-17.643719,0.9931515324195134,1.0,0.0
AC007192.2,-0.008583386,-18.551842,0.9931515324195134,1.0,0.0
PITPNM2-AS1,-0.008583386,-18.568052,0.9931515324195134,1.0,0.0
GNAT1,-0.008583386,-18.389423,0.9931515324195134,1.0,0.0
HAS2,-0.008583386,-18.2051,0.9931515324195134,1.0,0.0
HAS2-AS1,-0.008583386,-18.4694,0.9931515324195134,1.0,0.0
AC005614.1,-0.008583386,-17.907589,0.9931515324195134,1.0,0.0
AC103923.1,-0.008583386,-18.263739,0.9931515324195134,1.0,0.0
AC115102.1,-0.008583386,-18.207674,0.9931515324195134,1.0,0.0
GFI1,-0.008583386,-18.300602,0.9931515324195134,1.0,0.0
AL022097.1,-0.008583386,-18.577864,0.9931515324195134,1.0,0.0
AL928654.2,-0.008583386,-18.657024,0.9931515324195134,1.0,0.0
TMEM221,-0.008583386,-18.973646,0.9931515324195134,1.0,0.0
GDA,-0.008583386,-18.40284,0.9931515324195134,1.0,0.0
FP565260.3,-0.008583386,-18.357512,0.9931515324195134,1.0,0.0
ENPP3,-0.008583386,-18.053185,0.9931515324195134,1.0,0.0
AL138787.2,-0.008583386,-18.393713,0.9931515324195134,1.0,0.0
AC026992.2,-0.008583386,-18.53105,0.9931515324195134,1.0,0.0
CLDN22,-0.008583386,-18.689972,0.9931515324195134,1.0,0.0
RHAG,-0.008583386,-18.2626,0.9931515324195134,1.0,0.0
ADAT3,-0.008583386,-18.441713,0.9931515324195134,1.0,0.0
AL513327.3,-0.008583386,-18.580763,0.9931515324195134,1.0,0.0
AC021422.1,-0.008583386,-18.388792,0.9931515324195134,1.0,0.0
MIR3681HG,-0.008583386,-17.901844,0.9931515324195134,1.0,0.0
LINC00384,-0.008583386,-18.115631,0.9931515324195134,1.0,0.0
LINC01360,-0.008583386,-18.193874,0.9931515324195134,1.0,0.0
AC010319.3,-0.008583386,-18.61252,0.9931515324195134,1.0,0.0
AC017067.1,-0.008583386,-18.629217,0.9931515324195134,1.0,0.0
COLEC10,-0.008583386,-18.123138,0.9931515324195134,1.0,0.0
IGSF10,-0.008583386,-18.478712,0.9931515324195134,1.0,0.0
AC107294.1,-0.008583386,-18.38249,0.9931515324195134,1.0,0.0
HIPK4,-0.008583386,-18.271053,0.9931515324195134,1.0,0.0
AL136141.1,-0.008583386,-18.341871,0.9931515324195134,1.0,0.0
AL158207.2,-0.008583386,-18.725729,0.9931515324195134,1.0,0.0
MTRNR2L7,-0.008583386,-18.324356,0.9931515324195134,1.0,0.0
AC016747.3,-0.008583386,-18.190964,0.9931515324195134,1.0,0.0
AC069234.5,-0.008583386,-18.30849,0.9931515324195134,1.0,0.0
AC090015.1,-0.008583386,-17.924383,0.9931515324195134,1.0,0.0
MSI1,-0.008583386,-18.416597,0.9931515324195134,1.0,0.0
AC020931.1,-0.008583386,-18.600891,0.9931515324195134,1.0,0.0
KLK11,-0.008583386,-18.049263,0.9931515324195134,1.0,0.0
LINC00595,-0.008583386,-18.491816,0.9931515324195134,1.0,0.0
CPXM1,-0.008583386,-18.447252,0.9931515324195134,1.0,0.0
OLFM2,-0.008583386,-18.39061,0.9931515324195134,1.0,0.0
AP000696.3,-0.008583386,-18.25486,0.9931515324195134,1.0,0.0
ELAVL3,-0.008583386,-18.377304,0.9931515324195134,1.0,0.0
CELF6,-0.008583386,-17.905695,0.9931515324195134,1.0,0.0
AC009563.1,-0.008583386,-18.549118,0.9931515324195134,1.0,0.0
DCTN1-AS1,-0.008583386,-18.57626,0.9931515324195134,1.0,0.0
AC020909.2,-0.008583386,-18.591475,0.9931515324195134,1.0,0.0
RFX4,-0.008583386,-18.336834,0.9931515324195134,1.0,0.0
LINC01214,-0.008583386,-17.88379,0.9931515324195134,1.0,0.0
TTC3-AS1,-0.008583386,-18.48748,0.9931515324195134,1.0,0.0
AC113382.1,-0.008583386,-18.201162,0.9931515324195134,1.0,0.0
AL008726.1,-0.008583386,-18.004665,0.9931515324195134,1.0,0.0
FRMPD1,-0.008583386,-18.40572,0.9931515324195134,1.0,0.0
AP001630.1,-0.008583386,-18.300558,0.9931515324195134,1.0,0.0
AC020907.4,-0.008583386,-18.510143,0.9931515324195134,1.0,0.0
LINC01535,-0.008583386,-18.52028,0.9931515324195134,1.0,0.0
AC090527.3,-0.008583386,-18.234322,0.9931515324195134,1.0,0.0
AC025265.1,-0.008583386,-18.394428,0.9931515324195134,1.0,0.0
TENM3-AS1,-0.008583386,-18.360472,0.9931515324195134,1.0,0.0
AC022872.1,-0.008583386,-18.079062,0.9931515324195134,1.0,0.0
AC020658.4,-0.008583386,-18.411337,0.9931515324195134,1.0,0.0
FGF1,-0.008583386,-18.147697,0.9931515324195134,1.0,0.0
C3orf70,-0.008583386,-18.244078,0.9931515324195134,1.0,0.0
AC008752.2,-0.008583386,-17.811771,0.9931515324195134,1.0,0.0
LINC01778,-0.008583386,-18.254553,0.9931515324195134,1.0,0.0
AC023024.1,-0.008583386,-18.584341,0.9931515324195134,1.0,0.0
AL589863.1,-0.008583386,-18.816053,0.9931515324195134,1.0,0.0
PCSK6,-0.008583386,-18.229721,0.9931515324195134,1.0,0.0
AL135937.1,-0.008583386,-18.545946,0.9931515324195134,1.0,0.0
WASIR2,-0.008583386,-18.137697,0.9931515324195134,1.0,0.0
HCAR1,-0.008583386,-18.446701,0.9931515324195134,1.0,0.0
LINC00507,-0.008583386,-18.521992,0.9931515324195134,1.0,0.0
AC233992.3,-0.008583386,-18.097906,0.9931515324195134,1.0,0.0
AC034243.1,-0.008583386,-18.321413,0.9931515324195134,1.0,0.0
AL033527.4,-0.008583386,-18.264616,0.9931515324195134,1.0,0.0
AC080078.2,-0.008583386,-18.09609,0.9931515324195134,1.0,0.0
AC131182.1,-0.008583386,-18.853556,0.9931515324195134,1.0,0.0
LINC01144,-0.008583386,-18.22548,0.9931515324195134,1.0,0.0
DDO,-0.008583386,-17.989342,0.9931515324195134,1.0,0.0
SYK,-0.008583386,-18.197493,0.9931515324195134,1.0,0.0
ASPRV1,-0.008583386,-17.94345,0.9931515324195134,1.0,0.0
AC082651.3,-0.008583386,-17.862694,0.9931515324195134,1.0,0.0
HMBOX1-IT1,-0.008583386,-18.548975,0.9931515324195134,1.0,0.0
CPB2,-0.008583386,-18.463371,0.9931515324195134,1.0,0.0
AC131238.1,-0.008583386,-17.992218,0.9931515324195134,1.0,0.0
CXCL17,-0.008583386,-18.286388,0.9931515324195134,1.0,0.0
AL121890.5,-0.008583386,-18.267511,0.9931515324195134,1.0,0.0
AL121890.2,-0.008583386,-17.985388,0.9931515324195134,1.0,0.0
DSC3,-0.008583386,-18.306711,0.9931515324195134,1.0,0.0
AL512422.1,-0.008583386,-18.701061,0.9931515324195134,1.0,0.0
AC010325.1,-0.008583386,-18.102526,0.9931515324195134,1.0,0.0
LINC00535,-0.008583386,-18.136137,0.9931515324195134,1.0,0.0
AP001619.1,-0.008583386,-18.35992,0.9931515324195134,1.0,0.0
PCSK9,-0.008583386,-18.15024,0.9931515324195134,1.0,0.0
LPAR3,-0.008583386,-17.964832,0.9931515324195134,1.0,0.0
AC008543.3,-0.008583386,-18.339699,0.9931515324195134,1.0,0.0
B3GALT5-AS1,-0.008583386,-18.051613,0.9931515324195134,1.0,0.0
AC097713.3,-0.008583386,-18.46138,0.9931515324195134,1.0,0.0
WFIKKN1,-0.008583386,-18.522818,0.9931515324195134,1.0,0.0
EMILIN3,-0.008583386,-18.432152,0.9931515324195134,1.0,0.0
KLK6,-0.008583386,-18.104446,0.9931515324195134,1.0,0.0
NPHS1,-0.008583386,-18.17403,0.9931515324195134,1.0,0.0
SDC2,-0.008583386,-18.0305,0.9931515324195134,1.0,0.0
AC010834.2,-0.008583386,-18.523113,0.9931515324195134,1.0,0.0
AC026979.1,-0.008583386,-18.802498,0.9931515324195134,1.0,0.0
AC011511.3,-0.008583386,-18.60535,0.9931515324195134,1.0,0.0
AC023034.1,-0.008583386,-18.323214,0.9931515324195134,1.0,0.0
LINC02365,-0.008583386,-18.17749,0.9931515324195134,1.0,0.0
AC079385.2,-0.008583386,-18.454824,0.9931515324195134,1.0,0.0
AL157400.2,-0.008583386,-18.14369,0.9931515324195134,1.0,0.0
AC022382.2,-0.008583386,-18.505648,0.9931515324195134,1.0,0.0
CCL27,-0.008583386,-18.532677,0.9931515324195134,1.0,0.0
AC090948.2,-0.008583386,-18.923603,0.9931515324195134,1.0,0.0
NME5,-0.008583386,-18.40211,0.9931515324195134,1.0,0.0
Z92544.1,-0.008583386,-18.341478,0.9931515324195134,1.0,0.0
SPEF2,-0.008583386,-18.08198,0.9931515324195134,1.0,0.0
AP000331.1,-0.008583386,-18.170755,0.9931515324195134,1.0,0.0
AC051619.7,-0.008583386,-18.719913,0.9931515324195134,1.0,0.0
LINC02158,-0.008583386,-18.784218,0.9931515324195134,1.0,0.0
SFMBT2,-0.008583386,-18.248066,0.9931515324195134,1.0,0.0
AL162713.1,-0.008583386,-18.62029,0.9931515324195134,1.0,0.0
SEMA6D,-0.008583386,-18.198458,0.9931515324195134,1.0,0.0
LINC02663,-0.008583386,-18.77331,0.9931515324195134,1.0,0.0
SLC23A1,-0.008583386,-18.478214,0.9931515324195134,1.0,0.0
AL355601.1,-0.008583386,-18.072626,0.9931515324195134,1.0,0.0
AC005740.4,-0.008583386,-18.412907,0.9931515324195134,1.0,0.0
AC090236.2,-0.008583386,-18.187,0.9931515324195134,1.0,0.0
LINC01364,-0.008583386,-18.447512,0.9931515324195134,1.0,0.0
AC009554.2,-0.008583386,-18.428795,0.9931515324195134,1.0,0.0
AL807752.5,-0.008583386,-18.254744,0.9931515324195134,1.0,0.0
AC068790.6,-0.008583386,-18.122631,0.9931515324195134,1.0,0.0
AC006059.4,-0.008583386,-18.444717,0.9931515324195134,1.0,0.0
LILRB5,-0.008583386,-18.710892,0.9931515324195134,1.0,0.0
RHOV,-0.008583386,-18.084639,0.9931515324195134,1.0,0.0
LINC00494,-0.008583386,-18.408716,0.9931515324195134,1.0,0.0
AC134772.1,-0.008583386,-18.077675,0.9931515324195134,1.0,0.0
AC113137.1,-0.008583386,-18.539371,0.9931515324195134,1.0,0.0
OR1L8,-0.008583386,-18.754375,0.9931515324195134,1.0,0.0
CEACAM21,-0.008583386,-18.173143,0.9931515324195134,1.0,0.0
AC245052.7,-0.008583386,-18.151274,0.9931515324195134,1.0,0.0
PCDHA3,-0.008583386,-17.97564,0.9931515324195134,1.0,0.0
PIWIL1,-0.008583386,-18.360384,0.9931515324195134,1.0,0.0
AL592166.1,-0.008583386,-18.526087,0.9931515324195134,1.0,0.0
AC090912.2,-0.008583386,-18.096361,0.9931515324195134,1.0,0.0
AC093382.1,-0.008583386,-18.498117,0.9931515324195134,1.0,0.0
TDRD12,-0.008583386,-18.195143,0.9931515324195134,1.0,0.0
AC090515.5,-0.008583386,-17.868288,0.9931515324195134,1.0,0.0
ZNF558,-0.008583386,-18.26613,0.9931515324195134,1.0,0.0
IDO2,-0.008583386,-18.032183,0.9931515324195134,1.0,0.0
AL121782.1,-0.008583386,-18.28658,0.9931515324195134,1.0,0.0
CFAP65,-0.008583386,-18.821936,0.9931515324195134,1.0,0.0
AC016229.1,-0.008583386,-18.307789,0.9931515324195134,1.0,0.0
AC073912.2,-0.008583386,-18.933807,0.9931515324195134,1.0,0.0
AC015660.3,-0.008583386,-18.30467,0.9931515324195134,1.0,0.0
RFLNA,-0.008583386,-18.267483,0.9931515324195134,1.0,0.0
AC066595.2,-0.008583386,-17.993937,0.9931515324195134,1.0,0.0
AL033384.1,-0.008583386,-18.417538,0.9931515324195134,1.0,0.0
SLC52A3,-0.008583386,-17.882868,0.9931515324195134,1.0,0.0
AC087362.1,-0.008583386,-18.058813,0.9931515324195134,1.0,0.0
AL359916.1,-0.008583386,-18.388397,0.9931515324195134,1.0,0.0
LGSN,-0.008583386,-18.283459,0.9931515324195134,1.0,0.0
ZMAT4,-0.008583386,-18.280891,0.9931515324195134,1.0,0.0
AC009974.2,-0.008583386,-18.44939,0.9931515324195134,1.0,0.0
GLYCTK-AS1,-0.008583386,-18.669548,0.9931515324195134,1.0,0.0
DNAH10,-0.008583386,-18.192604,0.9931515324195134,1.0,0.0
ADAMTS17,-0.008583386,-18.458963,0.9931515324195134,1.0,0.0
KIF5A,-0.008583386,-18.080763,0.9931515324195134,1.0,0.0
AC022710.1,-0.008583386,-18.562883,0.9931515324195134,1.0,0.0
ISLR2,-0.008583386,-18.017702,0.9931515324195134,1.0,0.0
LINC01630,-0.008583386,-17.809408,0.9931515324195134,1.0,0.0
AC021016.3,-0.008583386,-17.666075,0.9931515324195134,1.0,0.0
AC239799.1,-0.008583386,-18.25624,0.9931515324195134,1.0,0.0
AC008798.3,-0.008583386,-18.6286,0.9931515324195134,1.0,0.0
AL109809.5,-0.008583386,-18.040457,0.9931515324195134,1.0,0.0
GPR12,-0.008583386,-18.63085,0.9931515324195134,1.0,0.0
LINC02399,-0.008583386,-18.660753,0.9931515324195134,1.0,0.0
AC234917.2,-0.008583386,-18.259785,0.9931515324195134,1.0,0.0
AC063943.1,-0.008583386,-18.34022,0.9931515324195134,1.0,0.0
LINC00390,-0.008583386,-18.218891,0.9931515324195134,1.0,0.0
AC092903.2,-0.008719631,-0.28234693,0.9930428293183902,1.0,0.023809523809523808
SERF2,-0.008821814,-0.022197695,0.992961302077185,1.0,1.0
LINC01203,-0.008855875,-0.11025771,0.9929341263464062,1.0,0.023809523809523808
NBPF11,-0.008889936,0.2880634,0.9929069506238246,1.0,0.011904761904761904
ATF1,-0.009162425,0.030193217,0.9926895451420579,1.0,0.13095238095238096
DHX58,-0.009298669,0.2816515,0.9925808426037104,1.0,0.03571428571428571
CEP68,-0.0093327295,0.10203719,0.9925536669905626,1.0,0.10714285714285714
PFDN6,-0.0093327295,0.005182731,0.9925536669905626,1.0,0.4166666666666667
CDKAL1,-0.009537096,-0.07423933,0.9923906134941906,1.0,0.09523809523809523
AP001505.1,-0.009537096,-0.15832357,0.9923906134941906,1.0,0.023809523809523808
GDPGP1,-0.009605219,0.19113426,0.9923362623990193,1.0,0.023809523809523808
EFNA3,-0.009639279,-0.03645034,0.9923090868647543,1.0,0.011904761904761904
EVI2B,-0.009775524,-0.19094351,0.992200384817233,1.0,0.011904761904761904
TUBE1,-0.009877707,-0.027931191,0.9921188583764908,1.0,0.17857142857142858
ABCC10,-0.00997989,0.09783732,0.9920373320180361,1.0,0.05952380952380952
CTSC,-0.010013951,0.023394207,0.9920101565836511,1.0,0.5833333333333334
RAB36,-0.010116134,-0.2414753,0.991928630336237,1.0,0.011904761904761904
ADAMTS9-AS2,-0.010116134,-0.24303666,0.991928630336237,1.0,0.011904761904761904
LBH,-0.010524867,-0.40239474,0.9916025261978277,1.0,0.011904761904761904
ZNF577,-0.010558928,0.4272302,0.9915753509155322,1.0,0.023809523809523808
TK2,-0.01062705,0.015675526,0.991521000380293,1.0,0.27380952380952384
ZKSCAN4,-0.0106951725,-0.27294356,0.9914666498844001,1.0,0.03571428571428571
AL139220.2,-0.010797355,0.14613135,0.991385124214887,1.0,0.03571428571428571
HEXD-IT1,-0.010831417,0.06467498,0.9913579490116624,1.0,0.023809523809523808
ZNF891,-0.010899538,0.014000361,0.9913035986353218,1.0,0.07142857142857142
CALR,-0.011035783,0.004810209,0.9911948980039582,1.0,0.9880952380952381
MEF2C-AS1,-0.011069844,-0.45081824,0.9911677228715756,1.0,0.011904761904761904
MAPKAPK5-AS1,-0.011137966,0.050827485,0.9911133726375814,1.0,0.32142857142857145
ATRX,-0.011240149,0.019208496,0.9910318473639894,1.0,0.75
AL110114.1,-0.011342333,-0.5772859,0.9909503221840337,1.0,0.011904761904761904
AC073476.3,-0.011376393,0.15368757,0.9909231471450036,1.0,0.011904761904761904
CHST11,-0.011376393,-0.2322991,0.9909231471450036,1.0,0.07142857142857142
NT5DC3,-0.011376393,0.66102904,0.9909231471450036,1.0,0.023809523809523808
DIO2,-0.011444516,-18.728506,0.9908687970985652,1.0,0.0
IDI2,-0.011444516,-18.97223,0.9908687970985652,1.0,0.0
LYPLAL1-AS1,-0.011444516,-18.534147,0.9908687970985652,1.0,0.0
AC096642.2,-0.011444516,-18.895197,0.9908687970985652,1.0,0.0
SLFN12L,-0.011444516,-18.625156,0.9908687970985652,1.0,0.0
SMPDL3A,-0.011444516,-18.539843,0.9908687970985652,1.0,0.0
AP001351.1,-0.011444516,-19.030441,0.9908687970985652,1.0,0.0
INTS6L-AS1,-0.011444516,-18.778564,0.9908687970985652,1.0,0.0
SLC6A11,-0.011444516,-18.789307,0.9908687970985652,1.0,0.0
LINC01018,-0.011444516,-18.457312,0.9908687970985652,1.0,0.0
AC254633.1,-0.011444516,-18.860722,0.9908687970985652,1.0,0.0
DENND5B-AS1,-0.011444516,-19.200804,0.9908687970985652,1.0,0.0
DQX1,-0.011444516,-18.69741,0.9908687970985652,1.0,0.0
ZNF878,-0.011444516,-18.938274,0.9908687970985652,1.0,0.0
ATP2C2,-0.011444516,-18.672415,0.9908687970985652,1.0,0.0
FAM162B,-0.011444516,-18.949535,0.9908687970985652,1.0,0.0
RAMP1,-0.011444516,-19.091993,0.9908687970985652,1.0,0.0
AC010327.5,-0.011444516,-18.778719,0.9908687970985652,1.0,0.0
CNN1,-0.011444516,-18.948608,0.9908687970985652,1.0,0.0
AC008543.1,-0.011444516,-18.497095,0.9908687970985652,1.0,0.0
H3F3C,-0.011444516,-18.50098,0.9908687970985652,1.0,0.0
USP50,-0.011444516,-18.900158,0.9908687970985652,1.0,0.0
ENTPD8,-0.011444516,-18.537691,0.9908687970985652,1.0,0.0
ADCYAP1R1,-0.011444516,-18.839588,0.9908687970985652,1.0,0.0
F10,-0.011444516,-18.79542,0.9908687970985652,1.0,0.0
RASGRF1,-0.011444516,-18.841627,0.9908687970985652,1.0,0.0
CR392000.2,-0.011444516,-18.606567,0.9908687970985652,1.0,0.0
CARD9,-0.011444516,-19.017416,0.9908687970985652,1.0,0.0
AC069222.1,-0.011444516,-19.269129,0.9908687970985652,1.0,0.0
AC007620.3,-0.011444516,-19.047783,0.9908687970985652,1.0,0.0
LRRC26,-0.011444516,-18.99904,0.9908687970985652,1.0,0.0
AC008906.2,-0.011444516,-18.544495,0.9908687970985652,1.0,0.0
PALM3,-0.011444516,-18.498913,0.9908687970985652,1.0,0.0
AC023154.1,-0.011444516,-19.045357,0.9908687970985652,1.0,0.0
AC084756.1,-0.011444516,-18.938623,0.9908687970985652,1.0,0.0
AC022001.2,-0.011444516,-19.126478,0.9908687970985652,1.0,0.0
AC025164.1,-0.011444516,-18.316515,0.9908687970985652,1.0,0.0
AC090844.2,-0.011444516,-18.64372,0.9908687970985652,1.0,0.0
FAM78B,-0.011444516,-18.882414,0.9908687970985652,1.0,0.0
WIPF3,-0.011444516,-18.399471,0.9908687970985652,1.0,0.0
LINC02289,-0.011444516,-18.707085,0.9908687970985652,1.0,0.0
AC087491.1,-0.011444516,-18.515781,0.9908687970985652,1.0,0.0
UNC45B,-0.011444516,-19.055975,0.9908687970985652,1.0,0.0
PPP1R1C,-0.011444516,-19.095364,0.9908687970985652,1.0,0.0
IQCA1-AS1,-0.011444516,-19.062193,0.9908687970985652,1.0,0.0
AC092375.2,-0.011444516,-18.339191,0.9908687970985652,1.0,0.0
LINC02552,-0.011444516,-18.765713,0.9908687970985652,1.0,0.0
AL139384.2,-0.011444516,-18.717281,0.9908687970985652,1.0,0.0
AC091178.2,-0.011444516,-18.546537,0.9908687970985652,1.0,0.0
AL355834.2,-0.011444516,-18.612623,0.9908687970985652,1.0,0.0
PCDHGB3,-0.011444516,-18.859024,0.9908687970985652,1.0,0.0
DNAH3,-0.011444516,-19.043777,0.9908687970985652,1.0,0.0
AC104667.2,-0.011444516,-19.041676,0.9908687970985652,1.0,0.0
AJ239322.1,-0.011444516,-18.453485,0.9908687970985652,1.0,0.0
TIMP4,-0.011444516,-18.721212,0.9908687970985652,1.0,0.0
AC104066.4,-0.011444516,-18.977755,0.9908687970985652,1.0,0.0
LINC01968,-0.011444516,-18.503775,0.9908687970985652,1.0,0.0
GHRHR,-0.011444516,-18.838491,0.9908687970985652,1.0,0.0
KCNH4,-0.011444516,-18.794146,0.9908687970985652,1.0,0.0
CRB1,-0.011444516,-18.726168,0.9908687970985652,1.0,0.0
LINC01709,-0.011444516,-18.606153,0.9908687970985652,1.0,0.0
AL732314.6,-0.011444516,-18.910192,0.9908687970985652,1.0,0.0
AC010531.3,-0.011444516,-18.845268,0.9908687970985652,1.0,0.0
AL645768.1,-0.011444516,-18.886557,0.9908687970985652,1.0,0.0
HTN1,-0.011444516,-18.707235,0.9908687970985652,1.0,0.0
LINC01842,-0.011444516,-18.688421,0.9908687970985652,1.0,0.0
AL591848.3,-0.011444516,-19.138754,0.9908687970985652,1.0,0.0
ACSM2A,-0.011444516,-19.159008,0.9908687970985652,1.0,0.0
ACSM2B,-0.011444516,-18.527817,0.9908687970985652,1.0,0.0
AC009656.1,-0.011444516,-18.79469,0.9908687970985652,1.0,0.0
AL132800.1,-0.011444516,-18.862946,0.9908687970985652,1.0,0.0
RAPSN,-0.011444516,-18.866858,0.9908687970985652,1.0,0.0
CCDC141,-0.011444516,-18.173925,0.9908687970985652,1.0,0.0
PCOLCE-AS1,-0.011444516,-19.025925,0.9908687970985652,1.0,0.0
AC243830.2,-0.011444516,-18.642023,0.9908687970985652,1.0,0.0
LINC02288,-0.011444516,-18.858915,0.9908687970985652,1.0,0.0
VCAM1,-0.011444516,-18.73422,0.9908687970985652,1.0,0.0
AC006441.3,-0.011444516,-18.32994,0.9908687970985652,1.0,0.0
MYH14,-0.011444516,-19.360685,0.9908687970985652,1.0,0.0
AC090607.1,-0.011444516,-18.71739,0.9908687970985652,1.0,0.0
LINC02055,-0.011444516,-18.791687,0.9908687970985652,1.0,0.0
AL360091.2,-0.011444516,-18.6657,0.9908687970985652,1.0,0.0
UTS2,-0.011444516,-18.77938,0.9908687970985652,1.0,0.0
AL133445.3,-0.011444516,-18.538797,0.9908687970985652,1.0,0.0
AC126182.3,-0.011444516,-18.678886,0.9908687970985652,1.0,0.0
AC008555.4,-0.011444516,-19.318176,0.9908687970985652,1.0,0.0
AC108704.1,-0.011444516,-19.180248,0.9908687970985652,1.0,0.0
NPIPB13,-0.011444516,-18.915043,0.9908687970985652,1.0,0.0
AC244131.2,-0.011444516,-18.449646,0.9908687970985652,1.0,0.0
ZNF30-AS1,-0.011444516,-18.411732,0.9908687970985652,1.0,0.0
AL391262.1,-0.011444516,-18.754284,0.9908687970985652,1.0,0.0
MYLK4,-0.011444516,-18.990631,0.9908687970985652,1.0,0.0
FBLL1,-0.011444516,-19.106028,0.9908687970985652,1.0,0.0
AC012555.2,-0.011444516,-18.64317,0.9908687970985652,1.0,0.0
AC009690.2,-0.011444516,-18.433561,0.9908687970985652,1.0,0.0
TAS2R20,-0.011444516,-18.861298,0.9908687970985652,1.0,0.0
AC002128.1,-0.011444516,-18.772188,0.9908687970985652,1.0,0.0
ZDHHC15,-0.011444516,-18.67508,0.9908687970985652,1.0,0.0
HAMP,-0.011444516,-18.830694,0.9908687970985652,1.0,0.0
AL021396.1,-0.011444516,-18.44297,0.9908687970985652,1.0,0.0
LINC02418,-0.011444516,-19.034145,0.9908687970985652,1.0,0.0
NLGN3,-0.011444516,-18.770676,0.9908687970985652,1.0,0.0
AL122035.1,-0.011444516,-18.895296,0.9908687970985652,1.0,0.0
AC244502.1,-0.011444516,-18.749012,0.9908687970985652,1.0,0.0
AC090617.3,-0.011444516,-19.143167,0.9908687970985652,1.0,0.0
AC012313.8,-0.011444516,-19.026169,0.9908687970985652,1.0,0.0
AL136528.1,-0.011444516,-18.680157,0.9908687970985652,1.0,0.0
AC020912.1,-0.011444516,-18.999905,0.9908687970985652,1.0,0.0
AC073912.1,-0.011444516,-18.83783,0.9908687970985652,1.0,0.0
INHBA,-0.011444516,-18.390913,0.9908687970985652,1.0,0.0
RGS9BP,-0.011444516,-19.065195,0.9908687970985652,1.0,0.0
INHBA-AS1,-0.011444516,-18.889723,0.9908687970985652,1.0,0.0
AL353759.1,-0.011444516,-19.178545,0.9908687970985652,1.0,0.0
IL5RA,-0.011444516,-18.806936,0.9908687970985652,1.0,0.0
ESR2,-0.011444516,-18.50464,0.9908687970985652,1.0,0.0
AL513122.2,-0.011444516,-18.7698,0.9908687970985652,1.0,0.0
AC084125.1,-0.011444516,-18.649017,0.9908687970985652,1.0,0.0
SPTLC3,-0.011444516,-18.655329,0.9908687970985652,1.0,0.0
AC105180.2,-0.011444516,-18.68516,0.9908687970985652,1.0,0.0
AC012645.2,-0.011444516,-18.942135,0.9908687970985652,1.0,0.0
LINC01140,-0.011444516,-18.631718,0.9908687970985652,1.0,0.0
TRAV13-2,-0.011444516,-18.586021,0.9908687970985652,1.0,0.0
AC006435.2,-0.011444516,-18.990059,0.9908687970985652,1.0,0.0
PRH2,-0.011444516,-18.53545,0.9908687970985652,1.0,0.0
AL034548.1,-0.011444516,-18.522419,0.9908687970985652,1.0,0.0
AC023790.2,-0.011444516,-19.13369,0.9908687970985652,1.0,0.0
AC092296.2,-0.011444516,-18.7142,0.9908687970985652,1.0,0.0
SLC2A4,-0.011444516,-18.682056,0.9908687970985652,1.0,0.0
AL359762.1,-0.011444516,-18.656507,0.9908687970985652,1.0,0.0
AC074138.1,-0.011444516,-18.725336,0.9908687970985652,1.0,0.0
ADAM33,-0.011444516,-18.743425,0.9908687970985652,1.0,0.0
LINC02043,-0.011444516,-18.753748,0.9908687970985652,1.0,0.0
PLEK,-0.011444516,-19.230145,0.9908687970985652,1.0,0.0
TMEM35A,-0.011444516,-18.797773,0.9908687970985652,1.0,0.0
AC092053.4,-0.011444516,-18.832533,0.9908687970985652,1.0,0.0
ARAP1-AS2,-0.011444516,-18.741682,0.9908687970985652,1.0,0.0
AC025580.2,-0.011444516,-18.833563,0.9908687970985652,1.0,0.0
AL354953.1,-0.011444516,-19.08281,0.9908687970985652,1.0,0.0
APOBEC4,-0.011444516,-19.008549,0.9908687970985652,1.0,0.0
AC091814.1,-0.011444516,-18.884893,0.9908687970985652,1.0,0.0
AC068790.5,-0.011444516,-18.810612,0.9908687970985652,1.0,0.0
AL121899.4,-0.011444516,-18.946722,0.9908687970985652,1.0,0.0
SIRPG-AS1,-0.011444516,-18.488579,0.9908687970985652,1.0,0.0
MOBP,-0.011444516,-18.631168,0.9908687970985652,1.0,0.0
GPX2,-0.011444516,-18.825396,0.9908687970985652,1.0,0.0
GGT6,-0.011444516,-18.486773,0.9908687970985652,1.0,0.0
CCR6,-0.011444516,-18.958078,0.9908687970985652,1.0,0.0
ADPGK-AS1,-0.011444516,-18.797901,0.9908687970985652,1.0,0.0
AC073270.2,-0.011444516,-18.721012,0.9908687970985652,1.0,0.0
AL121890.4,-0.011444516,-18.604803,0.9908687970985652,1.0,0.0
RNF222,-0.011444516,-18.346552,0.9908687970985652,1.0,0.0
CYSLTR1,-0.011444516,-19.083426,0.9908687970985652,1.0,0.0
TTC29,-0.011444516,-19.101479,0.9908687970985652,1.0,0.0
TMSB15B-AS1,-0.011444516,-18.709059,0.9908687970985652,1.0,0.0
C6orf118,-0.011444516,-18.717197,0.9908687970985652,1.0,0.0
DDX39B-AS1,-0.011444516,-18.883743,0.9908687970985652,1.0,0.0
AC092807.2,-0.011444516,-18.958101,0.9908687970985652,1.0,0.0
AC024243.1,-0.011444516,-18.575888,0.9908687970985652,1.0,0.0
AC005696.1,-0.011444516,-18.563818,0.9908687970985652,1.0,0.0
ACVR1C,-0.011444516,-18.713911,0.9908687970985652,1.0,0.0
TMEM31,-0.011444516,-18.64038,0.9908687970985652,1.0,0.0
AL135787.1,-0.011444516,-18.991613,0.9908687970985652,1.0,0.0
OR3A2,-0.011444516,-18.784435,0.9908687970985652,1.0,0.0
AC034187.1,-0.011444516,-18.797562,0.9908687970985652,1.0,0.0
POPDC2,-0.011444516,-18.844528,0.9908687970985652,1.0,0.0
DOCK2,-0.011444516,-19.013006,0.9908687970985652,1.0,0.0
AC007695.1,-0.011444516,-18.743261,0.9908687970985652,1.0,0.0
TMEM88,-0.011444516,-18.659834,0.9908687970985652,1.0,0.0
GALNT5,-0.011444516,-18.705212,0.9908687970985652,1.0,0.0
GPT,-0.011444516,-18.492208,0.9908687970985652,1.0,0.0
ABCG5,-0.011444516,-19.013988,0.9908687970985652,1.0,0.0
ZNF667-AS1,-0.011444516,-19.187826,0.9908687970985652,1.0,0.0
PCDHB2,-0.011444516,-19.007841,0.9908687970985652,1.0,0.0
AIF1L,-0.011444516,-18.63127,0.9908687970985652,1.0,0.0
NEGR1,-0.011444516,-18.98757,0.9908687970985652,1.0,0.0
AC010463.3,-0.011444516,-18.145304,0.9908687970985652,1.0,0.0
AC105345.1,-0.011444516,-18.837877,0.9908687970985652,1.0,0.0
AC107223.1,-0.011444516,-18.858543,0.9908687970985652,1.0,0.0
TSSK4,-0.011444516,-18.420958,0.9908687970985652,1.0,0.0
MID1IP1-AS1,-0.011444516,-18.668968,0.9908687970985652,1.0,0.0
AC013472.1,-0.011444516,-19.066648,0.9908687970985652,1.0,0.0
AC007611.1,-0.011444516,-18.748373,0.9908687970985652,1.0,0.0
CLEC3B,-0.011444516,-18.529846,0.9908687970985652,1.0,0.0
GPRACR,-0.011444516,-18.867506,0.9908687970985652,1.0,0.0
ABCC11,-0.011444516,-19.030928,0.9908687970985652,1.0,0.0
AC005520.3,-0.011444516,-18.212648,0.9908687970985652,1.0,0.0
LINC01587,-0.011444516,-19.17161,0.9908687970985652,1.0,0.0
SLC5A5,-0.011444516,-18.852333,0.9908687970985652,1.0,0.0
AC002551.1,-0.011444516,-18.952587,0.9908687970985652,1.0,0.0
AC009236.2,-0.011444516,-18.964779,0.9908687970985652,1.0,0.0
AC007349.4,-0.011444516,-18.965631,0.9908687970985652,1.0,0.0
MAP3K20-AS1,-0.011444516,-18.758144,0.9908687970985652,1.0,0.0
PRSS48,-0.011444516,-18.746162,0.9908687970985652,1.0,0.0
AL034550.1,-0.011444516,-18.696253,0.9908687970985652,1.0,0.0
CFAP299,-0.011444516,-18.84649,0.9908687970985652,1.0,0.0
GK-AS1,-0.011444516,-19.149992,0.9908687970985652,1.0,0.0
AC004223.4,-0.011444516,-18.737837,0.9908687970985652,1.0,0.0
AC090802.1,-0.011444516,-18.861513,0.9908687970985652,1.0,0.0
AC114781.2,-0.011444516,-19.050303,0.9908687970985652,1.0,0.0
SRSF12,-0.011444516,-18.800425,0.9908687970985652,1.0,0.0
KLHL6-AS1,-0.011444516,-19.022837,0.9908687970985652,1.0,0.0
HIST1H4A,-0.011444516,-19.007198,0.9908687970985652,1.0,0.0
AL359095.1,-0.011444516,-19.033022,0.9908687970985652,1.0,0.0
ABRA,-0.011444516,-18.715542,0.9908687970985652,1.0,0.0
AC116351.1,-0.011444516,-18.913961,0.9908687970985652,1.0,0.0
AP000640.1,-0.011444516,-18.734406,0.9908687970985652,1.0,0.0
TMEM74,-0.011444516,-18.99091,0.9908687970985652,1.0,0.0
AC112493.1,-0.011444516,-19.099962,0.9908687970985652,1.0,0.0
AC079753.2,-0.011444516,-18.811665,0.9908687970985652,1.0,0.0
LRP1B,-0.011444516,-18.819223,0.9908687970985652,1.0,0.0
LINC01231,-0.011444516,-18.648119,0.9908687970985652,1.0,0.0
AC026740.3,-0.011444516,-18.412699,0.9908687970985652,1.0,0.0
SYNJ2-IT1,-0.011444516,-18.753986,0.9908687970985652,1.0,0.0
AC004893.3,-0.011444516,-18.994337,0.9908687970985652,1.0,0.0
LINGO1,-0.011444516,-18.878344,0.9908687970985652,1.0,0.0
LINC01151,-0.011444516,-18.875404,0.9908687970985652,1.0,0.0
AL355075.6,-0.011444516,-18.725117,0.9908687970985652,1.0,0.0
AC099063.4,-0.011444516,-18.228569,0.9908687970985652,1.0,0.0
AL139423.2,-0.011444516,-18.553036,0.9908687970985652,1.0,0.0
AC074044.1,-0.011444516,-18.731014,0.9908687970985652,1.0,0.0
AL442663.3,-0.011444516,-18.61775,0.9908687970985652,1.0,0.0
AL596214.1,-0.011444516,-18.781754,0.9908687970985652,1.0,0.0
AC092111.2,-0.011444516,-18.831835,0.9908687970985652,1.0,0.0
F11-AS1,-0.011444516,-18.543535,0.9908687970985652,1.0,0.0
AMMECR1-IT1,-0.011444516,-18.67867,0.9908687970985652,1.0,0.0
AL031123.5,-0.011444516,-18.766382,0.9908687970985652,1.0,0.0
AC009269.2,-0.011444516,-18.800697,0.9908687970985652,1.0,0.0
KCNE5,-0.011444516,-19.247763,0.9908687970985652,1.0,0.0
AC131097.1,-0.011444516,-19.097767,0.9908687970985652,1.0,0.0
KCNK7,-0.011444516,-18.760714,0.9908687970985652,1.0,0.0
AC009133.4,-0.011444516,-18.19619,0.9908687970985652,1.0,0.0
AC099501.1,-0.011444516,-18.873528,0.9908687970985652,1.0,0.0
SMCR2,-0.011444516,-19.041729,0.9908687970985652,1.0,0.0
STOX2,-0.011444516,-18.72063,0.9908687970985652,1.0,0.0
AL591721.1,-0.011444516,-18.720333,0.9908687970985652,1.0,0.0
AC103591.4,-0.011444516,-19.039413,0.9908687970985652,1.0,0.0
AL139397.1,-0.011444516,-19.038479,0.9908687970985652,1.0,0.0
AC055811.3,-0.011444516,-19.300251,0.9908687970985652,1.0,0.0
SPECC1,-0.011444516,-18.949425,0.9908687970985652,1.0,0.0
ZFP42,-0.011444516,-18.711248,0.9908687970985652,1.0,0.0
AC104836.1,-0.011444516,-18.57912,0.9908687970985652,1.0,0.0
ABCB4,-0.011444516,-19.069147,0.9908687970985652,1.0,0.0
AC005253.2,-0.011444516,-18.696426,0.9908687970985652,1.0,0.0
AC137561.1,-0.011444516,-18.718506,0.9908687970985652,1.0,0.0
COMP,-0.011444516,-18.461163,0.9908687970985652,1.0,0.0
AL355075.1,-0.011444516,-18.74067,0.9908687970985652,1.0,0.0
AC138781.1,-0.011444516,-18.956274,0.9908687970985652,1.0,0.0
SLC22A9,-0.011444516,-19.194393,0.9908687970985652,1.0,0.0
GABRG2,-0.011444516,-18.887323,0.9908687970985652,1.0,0.0
PLAAT2,-0.011444516,-18.714361,0.9908687970985652,1.0,0.0
AC002094.2,-0.011444516,-18.374573,0.9908687970985652,1.0,0.0
OR5H14,-0.011444516,-18.395313,0.9908687970985652,1.0,0.0
ZNF630,-0.011444516,-18.718452,0.9908687970985652,1.0,0.0
AL391497.1,-0.011444516,-18.553333,0.9908687970985652,1.0,0.0
ERVE-1,-0.011444516,-18.693039,0.9908687970985652,1.0,0.0
AC105020.6,-0.011444516,-19.118477,0.9908687970985652,1.0,0.0
HIST1H2BB,-0.011444516,-18.612452,0.9908687970985652,1.0,0.0
AC003991.2,-0.011444516,-18.518925,0.9908687970985652,1.0,0.0
ITFG1-AS1,-0.011444516,-19.094316,0.9908687970985652,1.0,0.0
LINC01972,-0.011444516,-18.547974,0.9908687970985652,1.0,0.0
LMO3,-0.011444516,-18.88079,0.9908687970985652,1.0,0.0
MASP2,-0.011444516,-19.230865,0.9908687970985652,1.0,0.0
CNGB3,-0.011444516,-18.6628,0.9908687970985652,1.0,0.0
AL034546.1,-0.011444516,-19.008984,0.9908687970985652,1.0,0.0
AC093330.1,-0.011444516,-18.349379,0.9908687970985652,1.0,0.0
AC080013.4,-0.011444516,-18.464907,0.9908687970985652,1.0,0.0
C10orf90,-0.011444516,-19.074242,0.9908687970985652,1.0,0.0
LINC01565,-0.011444516,-18.729452,0.9908687970985652,1.0,0.0
AP000459.1,-0.011444516,-18.790571,0.9908687970985652,1.0,0.0
SLC26A8,-0.011444516,-18.861624,0.9908687970985652,1.0,0.0
LINC01197,-0.011444516,-18.865017,0.9908687970985652,1.0,0.0
CNDP1,-0.011444516,-18.94045,0.9908687970985652,1.0,0.0
GOLGA8J,-0.011444516,-19.071886,0.9908687970985652,1.0,0.0
C18orf65,-0.011444516,-19.050201,0.9908687970985652,1.0,0.0
ZACN,-0.011444516,-19.106674,0.9908687970985652,1.0,0.0
TTLL10,-0.011444516,-18.630703,0.9908687970985652,1.0,0.0
CD226,-0.011444516,-18.989426,0.9908687970985652,1.0,0.0
AC069547.2,-0.011444516,-18.715103,0.9908687970985652,1.0,0.0
CLPSL2,-0.011444516,-19.029577,0.9908687970985652,1.0,0.0
MSANTD1,-0.011444516,-18.786434,0.9908687970985652,1.0,0.0
AC113145.1,-0.011444516,-19.163462,0.9908687970985652,1.0,0.0
SNTG1,-0.011444516,-18.420322,0.9908687970985652,1.0,0.0
AL354809.1,-0.011444516,-18.46613,0.9908687970985652,1.0,0.0
AC012378.2,-0.011444516,-18.670774,0.9908687970985652,1.0,0.0
SMIM5,-0.011444516,-18.393349,0.9908687970985652,1.0,0.0
AC008625.1,-0.011444516,-18.916025,0.9908687970985652,1.0,0.0
AC107398.2,-0.011444516,-18.634998,0.9908687970985652,1.0,0.0
AC097515.1,-0.011444516,-18.545065,0.9908687970985652,1.0,0.0
CYYR1-AS1,-0.011444516,-19.337595,0.9908687970985652,1.0,0.0
AL627309.1,-0.011444516,-19.070469,0.9908687970985652,1.0,0.0
AC008966.3,-0.011444516,-18.31119,0.9908687970985652,1.0,0.0
AL354863.1,-0.011444516,-18.72661,0.9908687970985652,1.0,0.0
PRLHR,-0.011444516,-18.68613,0.9908687970985652,1.0,0.0
AC010776.1,-0.011444516,-19.122671,0.9908687970985652,1.0,0.0
GABRG3,-0.011444516,-18.496008,0.9908687970985652,1.0,0.0
AL731702.1,-0.011444516,-19.217758,0.9908687970985652,1.0,0.0
MEFV,-0.011444516,-18.724747,0.9908687970985652,1.0,0.0
CDH20,-0.011444516,-18.593063,0.9908687970985652,1.0,0.0
AC034231.1,-0.011444516,-18.671312,0.9908687970985652,1.0,0.0
AC126773.6,-0.011444516,-18.820599,0.9908687970985652,1.0,0.0
AC246793.1,-0.011444516,-18.866611,0.9908687970985652,1.0,0.0
AC009137.1,-0.011444516,-18.998787,0.9908687970985652,1.0,0.0
TNRC6C-AS1,-0.011444516,-18.48985,0.9908687970985652,1.0,0.0
AC007682.1,-0.011444516,-19.364744,0.9908687970985652,1.0,0.0
AC233263.6,-0.011444516,-18.82274,0.9908687970985652,1.0,0.0
LINC01697,-0.011444516,-18.73776,0.9908687970985652,1.0,0.0
PCAT14,-0.011444516,-18.931932,0.9908687970985652,1.0,0.0
IGLL1,-0.011444516,-18.944637,0.9908687970985652,1.0,0.0
FAM220A,-0.011444516,-18.520123,0.9908687970985652,1.0,0.0
C17orf99,-0.011444516,-18.974022,0.9908687970985652,1.0,0.0
TMC8,-0.011444516,-18.475546,0.9908687970985652,1.0,0.0
AC103746.1,-0.011444516,-18.79602,0.9908687970985652,1.0,0.0
NFIA-AS2,-0.011444516,-18.711529,0.9908687970985652,1.0,0.0
AC114341.2,-0.011444516,-18.68556,0.9908687970985652,1.0,0.0
TAF1L,-0.011444516,-19.170683,0.9908687970985652,1.0,0.0
AC245140.3,-0.011444516,-18.851868,0.9908687970985652,1.0,0.0
CIRBP-AS1,-0.011444516,-18.533697,0.9908687970985652,1.0,0.0
AC093274.1,-0.011444516,-18.817621,0.9908687970985652,1.0,0.0
AC012173.1,-0.011444516,-18.82741,0.9908687970985652,1.0,0.0
CDCP2,-0.011444516,-18.343737,0.9908687970985652,1.0,0.0
LINC00578,-0.011444516,-19.021456,0.9908687970985652,1.0,0.0
AP003396.1,-0.011444516,-18.737293,0.9908687970985652,1.0,0.0
ZNF534,-0.011444516,-18.599133,0.9908687970985652,1.0,0.0
CU639417.4,-0.011444516,-18.55606,0.9908687970985652,1.0,0.0
TCL6,-0.011444516,-18.687027,0.9908687970985652,1.0,0.0
TMEM139,-0.011444516,-18.746202,0.9908687970985652,1.0,0.0
LINC00839,-0.011444516,-19.218216,0.9908687970985652,1.0,0.0
AC022182.2,-0.011444516,-19.089066,0.9908687970985652,1.0,0.0
KIAA2012-AS1,-0.011444516,-18.97563,0.9908687970985652,1.0,0.0
ASH1L-IT1,-0.011444516,-18.566296,0.9908687970985652,1.0,0.0
AL353807.2,-0.011444516,-18.855312,0.9908687970985652,1.0,0.0
AL357556.4,-0.011444516,-18.907263,0.9908687970985652,1.0,0.0
AC097717.1,-0.011444516,-18.279684,0.9908687970985652,1.0,0.0
ADAMTSL5,-0.011444516,-19.074697,0.9908687970985652,1.0,0.0
ACTBL2,-0.011444516,-18.607851,0.9908687970985652,1.0,0.0
PLK5,-0.011444516,-19.187416,0.9908687970985652,1.0,0.0
DGKB,-0.011444516,-18.616041,0.9908687970985652,1.0,0.0
AC124248.2,-0.011444516,-18.87894,0.9908687970985652,1.0,0.0
AC016746.1,-0.011444516,-18.132063,0.9908687970985652,1.0,0.0
AP003393.1,-0.011444516,-18.68194,0.9908687970985652,1.0,0.0
UFL1-AS1,-0.011444516,-18.640018,0.9908687970985652,1.0,0.0
FP236241.1,-0.011444516,-18.80721,0.9908687970985652,1.0,0.0
AC005753.2,-0.011444516,-18.52769,0.9908687970985652,1.0,0.0
CALY,-0.011444516,-18.267668,0.9908687970985652,1.0,0.0
GOLGA8K,-0.011444516,-19.05944,0.9908687970985652,1.0,0.0
LINC00618,-0.011444516,-18.571112,0.9908687970985652,1.0,0.0
AC097528.1,-0.011444516,-18.779518,0.9908687970985652,1.0,0.0
AC123768.5,-0.011444516,-18.535187,0.9908687970985652,1.0,0.0
AL731769.2,-0.011444516,-18.809696,0.9908687970985652,1.0,0.0
AC073314.1,-0.011444516,-18.953058,0.9908687970985652,1.0,0.0
ARHGAP26-AS1,-0.011444516,-18.796598,0.9908687970985652,1.0,0.0
AC018926.1,-0.011444516,-18.53614,0.9908687970985652,1.0,0.0
SV2B,-0.011444516,-18.737518,0.9908687970985652,1.0,0.0
ALG1L,-0.011444516,-18.511269,0.9908687970985652,1.0,0.0
CSNK1A1L,-0.011444516,-18.654694,0.9908687970985652,1.0,0.0
AL357518.1,-0.011444516,-18.537933,0.9908687970985652,1.0,0.0
AC073140.1,-0.011444516,-18.773859,0.9908687970985652,1.0,0.0
AC133644.2,-0.011444516,-18.803001,0.9908687970985652,1.0,0.0
AL451085.1,-0.011444516,-18.69895,0.9908687970985652,1.0,0.0
AC107952.2,-0.011444516,-18.881634,0.9908687970985652,1.0,0.0
AC010976.2,-0.011444516,-18.444942,0.9908687970985652,1.0,0.0
ARHGEF5,-0.011444516,-18.589382,0.9908687970985652,1.0,0.0
ABCA9,-0.011444516,-18.856174,0.9908687970985652,1.0,0.0
AC080013.5,-0.011444516,-19.010414,0.9908687970985652,1.0,0.0
AC053545.1,-0.011444516,-18.79866,0.9908687970985652,1.0,0.0
AC025259.3,-0.011444516,-19.062883,0.9908687970985652,1.0,0.0
AC084782.3,-0.011444516,-19.065496,0.9908687970985652,1.0,0.0
AC092755.2,-0.011444516,-19.225006,0.9908687970985652,1.0,0.0
AL135841.1,-0.011444516,-19.046265,0.9908687970985652,1.0,0.0
AC018557.3,-0.011444516,-18.927734,0.9908687970985652,1.0,0.0
AJ011932.1,-0.011444516,-18.792618,0.9908687970985652,1.0,0.0
AC087386.1,-0.011444516,-18.686014,0.9908687970985652,1.0,0.0
AC111197.1,-0.011444516,-18.82821,0.9908687970985652,1.0,0.0
AC026495.2,-0.011444516,-18.336233,0.9908687970985652,1.0,0.0
CNNM3-DT,-0.011444516,-18.7547,0.9908687970985652,1.0,0.0
AC104472.4,-0.011444516,-18.87962,0.9908687970985652,1.0,0.0
AC034102.5,-0.011444516,-18.867552,0.9908687970985652,1.0,0.0
AL357522.1,-0.011444516,-19.032978,0.9908687970985652,1.0,0.0
CPS1-IT1,-0.011444516,-18.685076,0.9908687970985652,1.0,0.0
AP001496.2,-0.011444516,-18.319849,0.9908687970985652,1.0,0.0
AC188616.1,-0.011444516,-19.053806,0.9908687970985652,1.0,0.0
AC131159.2,-0.011444516,-19.052069,0.9908687970985652,1.0,0.0
NT5C1B,-0.011444516,-19.00261,0.9908687970985652,1.0,0.0
AC067750.1,-0.011444516,-18.80042,0.9908687970985652,1.0,0.0
AC007881.3,-0.011444516,-19.055971,0.9908687970985652,1.0,0.0
AC011751.1,-0.011444516,-18.948229,0.9908687970985652,1.0,0.0
GACAT3,-0.011444516,-18.690502,0.9908687970985652,1.0,0.0
AL591767.1,-0.011444516,-18.67527,0.9908687970985652,1.0,0.0
LINC01484,-0.011444516,-18.56651,0.9908687970985652,1.0,0.0
NOS1,-0.011444516,-18.537663,0.9908687970985652,1.0,0.0
AC010727.1,-0.011444516,-19.004293,0.9908687970985652,1.0,0.0
AC104961.1,-0.011444516,-19.020933,0.9908687970985652,1.0,0.0
LINC00167,-0.011444516,-18.524904,0.9908687970985652,1.0,0.0
AP001198.1,-0.011444516,-18.862116,0.9908687970985652,1.0,0.0
AL512356.4,-0.011444516,-18.86467,0.9908687970985652,1.0,0.0
LINC01614,-0.011444516,-18.384361,0.9908687970985652,1.0,0.0
GPR132,-0.011444516,-18.589897,0.9908687970985652,1.0,0.0
CYP26C1,-0.011444516,-18.602428,0.9908687970985652,1.0,0.0
AC026367.2,-0.011444516,-18.769575,0.9908687970985652,1.0,0.0
AC090772.2,-0.011444516,-18.625301,0.9908687970985652,1.0,0.0
HIST2H2BF,-0.011444516,-18.973196,0.9908687970985652,1.0,0.0
AC025162.2,-0.011444516,-18.424805,0.9908687970985652,1.0,0.0
MED4-AS1,-0.011444516,-19.001398,0.9908687970985652,1.0,0.0
AC239802.2,-0.011444516,-18.82265,0.9908687970985652,1.0,0.0
AC055854.1,-0.011444516,-18.961046,0.9908687970985652,1.0,0.0
AL158196.1,-0.011444516,-18.642908,0.9908687970985652,1.0,0.0
AL359198.1,-0.011444516,-18.887133,0.9908687970985652,1.0,0.0
AL133410.2,-0.011444516,-19.097385,0.9908687970985652,1.0,0.0
AP001053.1,-0.011444516,-19.049583,0.9908687970985652,1.0,0.0
LINC00313,-0.011444516,-18.628485,0.9908687970985652,1.0,0.0
AC091185.1,-0.011444516,-18.61557,0.9908687970985652,1.0,0.0
AC092757.2,-0.011444516,-18.891367,0.9908687970985652,1.0,0.0
TBL1XR1-AS1,-0.011444516,-18.739086,0.9908687970985652,1.0,0.0
C9orf131,-0.011444516,-18.975042,0.9908687970985652,1.0,0.0
AC188617.1,-0.011444516,-18.957531,0.9908687970985652,1.0,0.0
USP9Y,-0.011444516,-19.137663,0.9908687970985652,1.0,0.0
AL133405.1,-0.011444516,-18.279514,0.9908687970985652,1.0,0.0
BX571846.1,-0.011444516,-18.365572,0.9908687970985652,1.0,0.0
LINC00239,-0.011444516,-18.463211,0.9908687970985652,1.0,0.0
LINC01226,-0.011444516,-18.642277,0.9908687970985652,1.0,0.0
LINC00895,-0.011444516,-18.527658,0.9908687970985652,1.0,0.0
AC104964.1,-0.011444516,-18.972755,0.9908687970985652,1.0,0.0
AL023584.2,-0.011444516,-18.677624,0.9908687970985652,1.0,0.0
AC022784.5,-0.011444516,-18.77027,0.9908687970985652,1.0,0.0
FAM3D-AS1,-0.011444516,-18.243052,0.9908687970985652,1.0,0.0
AC141586.3,-0.011444516,-19.054049,0.9908687970985652,1.0,0.0
AL353593.3,-0.011444516,-19.118967,0.9908687970985652,1.0,0.0
AC006305.1,-0.011444516,-18.54581,0.9908687970985652,1.0,0.0
AC016813.1,-0.011444516,-18.926382,0.9908687970985652,1.0,0.0
PROM2,-0.011444516,-18.60192,0.9908687970985652,1.0,0.0
AC005606.2,-0.011444516,-18.386951,0.9908687970985652,1.0,0.0
AIFM3,-0.011444516,-18.491335,0.9908687970985652,1.0,0.0
SPOCK2,-0.011444516,-18.950201,0.9908687970985652,1.0,0.0
AC104365.1,-0.011444516,-19.025667,0.9908687970985652,1.0,0.0
AC092171.1,-0.011444516,-18.514233,0.9908687970985652,1.0,0.0
GPR1-AS,-0.011444516,-18.556286,0.9908687970985652,1.0,0.0
ESRP2,-0.011444516,-18.794521,0.9908687970985652,1.0,0.0
AL356489.3,-0.011444516,-18.601927,0.9908687970985652,1.0,0.0
PNLIPRP1,-0.011444516,-18.67183,0.9908687970985652,1.0,0.0
AC126283.1,-0.011444516,-18.945765,0.9908687970985652,1.0,0.0
AL591926.2,-0.011444516,-19.142868,0.9908687970985652,1.0,0.0
UNC5CL,-0.011444516,-18.350517,0.9908687970985652,1.0,0.0
AL133243.1,-0.011444516,-18.954115,0.9908687970985652,1.0,0.0
AC090907.3,-0.011444516,-18.730732,0.9908687970985652,1.0,0.0
MYCNOS,-0.011444516,-18.87007,0.9908687970985652,1.0,0.0
APOF,-0.011444516,-18.717482,0.9908687970985652,1.0,0.0
AC021504.1,-0.011444516,-19.085346,0.9908687970985652,1.0,0.0
NUTM2B,-0.011444516,-19.07579,0.9908687970985652,1.0,0.0
HTD2,-0.011444516,-18.794409,0.9908687970985652,1.0,0.0
AP005329.1,-0.011444516,-18.996178,0.9908687970985652,1.0,0.0
AC009065.5,-0.011444516,-18.837536,0.9908687970985652,1.0,0.0
AC026368.1,-0.011444516,-19.056446,0.9908687970985652,1.0,0.0
KDF1,-0.011444516,-18.84895,0.9908687970985652,1.0,0.0
LINC00907,-0.011444516,-18.884056,0.9908687970985652,1.0,0.0
AC007749.2,-0.011444516,-19.055967,0.9908687970985652,1.0,0.0
DIRC3,-0.011444516,-18.786715,0.9908687970985652,1.0,0.0
GALNT15,-0.011444516,-19.12315,0.9908687970985652,1.0,0.0
AC090946.1,-0.011444516,-18.506805,0.9908687970985652,1.0,0.0
KCNMA1-AS3,-0.011444516,-18.59028,0.9908687970985652,1.0,0.0
CXCR2,-0.011444516,-18.756786,0.9908687970985652,1.0,0.0
AP001178.3,-0.011444516,-18.919779,0.9908687970985652,1.0,0.0
CXCL14,-0.011444516,-18.417324,0.9908687970985652,1.0,0.0
AC004461.2,-0.011444516,-18.733612,0.9908687970985652,1.0,0.0
LTC4S,-0.011444516,-18.732004,0.9908687970985652,1.0,0.0
AC090945.1,-0.011444516,-18.555565,0.9908687970985652,1.0,0.0
AF131215.4,-0.011444516,-18.895084,0.9908687970985652,1.0,0.0
AC104463.2,-0.011444516,-18.983177,0.9908687970985652,1.0,0.0
AL021408.1,-0.011444516,-18.471416,0.9908687970985652,1.0,0.0
AC011476.3,-0.011444516,-18.917707,0.9908687970985652,1.0,0.0
KIF17,-0.011444516,-18.830898,0.9908687970985652,1.0,0.0
AC092809.4,-0.011444516,-18.19847,0.9908687970985652,1.0,0.0
SLC26A7,-0.011444516,-18.995893,0.9908687970985652,1.0,0.0
AC012360.1,-0.011444516,-18.58608,0.9908687970985652,1.0,0.0
LILRB1,-0.011444516,-18.75357,0.9908687970985652,1.0,0.0
LINC02202,-0.011444516,-18.657879,0.9908687970985652,1.0,0.0
DENND1C,-0.011444516,-19.057222,0.9908687970985652,1.0,0.0
SPATA25,-0.011444516,-19.04958,0.9908687970985652,1.0,0.0
LINC01227,-0.011444516,-18.86587,0.9908687970985652,1.0,0.0
AC012511.1,-0.011444516,-18.518723,0.9908687970985652,1.0,0.0
LILRA2,-0.011444516,-18.845022,0.9908687970985652,1.0,0.0
AL512380.2,-0.011444516,-19.083908,0.9908687970985652,1.0,0.0
AC002542.6,-0.011444516,-19.036997,0.9908687970985652,1.0,0.0
LINC02185,-0.011444516,-18.785631,0.9908687970985652,1.0,0.0
AC011092.3,-0.011444516,-18.533287,0.9908687970985652,1.0,0.0
SLC5A12,-0.011444516,-18.849924,0.9908687970985652,1.0,0.0
AC100763.1,-0.011444516,-18.427122,0.9908687970985652,1.0,0.0
AC010978.1,-0.011444516,-18.947485,0.9908687970985652,1.0,0.0
LINC00642,-0.011444516,-19.244707,0.9908687970985652,1.0,0.0
AL121672.3,-0.011444516,-18.814959,0.9908687970985652,1.0,0.0
SLC38A4,-0.011444516,-18.969238,0.9908687970985652,1.0,0.0
AL021707.8,-0.011444516,-18.70768,0.9908687970985652,1.0,0.0
SHISAL2A,-0.011444516,-18.777555,0.9908687970985652,1.0,0.0
HIST1H2BL,-0.011444516,-18.470037,0.9908687970985652,1.0,0.0
AL021707.9,-0.011444516,-18.748293,0.9908687970985652,1.0,0.0
FUT6,-0.011444516,-18.846851,0.9908687970985652,1.0,0.0
LRGUK,-0.011444516,-18.252384,0.9908687970985652,1.0,0.0
AC084018.1,-0.011444516,-18.89228,0.9908687970985652,1.0,0.0
AC087286.2,-0.011444516,-18.759405,0.9908687970985652,1.0,0.0
CEACAM20,-0.011444516,-18.640003,0.9908687970985652,1.0,0.0
NXNL2,-0.011444516,-18.479454,0.9908687970985652,1.0,0.0
KCNJ10,-0.011444516,-18.905214,0.9908687970985652,1.0,0.0
AC099508.1,-0.011444516,-18.521437,0.9908687970985652,1.0,0.0
IRF4,-0.011444516,-18.814104,0.9908687970985652,1.0,0.0
AC109597.1,-0.011444516,-18.79583,0.9908687970985652,1.0,0.0
ATXN2-AS,-0.011444516,-18.596968,0.9908687970985652,1.0,0.0
AC079906.1,-0.011444516,-18.7747,0.9908687970985652,1.0,0.0
AC133106.1,-0.011444516,-19.048182,0.9908687970985652,1.0,0.0
AC099487.1,-0.011444516,-18.882812,0.9908687970985652,1.0,0.0
C1QTNF7,-0.011444516,-18.654827,0.9908687970985652,1.0,0.0
FOXN3-AS2,-0.011444516,-18.713552,0.9908687970985652,1.0,0.0
NCOA7-AS1,-0.011444516,-18.869112,0.9908687970985652,1.0,0.0
L34079.3,-0.011444516,-18.839909,0.9908687970985652,1.0,0.0
HTR3B,-0.011444516,-18.59867,0.9908687970985652,1.0,0.0
AC010336.5,-0.011444516,-18.786491,0.9908687970985652,1.0,0.0
FGF23,-0.011444516,-18.269476,0.9908687970985652,1.0,0.0
CERS4,-0.011444516,-18.770018,0.9908687970985652,1.0,0.0
FMR1-AS1,-0.011444516,-18.954657,0.9908687970985652,1.0,0.0
AC116366.1,-0.011444516,-18.818306,0.9908687970985652,1.0,0.0
OR7D4,-0.011444516,-18.577051,0.9908687970985652,1.0,0.0
CHRNG,-0.011444516,-18.952625,0.9908687970985652,1.0,0.0
AKAP3,-0.011444516,-18.871752,0.9908687970985652,1.0,0.0
AL357054.3,-0.011444516,-18.877972,0.9908687970985652,1.0,0.0
CYP2D6,-0.011444516,-19.033916,0.9908687970985652,1.0,0.0
AL021918.5,-0.011444516,-18.749315,0.9908687970985652,1.0,0.0
CD53,-0.011444516,-18.80512,0.9908687970985652,1.0,0.0
AL132996.1,-0.011444516,-18.720963,0.9908687970985652,1.0,0.0
LINC00707,-0.011444516,-18.777277,0.9908687970985652,1.0,0.0
AC073283.2,-0.011444516,-18.98485,0.9908687970985652,1.0,0.0
AC009139.1,-0.011444516,-19.054445,0.9908687970985652,1.0,0.0
SFTPB,-0.011444516,-18.603178,0.9908687970985652,1.0,0.0
AC107032.2,-0.011444516,-19.027037,0.9908687970985652,1.0,0.0
SLC12A5-AS1,-0.011444516,-18.847223,0.9908687970985652,1.0,0.0
AC008105.1,-0.011444516,-18.603846,0.9908687970985652,1.0,0.0
PARVG,-0.011444516,-18.536015,0.9908687970985652,1.0,0.0
CACNG7,-0.011444516,-19.069963,0.9908687970985652,1.0,0.0
AL365356.1,-0.011444516,-18.72226,0.9908687970985652,1.0,0.0
NUP210,-0.011444516,-18.57212,0.9908687970985652,1.0,0.0
AC006213.3,-0.011444516,-18.740128,0.9908687970985652,1.0,0.0
THRA1/BTR,-0.011444516,-18.528082,0.9908687970985652,1.0,0.0
ERICH6,-0.011444516,-19.203964,0.9908687970985652,1.0,0.0
LINC01429,-0.011444516,-18.870295,0.9908687970985652,1.0,0.0
AL158063.1,-0.011444516,-18.567497,0.9908687970985652,1.0,0.0
ATP1A2,-0.011444516,-18.746765,0.9908687970985652,1.0,0.0
CCDC3,-0.011444516,-18.442501,0.9908687970985652,1.0,0.0
AC115522.1,-0.011444516,-18.665071,0.9908687970985652,1.0,0.0
LINC01754,-0.011444516,-19.46023,0.9908687970985652,1.0,0.0
SCG3,-0.011444516,-18.541252,0.9908687970985652,1.0,0.0
AL645504.1,-0.011444516,-18.789967,0.9908687970985652,1.0,0.0
SLAMF9,-0.011444516,-18.330847,0.9908687970985652,1.0,0.0
TRPM6,-0.011444516,-18.637693,0.9908687970985652,1.0,0.0
TMC3-AS1,-0.011444516,-19.151907,0.9908687970985652,1.0,0.0
MPPED2,-0.011444516,-18.41034,0.9908687970985652,1.0,0.0
AC046143.2,-0.011444516,-18.774178,0.9908687970985652,1.0,0.0
AL450322.2,-0.011444516,-18.677374,0.9908687970985652,1.0,0.0
ITK,-0.011444516,-18.795319,0.9908687970985652,1.0,0.0
CSMD2,-0.011444516,-18.537857,0.9908687970985652,1.0,0.0
AL445231.1,-0.011444516,-18.857843,0.9908687970985652,1.0,0.0
CYP1B1-AS1,-0.011444516,-18.883085,0.9908687970985652,1.0,0.0
AC004943.1,-0.011444516,-18.862192,0.9908687970985652,1.0,0.0
Z82249.1,-0.011444516,-18.633942,0.9908687970985652,1.0,0.0
SEPTIN4-AS1,-0.011444516,-18.565601,0.9908687970985652,1.0,0.0
HPX,-0.011444516,-18.906143,0.9908687970985652,1.0,0.0
GPR37L1,-0.011444516,-18.50933,0.9908687970985652,1.0,0.0
AC244102.3,-0.011444516,-18.661648,0.9908687970985652,1.0,0.0
HDAC9,-0.011444516,-18.636805,0.9908687970985652,1.0,0.0
AC073333.1,-0.011444516,-18.689428,0.9908687970985652,1.0,0.0
LINC02465,-0.011444516,-18.878782,0.9908687970985652,1.0,0.0
ARHGAP30,-0.011444516,-19.321934,0.9908687970985652,1.0,0.0
HIST1H2AI,-0.011444516,-18.57948,0.9908687970985652,1.0,0.0
ZFR2,-0.011444516,-18.81378,0.9908687970985652,1.0,0.0
AL022098.1,-0.011444516,-18.743849,0.9908687970985652,1.0,0.0
STK4-AS1,-0.011444516,-18.61475,0.9908687970985652,1.0,0.0
ZNF415,-0.011444516,-19.18771,0.9908687970985652,1.0,0.0
AC007216.4,-0.011444516,-18.803307,0.9908687970985652,1.0,0.0
AL078581.4,-0.011444516,-18.896381,0.9908687970985652,1.0,0.0
LINC00877,-0.011444516,-18.595125,0.9908687970985652,1.0,0.0
LGALS8-AS1,-0.011444516,-18.839745,0.9908687970985652,1.0,0.0
HAPLN2,-0.011444516,-18.937218,0.9908687970985652,1.0,0.0
MST1R,-0.011444516,-19.026495,0.9908687970985652,1.0,0.0
AP000907.2,-0.011444516,-18.85483,0.9908687970985652,1.0,0.0
FOXP2,-0.011444516,-18.625082,0.9908687970985652,1.0,0.0
FAM180A,-0.011444516,-18.698212,0.9908687970985652,1.0,0.0
PCDHGB4,-0.011444516,-18.635458,0.9908687970985652,1.0,0.0
OR10A4,-0.011444516,-18.471052,0.9908687970985652,1.0,0.0
AC112236.2,-0.011444516,-18.892244,0.9908687970985652,1.0,0.0
AC016571.1,-0.011444516,-18.341936,0.9908687970985652,1.0,0.0
AL355312.3,-0.011444516,-18.840736,0.9908687970985652,1.0,0.0
LINC01618,-0.011444516,-18.58551,0.9908687970985652,1.0,0.0
AL161910.1,-0.011444516,-18.868494,0.9908687970985652,1.0,0.0
AC091167.5,-0.011444516,-19.130987,0.9908687970985652,1.0,0.0
SEMA6A,-0.011444516,-19.124506,0.9908687970985652,1.0,0.0
SLC16A8,-0.011444516,-18.512566,0.9908687970985652,1.0,0.0
OR2B11,-0.011444516,-18.38451,0.9908687970985652,1.0,0.0
AL121655.1,-0.011444516,-18.626673,0.9908687970985652,1.0,0.0
AC004241.4,-0.011444516,-19.234058,0.9908687970985652,1.0,0.0
RDH10-AS1,-0.011444516,-18.81198,0.9908687970985652,1.0,0.0
AC090587.1,-0.011444516,-18.821436,0.9908687970985652,1.0,0.0
KCNK15,-0.011444516,-18.383734,0.9908687970985652,1.0,0.0
LINC02664,-0.011444516,-19.139698,0.9908687970985652,1.0,0.0
AC016549.1,-0.011444516,-19.157522,0.9908687970985652,1.0,0.0
AL008725.1,-0.011444516,-18.653532,0.9908687970985652,1.0,0.0
AC110491.3,-0.011444516,-19.005062,0.9908687970985652,1.0,0.0
GALR3,-0.011444516,-18.522999,0.9908687970985652,1.0,0.0
AC138035.1,-0.011444516,-18.865574,0.9908687970985652,1.0,0.0
STPG4,-0.011444516,-18.165632,0.9908687970985652,1.0,0.0
AC007601.1,-0.011444516,-18.931807,0.9908687970985652,1.0,0.0
APOL4,-0.011444516,-18.657785,0.9908687970985652,1.0,0.0
TTC36,-0.011444516,-19.052917,0.9908687970985652,1.0,0.0
AL021578.1,-0.011444516,-18.818844,0.9908687970985652,1.0,0.0
AC106870.1,-0.011444516,-18.844563,0.9908687970985652,1.0,0.0
SEC11A,-0.011614821,0.020617682,0.9907329221684011,1.0,0.9404761904761905
DTD2,-0.0116829425,0.0001774897,0.9906785722713704,1.0,0.09523809523809523
RCE1,-0.011751065,-0.07054829,0.9906242224175946,1.0,0.05952380952380952
GPR89A,-0.011785126,0.1407088,0.9905970475070064,1.0,0.023809523809523808
DTNB,-0.0120576145,-0.15006714,0.9903796486176498,1.0,0.05952380952380952
CALML4,-0.0120576145,-0.15450102,0.9903796486176498,1.0,0.03571428571428571
EXOC5,-0.0120576145,-0.060346838,0.9903796486176498,1.0,0.38095238095238093
AC211433.1,-0.012125737,-0.0073110005,0.9903252990062859,1.0,0.011904761904761904
MEIS1,-0.012125737,-0.1940768,0.9903252990062859,1.0,0.047619047619047616
AC107419.1,-0.012125737,-0.047303118,0.9903252990062859,1.0,0.011904761904761904
ODR4,-0.012125737,0.07925281,0.9903252990062859,1.0,0.15476190476190477
NIPBL-DT,-0.012261981,-0.044789366,0.9902165999184934,1.0,0.047619047619047616
BEAN1,-0.012296042,0.11421559,0.9901894251748408,1.0,0.03571428571428571
AC009275.1,-0.012534469,-0.07531982,0.9899992022897115,1.0,0.09523809523809523
DCUN1D3,-0.01318163,-0.0055809384,0.9894828859268815,1.0,0.19047619047619047
LGALS9,-0.013317874,0.6378682,0.9893741882992191,1.0,0.011904761904761904
WHAMM,-0.013454118,-0.29709986,0.9892654908687867,1.0,0.13095238095238096
UBR2,-0.013658484,0.07380663,0.9891024450973569,1.0,0.20238095238095238
EID3,-0.01382879,0.35411906,0.9889665739685335,1.0,0.05952380952380952
FOXD2,-0.01382879,-0.44570762,0.9889665739685335,1.0,0.011904761904761904
ZFYVE27,-0.014101278,0.1345332,0.9887491808296384,1.0,0.047619047619047616
PDIA4,-0.014135339,-0.03332982,0.9887220067456788,1.0,0.7976190476190477
COL8A2,-0.014135339,0.26699606,0.9887220067456788,1.0,0.011904761904761904
AL133383.1,-0.014305645,-19.45213,0.9885861365227615,1.0,0.0
FCAR,-0.014305645,-18.991928,0.9885861365227615,1.0,0.0
AC007546.1,-0.014305645,-19.115654,0.9885861365227615,1.0,0.0
AC006581.2,-0.014305645,-19.100046,0.9885861365227615,1.0,0.0
AC005041.4,-0.014305645,-19.324099,0.9885861365227615,1.0,0.0
LRRC4B,-0.014305645,-18.987974,0.9885861365227615,1.0,0.0
NOD2,-0.014305645,-19.227388,0.9885861365227615,1.0,0.0
AC092718.1,-0.014305645,-18.881758,0.9885861365227615,1.0,0.0
AC012568.1,-0.014305645,-19.289942,0.9885861365227615,1.0,0.0
ALG9-IT1,-0.014305645,-18.997478,0.9885861365227615,1.0,0.0
AC007497.1,-0.014305645,-18.948248,0.9885861365227615,1.0,0.0
KCTD16,-0.014305645,-18.603418,0.9885861365227615,1.0,0.0
AL805961.1,-0.014305645,-19.396046,0.9885861365227615,1.0,0.0
AP006222.2,-0.014305645,-18.673487,0.9885861365227615,1.0,0.0
ATP2C2-AS1,-0.014305645,-19.201492,0.9885861365227615,1.0,0.0
CES4A,-0.014305645,-18.814386,0.9885861365227615,1.0,0.0
KLK2,-0.014305645,-18.79298,0.9885861365227615,1.0,0.0
C1orf229,-0.014305645,-19.296503,0.9885861365227615,1.0,0.0
AC017050.1,-0.014305645,-18.923409,0.9885861365227615,1.0,0.0
C4BPB,-0.014305645,-19.104795,0.9885861365227615,1.0,0.0
AP001893.1,-0.014305645,-19.13216,0.9885861365227615,1.0,0.0
AC078881.1,-0.014305645,-19.071287,0.9885861365227615,1.0,0.0
AC048338.2,-0.014305645,-19.566605,0.9885861365227615,1.0,0.0
LINC00987,-0.014305645,-19.13822,0.9885861365227615,1.0,0.0
AC092053.6,-0.014305645,-18.798967,0.9885861365227615,1.0,0.0
AC107021.1,-0.014305645,-19.20601,0.9885861365227615,1.0,0.0
AC099343.2,-0.014305645,-18.657372,0.9885861365227615,1.0,0.0
ZBTB44-DT,-0.014305645,-19.30877,0.9885861365227615,1.0,0.0
AC092127.1,-0.014305645,-18.988453,0.9885861365227615,1.0,0.0
KBTBD12,-0.014305645,-18.941847,0.9885861365227615,1.0,0.0
AC004938.2,-0.014305645,-19.388504,0.9885861365227615,1.0,0.0
AC022150.1,-0.014305645,-19.33545,0.9885861365227615,1.0,0.0
AC004765.1,-0.014305645,-19.215473,0.9885861365227615,1.0,0.0
DEPDC1-AS1,-0.014305645,-18.946205,0.9885861365227615,1.0,0.0
AC009095.1,-0.014305645,-18.962095,0.9885861365227615,1.0,0.0
AC006042.4,-0.014305645,-18.911674,0.9885861365227615,1.0,0.0
AL354977.2,-0.014305645,-19.185247,0.9885861365227615,1.0,0.0
HNF1A,-0.014305645,-19.276028,0.9885861365227615,1.0,0.0
AL157936.1,-0.014305645,-19.203491,0.9885861365227615,1.0,0.0
AC008119.1,-0.014305645,-18.965872,0.9885861365227615,1.0,0.0
AL591518.1,-0.014305645,-19.2492,0.9885861365227615,1.0,0.0
AC245140.1,-0.014305645,-19.036882,0.9885861365227615,1.0,0.0
MAGEA3,-0.014305645,-19.166012,0.9885861365227615,1.0,0.0
EXOC1L,-0.014305645,-19.224041,0.9885861365227615,1.0,0.0
AC018845.3,-0.014305645,-18.744349,0.9885861365227615,1.0,0.0
PDF,-0.014305645,-19.22898,0.9885861365227615,1.0,0.0
PROC,-0.014305645,-19.11291,0.9885861365227615,1.0,0.0
AC026474.1,-0.014305645,-18.80984,0.9885861365227615,1.0,0.0
LINC01720,-0.014305645,-19.239622,0.9885861365227615,1.0,0.0
HCG14,-0.014305645,-19.473465,0.9885861365227615,1.0,0.0
AC107214.2,-0.014305645,-19.170002,0.9885861365227615,1.0,0.0
AL031259.1,-0.014305645,-19.107798,0.9885861365227615,1.0,0.0
AC092111.1,-0.014305645,-18.730171,0.9885861365227615,1.0,0.0
CCER2,-0.014305645,-19.147043,0.9885861365227615,1.0,0.0
ITGA9,-0.014305645,-19.041344,0.9885861365227615,1.0,0.0
PIWIL4,-0.014305645,-19.18981,0.9885861365227615,1.0,0.0
AC007610.5,-0.014305645,-19.435663,0.9885861365227615,1.0,0.0
AC008629.1,-0.014305645,-19.316097,0.9885861365227615,1.0,0.0
VN1R1,-0.014305645,-18.814106,0.9885861365227615,1.0,0.0
ZFP92,-0.014305645,-18.95462,0.9885861365227615,1.0,0.0
AL157756.1,-0.014305645,-19.18273,0.9885861365227615,1.0,0.0
AC018647.1,-0.014305645,-19.118687,0.9885861365227615,1.0,0.0
AL162311.3,-0.014305645,-19.169018,0.9885861365227615,1.0,0.0
AC009097.3,-0.014305645,-19.356276,0.9885861365227615,1.0,0.0
CYP1B1,-0.014305645,-19.09154,0.9885861365227615,1.0,0.0
AL353709.1,-0.014305645,-19.351748,0.9885861365227615,1.0,0.0
AC084757.2,-0.014305645,-19.032322,0.9885861365227615,1.0,0.0
CX3CL1,-0.014305645,-18.921312,0.9885861365227615,1.0,0.0
LINC00574,-0.014305645,-18.7522,0.9885861365227615,1.0,0.0
AL450467.1,-0.014305645,-19.385136,0.9885861365227615,1.0,0.0
AC011816.2,-0.014305645,-18.716341,0.9885861365227615,1.0,0.0
LINC01950,-0.014305645,-19.078724,0.9885861365227615,1.0,0.0
RHOXF1,-0.014305645,-19.136461,0.9885861365227615,1.0,0.0
HIST1H4L,-0.014305645,-19.065031,0.9885861365227615,1.0,0.0
KLHL32,-0.014305645,-19.151424,0.9885861365227615,1.0,0.0
BX470209.1,-0.014305645,-19.051296,0.9885861365227615,1.0,0.0
AL136372.2,-0.014305645,-19.078743,0.9885861365227615,1.0,0.0
AC092745.5,-0.014305645,-18.95316,0.9885861365227615,1.0,0.0
OR6M1,-0.014305645,-19.222445,0.9885861365227615,1.0,0.0
AL359397.1,-0.014305645,-19.152973,0.9885861365227615,1.0,0.0
RLN1,-0.014305645,-19.125856,0.9885861365227615,1.0,0.0
AL135786.2,-0.014305645,-19.047323,0.9885861365227615,1.0,0.0
ANXA10,-0.014305645,-19.108734,0.9885861365227615,1.0,0.0
AC104335.1,-0.014305645,-19.646238,0.9885861365227615,1.0,0.0
AL845472.1,-0.014305645,-19.181705,0.9885861365227615,1.0,0.0
AL139234.1,-0.014305645,-19.124464,0.9885861365227615,1.0,0.0
KLHL7-DT,-0.014305645,-19.07832,0.9885861365227615,1.0,0.0
MMP10,-0.014305645,-18.995615,0.9885861365227615,1.0,0.0
HEPN1,-0.014305645,-19.370932,0.9885861365227615,1.0,0.0
AL034405.1,-0.014305645,-18.925892,0.9885861365227615,1.0,0.0
AC005082.1,-0.014305645,-18.918493,0.9885861365227615,1.0,0.0
DHDH,-0.014305645,-19.001017,0.9885861365227615,1.0,0.0
NCKAP5-IT1,-0.014305645,-19.34889,0.9885861365227615,1.0,0.0
AC010999.1,-0.014305645,-18.886799,0.9885861365227615,1.0,0.0
AP002961.1,-0.014305645,-19.492157,0.9885861365227615,1.0,0.0
LINC01844,-0.014305645,-18.86596,0.9885861365227615,1.0,0.0
AL591543.1,-0.014305645,-19.053318,0.9885861365227615,1.0,0.0
HECW1,-0.014305645,-19.170013,0.9885861365227615,1.0,0.0
SPATA4,-0.014305645,-19.42928,0.9885861365227615,1.0,0.0
LINC02188,-0.014305645,-19.262907,0.9885861365227615,1.0,0.0
LINC02271,-0.014305645,-19.265875,0.9885861365227615,1.0,0.0
AL049871.1,-0.014305645,-19.398254,0.9885861365227615,1.0,0.0
IGDCC4,-0.014305645,-18.811157,0.9885861365227615,1.0,0.0
AL139274.2,-0.014305645,-18.872292,0.9885861365227615,1.0,0.0
ACVR2B-AS1,-0.014305645,-18.869293,0.9885861365227615,1.0,0.0
AC012313.2,-0.014305645,-19.167458,0.9885861365227615,1.0,0.0
AC016924.1,-0.014305645,-19.091434,0.9885861365227615,1.0,0.0
AL645939.4,-0.014305645,-19.170042,0.9885861365227615,1.0,0.0
AL353771.1,-0.014305645,-18.863255,0.9885861365227615,1.0,0.0
INMT,-0.014305645,-19.342525,0.9885861365227615,1.0,0.0
ANKRD61,-0.014305645,-19.26562,0.9885861365227615,1.0,0.0
AC008403.3,-0.014305645,-19.033382,0.9885861365227615,1.0,0.0
AL136419.3,-0.014305645,-18.94015,0.9885861365227615,1.0,0.0
LINC01931,-0.014305645,-19.257233,0.9885861365227615,1.0,0.0
AL356218.2,-0.014305645,-18.852001,0.9885861365227615,1.0,0.0
AL121790.2,-0.014305645,-19.249104,0.9885861365227615,1.0,0.0
AL161804.1,-0.014305645,-19.222902,0.9885861365227615,1.0,0.0
AL645937.4,-0.014305645,-19.07503,0.9885861365227615,1.0,0.0
AC006207.1,-0.014305645,-19.226274,0.9885861365227615,1.0,0.0
AC008750.7,-0.014305645,-19.311344,0.9885861365227615,1.0,0.0
AC002519.1,-0.014305645,-18.801443,0.9885861365227615,1.0,0.0
AC027449.1,-0.014305645,-19.306257,0.9885861365227615,1.0,0.0
AC091153.4,-0.014305645,-18.621195,0.9885861365227615,1.0,0.0
SLC24A4,-0.014305645,-19.316063,0.9885861365227615,1.0,0.0
AC068389.1,-0.014305645,-19.239866,0.9885861365227615,1.0,0.0
LINC02177,-0.014305645,-19.04237,0.9885861365227615,1.0,0.0
AC120042.1,-0.014305645,-19.4284,0.9885861365227615,1.0,0.0
LARGE1,-0.014305645,-18.979986,0.9885861365227615,1.0,0.0
AC005256.1,-0.014305645,-19.17205,0.9885861365227615,1.0,0.0
AL021877.2,-0.014305645,-18.871834,0.9885861365227615,1.0,0.0
AL353600.1,-0.014305645,-19.229881,0.9885861365227615,1.0,0.0
AC104530.1,-0.014305645,-18.672829,0.9885861365227615,1.0,0.0
AC008780.2,-0.014305645,-18.655743,0.9885861365227615,1.0,0.0
HAR1B,-0.014305645,-18.981203,0.9885861365227615,1.0,0.0
AC009879.4,-0.014305645,-18.78803,0.9885861365227615,1.0,0.0
AC092068.2,-0.014305645,-18.712698,0.9885861365227615,1.0,0.0
AL357033.2,-0.014305645,-19.092014,0.9885861365227615,1.0,0.0
PPM1E,-0.014305645,-19.152018,0.9885861365227615,1.0,0.0
AC007220.1,-0.014305645,-19.41498,0.9885861365227615,1.0,0.0
AC006130.3,-0.014305645,-18.868586,0.9885861365227615,1.0,0.0
KF456478.1,-0.014305645,-18.96963,0.9885861365227615,1.0,0.0
GNA15,-0.014305645,-19.12072,0.9885861365227615,1.0,0.0
TSPOAP1-AS1,-0.014305645,-19.159544,0.9885861365227615,1.0,0.0
BCAN,-0.014305645,-18.805397,0.9885861365227615,1.0,0.0
AC093159.1,-0.014305645,-18.891357,0.9885861365227615,1.0,0.0
AC093673.2,-0.014305645,-19.044312,0.9885861365227615,1.0,0.0
INPP5J,-0.014305645,-19.429173,0.9885861365227615,1.0,0.0
CU633906.2,-0.014305645,-19.549408,0.9885861365227615,1.0,0.0
ADGRF1,-0.014305645,-18.942484,0.9885861365227615,1.0,0.0
AC001226.1,-0.014305645,-19.051743,0.9885861365227615,1.0,0.0
AC093843.2,-0.014305645,-19.168627,0.9885861365227615,1.0,0.0
AL606500.1,-0.014305645,-19.351414,0.9885861365227615,1.0,0.0
AC123768.2,-0.014305645,-19.526232,0.9885861365227615,1.0,0.0
C17orf77,-0.014305645,-19.149601,0.9885861365227615,1.0,0.0
GPRC5C,-0.014305645,-19.095144,0.9885861365227615,1.0,0.0
AC004882.3,-0.014305645,-19.049541,0.9885861365227615,1.0,0.0
FAM186B,-0.014305645,-19.351442,0.9885861365227615,1.0,0.0
AC087301.1,-0.014305645,-18.871992,0.9885861365227615,1.0,0.0
AL353801.3,-0.014305645,-19.255335,0.9885861365227615,1.0,0.0
LINC02241,-0.014305645,-18.936722,0.9885861365227615,1.0,0.0
SEC14L5,-0.014305645,-19.040585,0.9885861365227615,1.0,0.0
AC091946.2,-0.014305645,-18.712372,0.9885861365227615,1.0,0.0
AL355102.1,-0.014305645,-18.880735,0.9885861365227615,1.0,0.0
ZNF32-AS2,-0.014305645,-19.020567,0.9885861365227615,1.0,0.0
AC069431.1,-0.014305645,-19.241398,0.9885861365227615,1.0,0.0
AC007780.1,-0.014305645,-19.23846,0.9885861365227615,1.0,0.0
LINC01948,-0.014305645,-19.05252,0.9885861365227615,1.0,0.0
AC131934.1,-0.014305645,-19.301317,0.9885861365227615,1.0,0.0
AC004542.2,-0.014305645,-19.304161,0.9885861365227615,1.0,0.0
AC005954.2,-0.014305645,-19.232832,0.9885861365227615,1.0,0.0
AL590666.2,-0.014305645,-18.87679,0.9885861365227615,1.0,0.0
AC068473.3,-0.014305645,-19.04015,0.9885861365227615,1.0,0.0
AL158211.4,-0.014305645,-19.249493,0.9885861365227615,1.0,0.0
AL157392.1,-0.014305645,-19.373575,0.9885861365227615,1.0,0.0
CHADL,-0.014305645,-19.379984,0.9885861365227615,1.0,0.0
TSHZ2,-0.014305645,-19.13207,0.9885861365227615,1.0,0.0
NMUR1,-0.014305645,-19.253181,0.9885861365227615,1.0,0.0
OPN1SW,-0.014305645,-19.237019,0.9885861365227615,1.0,0.0
SLC10A5,-0.014305645,-19.372519,0.9885861365227615,1.0,0.0
CPEB2-DT,-0.014305645,-18.97525,0.9885861365227615,1.0,0.0
AC021269.3,-0.014305645,-19.009388,0.9885861365227615,1.0,0.0
AC126763.1,-0.014305645,-19.015614,0.9885861365227615,1.0,0.0
SEPTIN3,-0.014305645,-18.968582,0.9885861365227615,1.0,0.0
INSC,-0.014305645,-19.150324,0.9885861365227615,1.0,0.0
KCNF1,-0.014305645,-19.251745,0.9885861365227615,1.0,0.0
AL021878.2,-0.014305645,-19.325174,0.9885861365227615,1.0,0.0
USP12-AS2,-0.014305645,-18.774776,0.9885861365227615,1.0,0.0
NFAM1,-0.014305645,-19.40442,0.9885861365227615,1.0,0.0
AC037198.2,-0.014305645,-19.01184,0.9885861365227615,1.0,0.0
SAA2,-0.014305645,-19.112448,0.9885861365227615,1.0,0.0
GPR176-DT,-0.014305645,-18.913496,0.9885861365227615,1.0,0.0
RBM15-AS1,-0.014305645,-19.578075,0.9885861365227615,1.0,0.0
SMC2-AS1,-0.014305645,-18.786484,0.9885861365227615,1.0,0.0
AL160153.1,-0.014305645,-19.01746,0.9885861365227615,1.0,0.0
AC116535.1,-0.014305645,-19.086376,0.9885861365227615,1.0,0.0
MTUS2,-0.014305645,-18.920267,0.9885861365227615,1.0,0.0
AC048382.5,-0.014305645,-18.956018,0.9885861365227615,1.0,0.0
LINC02156,-0.014305645,-18.835695,0.9885861365227615,1.0,0.0
AC106858.1,-0.014305645,-18.86224,0.9885861365227615,1.0,0.0
AC007292.3,-0.014305645,-18.981888,0.9885861365227615,1.0,0.0
SMIM36,-0.014305645,-19.334566,0.9885861365227615,1.0,0.0
AC024084.1,-0.014305645,-19.13371,0.9885861365227615,1.0,0.0
AL135818.2,-0.014305645,-18.960161,0.9885861365227615,1.0,0.0
AL031587.1,-0.014305645,-19.226557,0.9885861365227615,1.0,0.0
AL359697.1,-0.014305645,-19.20557,0.9885861365227615,1.0,0.0
GNAS-AS1,-0.014305645,-19.082922,0.9885861365227615,1.0,0.0
AL022322.1,-0.014305645,-18.977999,0.9885861365227615,1.0,0.0
AL021707.4,-0.014305645,-19.269508,0.9885861365227615,1.0,0.0
AC091180.5,-0.014305645,-19.33357,0.9885861365227615,1.0,0.0
AL365272.1,-0.014305645,-19.221523,0.9885861365227615,1.0,0.0
AL021707.1,-0.014305645,-19.185053,0.9885861365227615,1.0,0.0
CYB5R2,-0.014305645,-18.876923,0.9885861365227615,1.0,0.0
TAFA3,-0.014305645,-19.208704,0.9885861365227615,1.0,0.0
AL096869.2,-0.014305645,-19.037537,0.9885861365227615,1.0,0.0
AC026894.1,-0.014305645,-19.011387,0.9885861365227615,1.0,0.0
AC002401.4,-0.014305645,-18.744452,0.9885861365227615,1.0,0.0
AL031590.1,-0.014305645,-19.157887,0.9885861365227615,1.0,0.0
GCNT7,-0.014305645,-18.931274,0.9885861365227615,1.0,0.0
AF127936.2,-0.014305645,-19.080807,0.9885861365227615,1.0,0.0
AC079354.3,-0.014305645,-19.028883,0.9885861365227615,1.0,0.0
AL031055.1,-0.014305645,-19.089334,0.9885861365227615,1.0,0.0
AC090241.3,-0.014305645,-19.029432,0.9885861365227615,1.0,0.0
AC025887.2,-0.014305645,-19.060575,0.9885861365227615,1.0,0.0
LINC00323,-0.014305645,-18.484869,0.9885861365227615,1.0,0.0
AC025062.3,-0.014305645,-18.998701,0.9885861365227615,1.0,0.0
AC011306.1,-0.014305645,-19.446222,0.9885861365227615,1.0,0.0
LINC01138,-0.014305645,-19.39636,0.9885861365227615,1.0,0.0
AP000864.1,-0.014305645,-19.288454,0.9885861365227615,1.0,0.0
AP000525.1,-0.014305645,-19.015774,0.9885861365227615,1.0,0.0
ITPRIPL1,-0.014305645,-19.37738,0.9885861365227615,1.0,0.0
AC055840.1,-0.014305645,-19.041996,0.9885861365227615,1.0,0.0
LINC02681,-0.014305645,-19.419617,0.9885861365227615,1.0,0.0
AC026979.3,-0.014305645,-19.075123,0.9885861365227615,1.0,0.0
AC019185.2,-0.014305645,-18.977602,0.9885861365227615,1.0,0.0
LINC01423,-0.014305645,-19.384127,0.9885861365227615,1.0,0.0
RPL3L,-0.014305645,-18.81962,0.9885861365227615,1.0,0.0
TMEM78,-0.014305645,-19.105095,0.9885861365227615,1.0,0.0
KCNJ15,-0.014305645,-19.180634,0.9885861365227615,1.0,0.0
AC007666.2,-0.014305645,-19.123375,0.9885861365227615,1.0,0.0
OSR1,-0.014305645,-18.858149,0.9885861365227615,1.0,0.0
AL138963.1,-0.014305645,-18.980684,0.9885861365227615,1.0,0.0
AL132656.2,-0.014305645,-18.943378,0.9885861365227615,1.0,0.0
AC104116.1,-0.014305645,-19.004438,0.9885861365227615,1.0,0.0
AC011825.4,-0.014305645,-19.12873,0.9885861365227615,1.0,0.0
AP001469.2,-0.014305645,-19.046543,0.9885861365227615,1.0,0.0
FER1L5,-0.014305645,-19.075232,0.9885861365227615,1.0,0.0
AL157400.4,-0.014305645,-19.032732,0.9885861365227615,1.0,0.0
AP001059.3,-0.014305645,-18.470177,0.9885861365227615,1.0,0.0
AC010754.1,-0.014305645,-19.150463,0.9885861365227615,1.0,0.0
AL021978.1,-0.014305645,-19.514597,0.9885861365227615,1.0,0.0
AP005901.6,-0.014305645,-18.983633,0.9885861365227615,1.0,0.0
AC023983.2,-0.014305645,-19.271894,0.9885861365227615,1.0,0.0
LINC02280,-0.014305645,-19.107544,0.9885861365227615,1.0,0.0
OR6C6,-0.014305645,-18.91202,0.9885861365227615,1.0,0.0
AL355490.1,-0.014305645,-19.264427,0.9885861365227615,1.0,0.0
AL031600.2,-0.014305645,-19.420494,0.9885861365227615,1.0,0.0
SNHG31,-0.014305645,-19.060389,0.9885861365227615,1.0,0.0
CHMP1B-AS1,-0.014305645,-19.138157,0.9885861365227615,1.0,0.0
WAKMAR2,-0.014305645,-18.84592,0.9885861365227615,1.0,0.0
AC010285.3,-0.014305645,-19.37917,0.9885861365227615,1.0,0.0
ADRA1A,-0.014305645,-18.94612,0.9885861365227615,1.0,0.0
AC242988.2,-0.014305645,-19.041649,0.9885861365227615,1.0,0.0
AL031710.2,-0.014305645,-19.372679,0.9885861365227615,1.0,0.0
IFIT2,-0.014305645,-19.734196,0.9885861365227615,1.0,0.0
EGFLAM-AS1,-0.014305645,-19.16278,0.9885861365227615,1.0,0.0
TFF2,-0.014305645,-19.491043,0.9885861365227615,1.0,0.0
SCAT2,-0.014305645,-19.244976,0.9885861365227615,1.0,0.0
MATN1,-0.014305645,-18.819773,0.9885861365227615,1.0,0.0
AC007879.2,-0.014305645,-18.619644,0.9885861365227615,1.0,0.0
AC018445.5,-0.014305645,-18.794138,0.9885861365227615,1.0,0.0
TNNC1,-0.014305645,-19.233538,0.9885861365227615,1.0,0.0
AC022966.1,-0.014305645,-18.881723,0.9885861365227615,1.0,0.0
AC009630.2,-0.014305645,-19.133131,0.9885861365227615,1.0,0.0
SCAT1,-0.014305645,-19.18621,0.9885861365227615,1.0,0.0
SLC30A2,-0.014305645,-19.307913,0.9885861365227615,1.0,0.0
AC025283.2,-0.014305645,-18.932539,0.9885861365227615,1.0,0.0
AC104656.1,-0.014305645,-19.017998,0.9885861365227615,1.0,0.0
LINC01993,-0.014305645,-19.052643,0.9885861365227615,1.0,0.0
RGL4,-0.014305645,-19.390553,0.9885861365227615,1.0,0.0
NME9,-0.014305645,-19.123756,0.9885861365227615,1.0,0.0
COL25A1,-0.014305645,-18.98751,0.9885861365227615,1.0,0.0
AC253536.6,-0.014305645,-18.736555,0.9885861365227615,1.0,0.0
SUSD2,-0.014305645,-18.944494,0.9885861365227615,1.0,0.0
AC010207.1,-0.014305645,-19.024727,0.9885861365227615,1.0,0.0
AC079062.1,-0.014305645,-19.222075,0.9885861365227615,1.0,0.0
AC111152.2,-0.014305645,-19.386745,0.9885861365227615,1.0,0.0
AC006427.2,-0.014305645,-19.394651,0.9885861365227615,1.0,0.0
AC087289.4,-0.014305645,-19.188576,0.9885861365227615,1.0,0.0
AC087289.5,-0.014305645,-19.225677,0.9885861365227615,1.0,0.0
LINC00332,-0.014305645,-19.22649,0.9885861365227615,1.0,0.0
NUP210L,-0.014305645,-19.075565,0.9885861365227615,1.0,0.0
LINC01422,-0.014305645,-19.225214,0.9885861365227615,1.0,0.0
AC100788.1,-0.014305645,-19.353745,0.9885861365227615,1.0,0.0
HKDC1,-0.014305645,-19.118921,0.9885861365227615,1.0,0.0
AC004232.1,-0.014305645,-19.18442,0.9885861365227615,1.0,0.0
AC114956.1,-0.014305645,-19.088669,0.9885861365227615,1.0,0.0
AC106820.2,-0.014305645,-18.943596,0.9885861365227615,1.0,0.0
AL451070.1,-0.014305645,-19.123247,0.9885861365227615,1.0,0.0
AP006545.2,-0.014305645,-19.04646,0.9885861365227615,1.0,0.0
HCRTR1,-0.014305645,-18.855389,0.9885861365227615,1.0,0.0
AC087362.2,-0.014305645,-19.354431,0.9885861365227615,1.0,0.0
AC007687.1,-0.014305645,-18.939152,0.9885861365227615,1.0,0.0
AC087623.1,-0.014305645,-19.61596,0.9885861365227615,1.0,0.0
AF233439.1,-0.014305645,-19.157715,0.9885861365227615,1.0,0.0
CNKSR1,-0.014305645,-19.78231,0.9885861365227615,1.0,0.0
AC073370.1,-0.014305645,-19.093048,0.9885861365227615,1.0,0.0
AC025165.4,-0.014305645,-19.583147,0.9885861365227615,1.0,0.0
AP000550.1,-0.014305645,-18.762846,0.9885861365227615,1.0,0.0
AC027601.4,-0.014305645,-18.98155,0.9885861365227615,1.0,0.0
AL162713.2,-0.014305645,-19.032866,0.9885861365227615,1.0,0.0
AC068193.1,-0.014305645,-18.98032,0.9885861365227615,1.0,0.0
AC127496.6,-0.014305645,-19.23622,0.9885861365227615,1.0,0.0
KBTBD11,-0.014305645,-19.278734,0.9885861365227615,1.0,0.0
SLC18A2,-0.014305645,-19.135796,0.9885861365227615,1.0,0.0
LINC00880,-0.014305645,-19.149923,0.9885861365227615,1.0,0.0
PHACTR2-AS1,-0.014305645,-19.718473,0.9885861365227615,1.0,0.0
AC015983.2,-0.014305645,-18.870434,0.9885861365227615,1.0,0.0
Z99756.1,-0.014305645,-19.293076,0.9885861365227615,1.0,0.0
AL133227.1,-0.014305645,-19.45737,0.9885861365227615,1.0,0.0
AC012485.3,-0.014305645,-19.245972,0.9885861365227615,1.0,0.0
FLRT1,-0.014305645,-19.269114,0.9885861365227615,1.0,0.0
SLC38A5,-0.014305645,-18.962141,0.9885861365227615,1.0,0.0
MYO3B,-0.014305645,-18.936296,0.9885861365227615,1.0,0.0
AL121894.2,-0.014305645,-19.168468,0.9885861365227615,1.0,0.0
ZNF93,-0.014305645,-18.79118,0.9885861365227615,1.0,0.0
CMYA5,-0.014305645,-19.081379,0.9885861365227615,1.0,0.0
AC099568.1,-0.014305645,-19.054493,0.9885861365227615,1.0,0.0
LINC02240,-0.014305645,-19.399729,0.9885861365227615,1.0,0.0
ZNF572,-0.014305645,-18.972029,0.9885861365227615,1.0,0.0
AL355612.1,-0.014305645,-18.939596,0.9885861365227615,1.0,0.0
AC006043.1,-0.014305645,-18.652878,0.9885861365227615,1.0,0.0
GSPT2,-0.014305645,-19.203758,0.9885861365227615,1.0,0.0
EFCAB12,-0.014305645,-19.376783,0.9885861365227615,1.0,0.0
RBP7,-0.014305645,-19.074203,0.9885861365227615,1.0,0.0
ZNF723,-0.014305645,-18.636591,0.9885861365227615,1.0,0.0
XIRP2,-0.014305645,-19.24138,0.9885861365227615,1.0,0.0
AC092329.4,-0.014305645,-19.195719,0.9885861365227615,1.0,0.0
AC009133.3,-0.014305645,-19.189207,0.9885861365227615,1.0,0.0
AL451062.1,-0.014305645,-19.009966,0.9885861365227615,1.0,0.0
AC010300.1,-0.014305645,-19.292881,0.9885861365227615,1.0,0.0
LINC01224,-0.014305645,-19.132698,0.9885861365227615,1.0,0.0
AC092894.1,-0.014305645,-18.909176,0.9885861365227615,1.0,0.0
AC005237.1,-0.014305645,-19.233932,0.9885861365227615,1.0,0.0
AC244636.3,-0.014305645,-19.127268,0.9885861365227615,1.0,0.0
AL110115.2,-0.014305645,-18.997684,0.9885861365227615,1.0,0.0
KHDC1,-0.014305645,-19.107107,0.9885861365227615,1.0,0.0
ARHGAP8,-0.014305645,-19.058504,0.9885861365227615,1.0,0.0
LINC01054,-0.014305645,-18.65763,0.9885861365227615,1.0,0.0
AC008897.2,-0.014305645,-19.382198,0.9885861365227615,1.0,0.0
AC117395.1,-0.014305645,-18.50063,0.9885861365227615,1.0,0.0
RAD21-AS1,-0.014305645,-19.268717,0.9885861365227615,1.0,0.0
PLA2G4E-AS1,-0.014305645,-19.081736,0.9885861365227615,1.0,0.0
TPTE2,-0.014305645,-19.138355,0.9885861365227615,1.0,0.0
ST8SIA1,-0.014305645,-19.283493,0.9885861365227615,1.0,0.0
CCDC181,-0.014305645,-19.066618,0.9885861365227615,1.0,0.0
AC007298.2,-0.014305645,-19.292013,0.9885861365227615,1.0,0.0
AL110115.1,-0.014305645,-19.020834,0.9885861365227615,1.0,0.0
AC104982.2,-0.014305645,-19.25768,0.9885861365227615,1.0,0.0
AL356259.1,-0.014305645,-19.174273,0.9885861365227615,1.0,0.0
AC027243.2,-0.014305645,-19.044497,0.9885861365227615,1.0,0.0
AL049796.1,-0.014305645,-19.242739,0.9885861365227615,1.0,0.0
AC010618.2,-0.014305645,-19.37823,0.9885861365227615,1.0,0.0
C9orf50,-0.014305645,-19.13907,0.9885861365227615,1.0,0.0
AC024267.4,-0.014305645,-19.314064,0.9885861365227615,1.0,0.0
ESRRG,-0.014305645,-19.219261,0.9885861365227615,1.0,0.0
AC097382.2,-0.014305645,-19.237984,0.9885861365227615,1.0,0.0
LINC01237,-0.014305645,-19.407621,0.9885861365227615,1.0,0.0
C6orf47-AS1,-0.014305645,-18.778753,0.9885861365227615,1.0,0.0
LINC02427,-0.014305645,-18.704613,0.9885861365227615,1.0,0.0
CAMTA1-DT,-0.014305645,-19.661194,0.9885861365227615,1.0,0.0
AC019186.1,-0.014305645,-19.097279,0.9885861365227615,1.0,0.0
AL049779.4,-0.014305645,-19.139221,0.9885861365227615,1.0,0.0
SYNE4,-0.014305645,-18.991537,0.9885861365227615,1.0,0.0
SEPTIN14,-0.014305645,-19.28291,0.9885861365227615,1.0,0.0
AC073225.1,-0.014305645,-19.053482,0.9885861365227615,1.0,0.0
CASC18,-0.014305645,-19.133877,0.9885861365227615,1.0,0.0
NOX1,-0.014305645,-19.198605,0.9885861365227615,1.0,0.0
AC067930.1,-0.014305645,-18.953653,0.9885861365227615,1.0,0.0
AL358075.1,-0.014305645,-19.184603,0.9885861365227615,1.0,0.0
PGAM4,-0.014305645,-19.246399,0.9885861365227615,1.0,0.0
TAF7L,-0.014305645,-19.265345,0.9885861365227615,1.0,0.0
AC093520.1,-0.014305645,-19.009045,0.9885861365227615,1.0,0.0
AC067930.2,-0.014305645,-19.158173,0.9885861365227615,1.0,0.0
AC234775.4,-0.014305645,-18.87422,0.9885861365227615,1.0,0.0
AC079174.1,-0.014305645,-19.707071,0.9885861365227615,1.0,0.0
AL451007.2,-0.014305645,-19.169395,0.9885861365227615,1.0,0.0
CXCL5,-0.014305645,-19.073244,0.9885861365227615,1.0,0.0
UPK1B,-0.014305645,-18.369236,0.9885861365227615,1.0,0.0
BHLHB9,-0.014305645,-19.048845,0.9885861365227615,1.0,0.0
REM2,-0.014305645,-18.893383,0.9885861365227615,1.0,0.0
AC013486.1,-0.014305645,-19.31933,0.9885861365227615,1.0,0.0
AL357079.2,-0.014305645,-18.959286,0.9885861365227615,1.0,0.0
AC093484.2,-0.014305645,-18.679441,0.9885861365227615,1.0,0.0
AC019129.2,-0.014305645,-19.201515,0.9885861365227615,1.0,0.0
AIRN,-0.014305645,-18.90441,0.9885861365227615,1.0,0.0
TSGA10IP,-0.014305645,-19.080803,0.9885861365227615,1.0,0.0
AL662889.1,-0.014305645,-19.330568,0.9885861365227615,1.0,0.0
CRB2,-0.014305645,-19.097584,0.9885861365227615,1.0,0.0
AC090987.1,-0.014305645,-19.220621,0.9885861365227615,1.0,0.0
AC007066.3,-0.014305645,-19.126781,0.9885861365227615,1.0,0.0
AC008507.2,-0.014305645,-19.04721,0.9885861365227615,1.0,0.0
AC019197.1,-0.014305645,-19.210531,0.9885861365227615,1.0,0.0
TLCD3B,-0.014305645,-19.241514,0.9885861365227615,1.0,0.0
LINC02701,-0.014305645,-19.446117,0.9885861365227615,1.0,0.0
CCN4,-0.014305645,-19.264215,0.9885861365227615,1.0,0.0
TEKT3,-0.014305645,-19.279337,0.9885861365227615,1.0,0.0
IGF1,-0.014305645,-19.249746,0.9885861365227615,1.0,0.0
AL360091.3,-0.014305645,-19.11523,0.9885861365227615,1.0,0.0
PAPPA-AS1,-0.014305645,-19.139147,0.9885861365227615,1.0,0.0
ITGB6,-0.014305645,-19.238377,0.9885861365227615,1.0,0.0
TPRG1,-0.014305645,-19.394503,0.9885861365227615,1.0,0.0
BEST4,-0.014305645,-19.197748,0.9885861365227615,1.0,0.0
TCTEX1D4,-0.014305645,-19.418585,0.9885861365227615,1.0,0.0
AC093799.1,-0.014305645,-19.102907,0.9885861365227615,1.0,0.0
AC003101.1,-0.014305645,-18.843899,0.9885861365227615,1.0,0.0
KF459542.1,-0.014305645,-19.187815,0.9885861365227615,1.0,0.0
AL031667.3,-0.014305645,-19.13701,0.9885861365227615,1.0,0.0
AC024940.1,-0.014305645,-19.172606,0.9885861365227615,1.0,0.0
AL033527.3,-0.014305645,-18.909616,0.9885861365227615,1.0,0.0
ACSM5,-0.014305645,-19.14546,0.9885861365227615,1.0,0.0
AC016722.1,-0.014305645,-18.903244,0.9885861365227615,1.0,0.0
AL035665.1,-0.014305645,-19.103048,0.9885861365227615,1.0,0.0
AC107029.2,-0.014305645,-18.86067,0.9885861365227615,1.0,0.0
SACS-AS1,-0.014305645,-18.967564,0.9885861365227615,1.0,0.0
AC087276.1,-0.014305645,-18.998505,0.9885861365227615,1.0,0.0
AC073127.1,-0.014305645,-18.995083,0.9885861365227615,1.0,0.0
AC004585.1,-0.014305645,-19.257105,0.9885861365227615,1.0,0.0
AL031775.2,-0.014305645,-18.825134,0.9885861365227615,1.0,0.0
LINC00927,-0.014305645,-19.253641,0.9885861365227615,1.0,0.0
LINC02822,-0.014305645,-18.945724,0.9885861365227615,1.0,0.0
AC027811.1,-0.014305645,-19.386816,0.9885861365227615,1.0,0.0
NEUROD2,-0.014305645,-18.713959,0.9885861365227615,1.0,0.0
AC004834.1,-0.014305645,-19.056406,0.9885861365227615,1.0,0.0
LCN15,-0.014305645,-19.071934,0.9885861365227615,1.0,0.0
AL356441.1,-0.014305645,-19.015028,0.9885861365227615,1.0,0.0
AC024475.1,-0.014305645,-18.945702,0.9885861365227615,1.0,0.0
AL672277.1,-0.014305645,-18.958612,0.9885861365227615,1.0,0.0
AC020658.2,-0.014305645,-19.299963,0.9885861365227615,1.0,0.0
LINC01309,-0.014305645,-19.113533,0.9885861365227615,1.0,0.0
AL356215.1,-0.014305645,-19.043594,0.9885861365227615,1.0,0.0
AL451042.1,-0.014305645,-19.19131,0.9885861365227615,1.0,0.0
SPON2,-0.014305645,-18.960344,0.9885861365227615,1.0,0.0
AL138701.2,-0.014305645,-18.949543,0.9885861365227615,1.0,0.0
AL355310.1,-0.014305645,-19.044405,0.9885861365227615,1.0,0.0
AL356488.2,-0.014305645,-19.13218,0.9885861365227615,1.0,0.0
CFAP97D1,-0.014305645,-19.09499,0.9885861365227615,1.0,0.0
AC011472.4,-0.014305645,-19.217596,0.9885861365227615,1.0,0.0
AL121672.1,-0.014305645,-19.38366,0.9885861365227615,1.0,0.0
AC093732.1,-0.014305645,-19.00953,0.9885861365227615,1.0,0.0
BMP8A,-0.014305645,-19.402075,0.9885861365227615,1.0,0.0
HNF4A,-0.014305645,-18.355965,0.9885861365227615,1.0,0.0
AC091045.1,-0.014305645,-19.480955,0.9885861365227615,1.0,0.0
SLC26A4-AS1,-0.014305645,-19.130096,0.9885861365227615,1.0,0.0
SPARCL1,-0.014305645,-19.362131,0.9885861365227615,1.0,0.0
AL121992.1,-0.014305645,-19.219843,0.9885861365227615,1.0,0.0
SGK2,-0.014305645,-19.160772,0.9885861365227615,1.0,0.0
AMY2B,-0.014305645,-19.046377,0.9885861365227615,1.0,0.0
AC112250.2,-0.014305645,-19.483076,0.9885861365227615,1.0,0.0
AC010422.4,-0.014305645,-18.962275,0.9885861365227615,1.0,0.0
AC006449.5,-0.014305645,-18.97189,0.9885861365227615,1.0,0.0
MOGAT3,-0.014305645,-19.20892,0.9885861365227615,1.0,0.0
RIBC2,-0.014305645,-18.910273,0.9885861365227615,1.0,0.0
AC004257.1,-0.014305645,-19.220186,0.9885861365227615,1.0,0.0
AC026956.2,-0.014305645,-19.249804,0.9885861365227615,1.0,0.0
AL109923.1,-0.014305645,-18.921324,0.9885861365227615,1.0,0.0
BTBD18,-0.014305645,-19.07528,0.9885861365227615,1.0,0.0
CYP4F3,-0.014305645,-19.316797,0.9885861365227615,1.0,0.0
AL691403.2,-0.014305645,-19.117722,0.9885861365227615,1.0,0.0
ANO3,-0.014305645,-19.149038,0.9885861365227615,1.0,0.0
AP003557.2,-0.014305645,-18.781511,0.9885861365227615,1.0,0.0
HSH2D,-0.014305645,-18.964815,0.9885861365227615,1.0,0.0
CNTF,-0.014305645,-19.139477,0.9885861365227615,1.0,0.0
AC024610.2,-0.014305645,-18.938509,0.9885861365227615,1.0,0.0
TLCD4,-0.014305645,-19.102354,0.9885861365227615,1.0,0.0
AL445645.1,-0.014305645,-19.2037,0.9885861365227615,1.0,0.0
AL355001.1,-0.014305645,-19.091116,0.9885861365227615,1.0,0.0
AL133390.1,-0.014305645,-19.339918,0.9885861365227615,1.0,0.0
AC005899.8,-0.014305645,-18.943375,0.9885861365227615,1.0,0.0
MAGEB10,-0.014305645,-19.068851,0.9885861365227615,1.0,0.0
AL031768.2,-0.014305645,-18.965858,0.9885861365227615,1.0,0.0
MS4A2,-0.014305645,-18.784788,0.9885861365227615,1.0,0.0
EHD4-AS1,-0.014305645,-18.897017,0.9885861365227615,1.0,0.0
PLPPR5,-0.014305645,-19.002304,0.9885861365227615,1.0,0.0
CYP4F8,-0.014305645,-19.233616,0.9885861365227615,1.0,0.0
AC244100.2,-0.014305645,-19.078365,0.9885861365227615,1.0,0.0
NOTCH3,-0.014305645,-18.98556,0.9885861365227615,1.0,0.0
AC092119.3,-0.014305645,-19.096409,0.9885861365227615,1.0,0.0
ACE2,-0.014305645,-19.10446,0.9885861365227615,1.0,0.0
LINC02846,-0.014305645,-19.220633,0.9885861365227615,1.0,0.0
AC244093.3,-0.014305645,-18.919413,0.9885861365227615,1.0,0.0
NCALD,-0.014305645,-19.296041,0.9885861365227615,1.0,0.0
ST7-AS2,-0.014305645,-19.510622,0.9885861365227615,1.0,0.0
AC112721.1,-0.014305645,-19.383686,0.9885861365227615,1.0,0.0
AL512652.1,-0.014305645,-18.88344,0.9885861365227615,1.0,0.0
TP53TG5,-0.014305645,-19.273808,0.9885861365227615,1.0,0.0
ODF1,-0.014305645,-19.265821,0.9885861365227615,1.0,0.0
AC009034.1,-0.014305645,-19.140028,0.9885861365227615,1.0,0.0
DPYD-IT1,-0.014305645,-18.807926,0.9885861365227615,1.0,0.0
CLSTN2,-0.014305645,-18.991026,0.9885861365227615,1.0,0.0
CHRNB4,-0.014305645,-19.330141,0.9885861365227615,1.0,0.0
AC020658.5,-0.014305645,-19.437124,0.9885861365227615,1.0,0.0
C1orf158,-0.014305645,-19.38731,0.9885861365227615,1.0,0.0
LRRC23,-0.014339705,-0.08679846,0.9885589625177749,1.0,0.19047619047619047
SFXN4,-0.014441889,0.0056110397,0.9884774405825758,1.0,0.19047619047619047
SLC12A9-AS1,-0.01451001,-0.5879803,0.988423092692559,1.0,0.011904761904761904
AKR1C3,-0.014646255,-0.89575106,0.9883143970739386,1.0,0.011904761904761904
MARK1,-0.01481656,0.0062446017,0.9881785278559128,1.0,0.011904761904761904
AC008443.5,-0.014884682,-0.011074173,0.988124180264478,1.0,0.11904761904761904
HEATR5B,-0.014884682,-0.096378975,0.988124180264478,1.0,0.19047619047619047
ERAP1,-0.014884682,-0.05269393,0.988124180264478,1.0,0.14285714285714285
DDIAS,-0.0150209265,-0.08888867,0.9880154852471821,1.0,0.011904761904761904
TMEM59,-0.0150209265,-0.027809743,0.9880154852471821,1.0,0.6904761904761905
TSPYL1,-0.015191232,-0.021006946,0.9878796167886128,1.0,0.23809523809523808
ZNF570,-0.0153955985,-0.51339674,0.9877165751026712,1.0,0.023809523809523808
ARHGEF40,-0.015531843,-0.11075133,0.9876078809299478,1.0,0.07142857142857142
KLHL12,-0.01577027,-0.20124319,0.987417666682357,1.0,0.08333333333333333
PDE10A,-0.015804332,-0.06680466,0.9873904932765483,1.0,0.11904761904761904
ZNF557,-0.015804332,-0.08632865,0.9873904932765483,1.0,0.05952380952380952
HK2,-0.015906515,0.062034093,0.987308973147015,1.0,0.05952380952380952
PROSER3,-0.015906515,0.12580505,0.987308973147015,1.0,0.03571428571428571
ZFYVE16,-0.016008697,0.12260759,0.9872274531499826,1.0,0.27380952380952384
ACBD3,-0.016042758,-0.008725819,0.9872002798472302,1.0,0.47619047619047616
PTPN18,-0.016042758,-0.19488081,0.9872002798472302,1.0,0.16666666666666666
AC011330.2,-0.016213063,-0.008407168,0.9870644135568246,1.0,0.023809523809523808
TMEM38A,-0.016247125,-0.39035228,0.9870372403436353,1.0,0.011904761904761904
PPP2R3C,-0.016349308,-0.049801882,0.9869557207944185,1.0,0.2857142857142857
ZNF223,-0.016485551,-0.31852484,0.9868470282741253,1.0,0.023809523809523808
TENT5A,-0.016928345,-0.39239147,0.9864937792796411,1.0,0.011904761904761904
AC012615.1,-0.01709865,0.26244438,0.9863579149830327,1.0,0.011904761904761904
ARPC2,-0.01709865,0.045622315,0.9863579149830327,1.0,0.9880952380952381
BEGAIN,-0.017166773,-19.020002,0.9863035693749466,1.0,0.0
AC013400.1,-0.017166773,-19.143118,0.9863035693749466,1.0,0.0
AL135838.1,-0.017166773,-18.891445,0.9863035693749466,1.0,0.0
CLIP1-AS1,-0.017166773,-19.26964,0.9863035693749466,1.0,0.0
AL139339.2,-0.017166773,-19.466396,0.9863035693749466,1.0,0.0
AP000350.5,-0.017166773,-18.920662,0.9863035693749466,1.0,0.0
ADD2,-0.017166773,-19.106424,0.9863035693749466,1.0,0.0
AC096586.2,-0.017166773,-19.608532,0.9863035693749466,1.0,0.0
AL138831.2,-0.017166773,-19.094109,0.9863035693749466,1.0,0.0
AL034351.4,-0.017166773,-19.773153,0.9863035693749466,1.0,0.0
LINC02542,-0.017166773,-19.238052,0.9863035693749466,1.0,0.0
AL117209.1,-0.017166773,-19.624529,0.9863035693749466,1.0,0.0
AC253536.3,-0.017166773,-19.393906,0.9863035693749466,1.0,0.0
ERBB4,-0.017166773,-20.027798,0.9863035693749466,1.0,0.0
AC120114.1,-0.017166773,-19.107538,0.9863035693749466,1.0,0.0
SLX1B,-0.017166773,-19.574211,0.9863035693749466,1.0,0.0
AC034114.2,-0.017166773,-19.114624,0.9863035693749466,1.0,0.0
AL022323.5,-0.017166773,-19.042917,0.9863035693749466,1.0,0.0
AC011632.1,-0.017166773,-19.58557,0.9863035693749466,1.0,0.0
AL022323.1,-0.017166773,-19.400543,0.9863035693749466,1.0,0.0
AC027018.1,-0.017166773,-19.086466,0.9863035693749466,1.0,0.0
HSPA12A,-0.017166773,-19.398716,0.9863035693749466,1.0,0.0
CCDC144NL-AS1,-0.017166773,-19.597235,0.9863035693749466,1.0,0.0
C8orf34,-0.017166773,-19.336924,0.9863035693749466,1.0,0.0
AC093535.1,-0.017166773,-19.310808,0.9863035693749466,1.0,0.0
LINC00867,-0.017166773,-19.195349,0.9863035693749466,1.0,0.0
SCGB1B2P,-0.017166773,-19.207582,0.9863035693749466,1.0,0.0
OSR2,-0.017166773,-19.557379,0.9863035693749466,1.0,0.0
AL160313.1,-0.017166773,-19.295462,0.9863035693749466,1.0,0.0
AC106886.3,-0.017166773,-19.65362,0.9863035693749466,1.0,0.0
AL360012.1,-0.017166773,-19.575153,0.9863035693749466,1.0,0.0
AL590723.1,-0.017166773,-19.62523,0.9863035693749466,1.0,0.0
AC093575.1,-0.017166773,-19.28609,0.9863035693749466,1.0,0.0
AL355385.1,-0.017166773,-19.013252,0.9863035693749466,1.0,0.0
AC087164.1,-0.017166773,-19.157259,0.9863035693749466,1.0,0.0
CDHR1,-0.017166773,-19.037548,0.9863035693749466,1.0,0.0
AC007494.2,-0.017166773,-19.361525,0.9863035693749466,1.0,0.0
NUTM2A,-0.017166773,-19.661236,0.9863035693749466,1.0,0.0
AC090579.1,-0.017166773,-19.36384,0.9863035693749466,1.0,0.0
LINC02405,-0.017166773,-19.135246,0.9863035693749466,1.0,0.0
AL135818.1,-0.017166773,-19.187504,0.9863035693749466,1.0,0.0
AC063965.2,-0.017166773,-19.276587,0.9863035693749466,1.0,0.0
AC008434.1,-0.017166773,-19.37981,0.9863035693749466,1.0,0.0
HAVCR2,-0.017166773,-19.657272,0.9863035693749466,1.0,0.0
COX8C,-0.017166773,-19.50525,0.9863035693749466,1.0,0.0
STRIT1,-0.017166773,-18.995733,0.9863035693749466,1.0,0.0
FAM106A,-0.017166773,-19.466135,0.9863035693749466,1.0,0.0
AL157834.2,-0.017166773,-19.494335,0.9863035693749466,1.0,0.0
PRPH2,-0.017166773,-19.535727,0.9863035693749466,1.0,0.0
STX1B,-0.017166773,-19.420654,0.9863035693749466,1.0,0.0
MIR302CHG,-0.017166773,-19.375149,0.9863035693749466,1.0,0.0
TENT5B,-0.017166773,-19.6799,0.9863035693749466,1.0,0.0
AL008638.5,-0.017166773,-19.307636,0.9863035693749466,1.0,0.0
AL355490.2,-0.017166773,-19.607594,0.9863035693749466,1.0,0.0
CSPG5,-0.017166773,-19.106049,0.9863035693749466,1.0,0.0
AC020908.3,-0.017166773,-19.40059,0.9863035693749466,1.0,0.0
NWD1,-0.017166773,-19.36729,0.9863035693749466,1.0,0.0
LINC00881,-0.017166773,-19.097982,0.9863035693749466,1.0,0.0
AL445253.1,-0.017166773,-19.167645,0.9863035693749466,1.0,0.0
AC108448.3,-0.017166773,-19.387665,0.9863035693749466,1.0,0.0
TCF7L1-IT1,-0.017166773,-19.692911,0.9863035693749466,1.0,0.0
AL355499.1,-0.017166773,-19.595356,0.9863035693749466,1.0,0.0
CHDH,-0.017166773,-19.424383,0.9863035693749466,1.0,0.0
AL451050.2,-0.017166773,-19.122534,0.9863035693749466,1.0,0.0
AL031587.4,-0.017166773,-19.198807,0.9863035693749466,1.0,0.0
AC091564.4,-0.017166773,-19.634607,0.9863035693749466,1.0,0.0
AC041005.1,-0.017166773,-19.469477,0.9863035693749466,1.0,0.0
AC107959.1,-0.017166773,-19.350529,0.9863035693749466,1.0,0.0
LINC02817,-0.017166773,-19.25406,0.9863035693749466,1.0,0.0
AC037459.4,-0.017166773,-19.022976,0.9863035693749466,1.0,0.0
RASSF9,-0.017166773,-19.125244,0.9863035693749466,1.0,0.0
CCL16,-0.017166773,-19.091316,0.9863035693749466,1.0,0.0
OR10A2,-0.017166773,-19.170383,0.9863035693749466,1.0,0.0
AC027804.1,-0.017166773,-19.485924,0.9863035693749466,1.0,0.0
APOBEC3B,-0.017166773,-19.296812,0.9863035693749466,1.0,0.0
AL603832.1,-0.017166773,-19.286337,0.9863035693749466,1.0,0.0
AC080023.1,-0.017166773,-19.268839,0.9863035693749466,1.0,0.0
AC099518.4,-0.017166773,-19.091465,0.9863035693749466,1.0,0.0
DNASE1L3,-0.017166773,-19.381659,0.9863035693749466,1.0,0.0
AC243571.2,-0.017166773,-19.424019,0.9863035693749466,1.0,0.0
AC130352.1,-0.017166773,-19.36252,0.9863035693749466,1.0,0.0
AF131216.5,-0.017166773,-19.314436,0.9863035693749466,1.0,0.0
AC116036.2,-0.017166773,-19.592813,0.9863035693749466,1.0,0.0
AC011611.3,-0.017166773,-19.753119,0.9863035693749466,1.0,0.0
AC126755.2,-0.017166773,-19.752577,0.9863035693749466,1.0,0.0
LINC00958,-0.017166773,-19.485146,0.9863035693749466,1.0,0.0
AC012464.3,-0.017166773,-19.354656,0.9863035693749466,1.0,0.0
AC131254.1,-0.017166773,-19.117796,0.9863035693749466,1.0,0.0
AL583824.1,-0.017166773,-19.66465,0.9863035693749466,1.0,0.0
AL138828.1,-0.017166773,-19.617779,0.9863035693749466,1.0,0.0
AC084082.1,-0.017166773,-19.4034,0.9863035693749466,1.0,0.0
ZRANB2-AS1,-0.017166773,-19.165167,0.9863035693749466,1.0,0.0
AC073046.1,-0.017166773,-19.652065,0.9863035693749466,1.0,0.0
FGFR2,-0.017166773,-19.237919,0.9863035693749466,1.0,0.0
IL21R-AS1,-0.017166773,-19.318903,0.9863035693749466,1.0,0.0
AC124312.2,-0.017166773,-19.64644,0.9863035693749466,1.0,0.0
MYOCOS,-0.017166773,-19.534979,0.9863035693749466,1.0,0.0
ESYT3,-0.017166773,-19.3682,0.9863035693749466,1.0,0.0
NKD2,-0.017166773,-19.057741,0.9863035693749466,1.0,0.0
AC131235.2,-0.017166773,-19.46808,0.9863035693749466,1.0,0.0
AL731571.1,-0.017166773,-19.617523,0.9863035693749466,1.0,0.0
RAD9B,-0.017166773,-19.27126,0.9863035693749466,1.0,0.0
AC107068.2,-0.017166773,-19.434853,0.9863035693749466,1.0,0.0
AL158835.2,-0.017166773,-19.103508,0.9863035693749466,1.0,0.0
AC127459.2,-0.017166773,-19.699387,0.9863035693749466,1.0,0.0
SLC5A4-AS1,-0.017166773,-19.586575,0.9863035693749466,1.0,0.0
RASAL3,-0.017166773,-19.330807,0.9863035693749466,1.0,0.0
AL021154.1,-0.017166773,-19.368979,0.9863035693749466,1.0,0.0
AC007570.1,-0.017166773,-19.345364,0.9863035693749466,1.0,0.0
AC005726.2,-0.017166773,-19.924154,0.9863035693749466,1.0,0.0
E2F2,-0.017166773,-19.131632,0.9863035693749466,1.0,0.0
AC087893.2,-0.017166773,-19.406563,0.9863035693749466,1.0,0.0
AC012313.6,-0.017166773,-19.595823,0.9863035693749466,1.0,0.0
AL445928.2,-0.017166773,-19.425217,0.9863035693749466,1.0,0.0
GOLGA8H,-0.017166773,-19.758526,0.9863035693749466,1.0,0.0
LY86-AS1,-0.017166773,-19.609484,0.9863035693749466,1.0,0.0
AL049747.1,-0.017166773,-19.654398,0.9863035693749466,1.0,0.0
AC007603.1,-0.017166773,-19.74218,0.9863035693749466,1.0,0.0
KCNJ6,-0.017166773,-19.620626,0.9863035693749466,1.0,0.0
C14orf178,-0.017166773,-19.339418,0.9863035693749466,1.0,0.0
ATP4B,-0.017166773,-19.19346,0.9863035693749466,1.0,0.0
RRAGD,-0.017166773,-19.398935,0.9863035693749466,1.0,0.0
AC020900.1,-0.017166773,-19.401943,0.9863035693749466,1.0,0.0
ECM2,-0.017166773,-19.416254,0.9863035693749466,1.0,0.0
ZMYND12,-0.017166773,-19.284172,0.9863035693749466,1.0,0.0
AC138028.2,-0.017166773,-19.457775,0.9863035693749466,1.0,0.0
SHC3,-0.017166773,-19.163733,0.9863035693749466,1.0,0.0
RIMKLA,-0.017166773,-19.19368,0.9863035693749466,1.0,0.0
DOK3,-0.017166773,-19.22062,0.9863035693749466,1.0,0.0
AC135782.3,-0.017166773,-19.496885,0.9863035693749466,1.0,0.0
EHD3,-0.017166773,-19.204536,0.9863035693749466,1.0,0.0
SLFNL1,-0.017166773,-19.339815,0.9863035693749466,1.0,0.0
GNA14,-0.017166773,-19.56484,0.9863035693749466,1.0,0.0
LINC02284,-0.017166773,-19.505285,0.9863035693749466,1.0,0.0
ATP11A-AS1,-0.017166773,-19.319153,0.9863035693749466,1.0,0.0
AL591845.1,-0.017166773,-19.032232,0.9863035693749466,1.0,0.0
OLFM1,-0.017166773,-19.066013,0.9863035693749466,1.0,0.0
AC016907.2,-0.017166773,-18.982431,0.9863035693749466,1.0,0.0
ANKRD20A1,-0.017166773,-19.253233,0.9863035693749466,1.0,0.0
ALK,-0.017166773,-19.466938,0.9863035693749466,1.0,0.0
Z98752.4,-0.017166773,-19.380453,0.9863035693749466,1.0,0.0
SSBP3-AS1,-0.017166773,-19.586601,0.9863035693749466,1.0,0.0
AC008750.4,-0.017166773,-19.465187,0.9863035693749466,1.0,0.0
LINC01554,-0.017166773,-19.483383,0.9863035693749466,1.0,0.0
AL390755.3,-0.017166773,-19.353966,0.9863035693749466,1.0,0.0
AC020978.1,-0.017166773,-19.65535,0.9863035693749466,1.0,0.0
AL592146.2,-0.017166773,-19.207567,0.9863035693749466,1.0,0.0
LCN12,-0.017166773,-19.373775,0.9863035693749466,1.0,0.0
AC096536.2,-0.017166773,-19.647936,0.9863035693749466,1.0,0.0
AC010547.1,-0.017166773,-19.201946,0.9863035693749466,1.0,0.0
AC010487.2,-0.017166773,-19.34212,0.9863035693749466,1.0,0.0
MYLK2,-0.017166773,-19.317327,0.9863035693749466,1.0,0.0
PCAT7,-0.017166773,-19.398945,0.9863035693749466,1.0,0.0
AL359715.3,-0.017166773,-19.551844,0.9863035693749466,1.0,0.0
AC019171.1,-0.017166773,-19.250664,0.9863035693749466,1.0,0.0
AC025284.1,-0.017166773,-19.450516,0.9863035693749466,1.0,0.0
AL136295.6,-0.017166773,-19.531256,0.9863035693749466,1.0,0.0
AC007391.3,-0.017166773,-19.60801,0.9863035693749466,1.0,0.0
EGOT,-0.017166773,-19.651297,0.9863035693749466,1.0,0.0
AC021086.1,-0.017166773,-19.269289,0.9863035693749466,1.0,0.0
BOK-AS1,-0.017166773,-19.493097,0.9863035693749466,1.0,0.0
AC006116.11,-0.017166773,-19.285427,0.9863035693749466,1.0,0.0
GRM7,-0.017166773,-19.150702,0.9863035693749466,1.0,0.0
AC009120.3,-0.017166773,-19.370722,0.9863035693749466,1.0,0.0
MRAP2,-0.017166773,-19.495707,0.9863035693749466,1.0,0.0
AL139041.1,-0.017166773,-19.641981,0.9863035693749466,1.0,0.0
AC008735.4,-0.017166773,-19.131916,0.9863035693749466,1.0,0.0
AC009120.5,-0.017166773,-19.420597,0.9863035693749466,1.0,0.0
LINC01485,-0.017166773,-19.539412,0.9863035693749466,1.0,0.0
LINC01320,-0.017166773,-19.24157,0.9863035693749466,1.0,0.0
CT70,-0.017166773,-19.38483,0.9863035693749466,1.0,0.0
ABCA1,-0.017166773,-19.549343,0.9863035693749466,1.0,0.0
AC009120.4,-0.017166773,-19.593828,0.9863035693749466,1.0,0.0
AL121772.3,-0.017166773,-19.449562,0.9863035693749466,1.0,0.0
TLR10,-0.017166773,-18.940794,0.9863035693749466,1.0,0.0
AC138627.1,-0.017166773,-19.647514,0.9863035693749466,1.0,0.0
CTSV,-0.017166773,-19.521997,0.9863035693749466,1.0,0.0
AL158151.3,-0.017166773,-19.155262,0.9863035693749466,1.0,0.0
GYPB,-0.017166773,-19.231796,0.9863035693749466,1.0,0.0
FRMD6-AS2,-0.017166773,-19.441013,0.9863035693749466,1.0,0.0
AC011495.2,-0.017166773,-19.385798,0.9863035693749466,1.0,0.0
IDI2-AS1,-0.017166773,-19.787529,0.9863035693749466,1.0,0.0
AP001042.1,-0.017166773,-19.698645,0.9863035693749466,1.0,0.0
CD177,-0.017166773,-19.427235,0.9863035693749466,1.0,0.0
C5AR1,-0.017166773,-19.178877,0.9863035693749466,1.0,0.0
AC007193.3,-0.017166773,-19.352852,0.9863035693749466,1.0,0.0
AC027607.1,-0.017166773,-19.546803,0.9863035693749466,1.0,0.0
DNAJC5G,-0.017166773,-19.567408,0.9863035693749466,1.0,0.0
CR381670.2,-0.017166773,-19.24951,0.9863035693749466,1.0,0.0
AC055839.2,-0.017166773,-19.418528,0.9863035693749466,1.0,0.0
LINC01962,-0.017166773,-19.239279,0.9863035693749466,1.0,0.0
FAM245B,-0.017166773,-19.212475,0.9863035693749466,1.0,0.0
AP000962.1,-0.017166773,-19.822592,0.9863035693749466,1.0,0.0
AC067930.4,-0.017166773,-19.547527,0.9863035693749466,1.0,0.0
AGBL5-IT1,-0.017166773,-19.30755,0.9863035693749466,1.0,0.0
IL23R,-0.017166773,-19.429441,0.9863035693749466,1.0,0.0
AC005479.2,-0.017166773,-19.0772,0.9863035693749466,1.0,0.0
LNCOC1,-0.017166773,-19.50991,0.9863035693749466,1.0,0.0
AL731533.3,-0.017166773,-19.67009,0.9863035693749466,1.0,0.0
AL138999.2,-0.017166773,-19.322195,0.9863035693749466,1.0,0.0
AC004784.1,-0.017166773,-18.994999,0.9863035693749466,1.0,0.0
C1QTNF2,-0.017166773,-19.112715,0.9863035693749466,1.0,0.0
AP000253.1,-0.017166773,-19.15535,0.9863035693749466,1.0,0.0
AP000265.1,-0.017166773,-19.370234,0.9863035693749466,1.0,0.0
TUBA4A,-0.017166773,-19.498257,0.9863035693749466,1.0,0.0
MIS18A-AS1,-0.017166773,-19.419708,0.9863035693749466,1.0,0.0
AC010247.1,-0.017166773,-19.525661,0.9863035693749466,1.0,0.0
AP001429.1,-0.017166773,-19.133797,0.9863035693749466,1.0,0.0
AP001432.1,-0.017166773,-19.677479,0.9863035693749466,1.0,0.0
AL512308.1,-0.017166773,-19.795927,0.9863035693749466,1.0,0.0
AC007342.1,-0.017166773,-19.460236,0.9863035693749466,1.0,0.0
WBP2NL,-0.017166773,-19.425611,0.9863035693749466,1.0,0.0
AC093510.2,-0.017166773,-19.420921,0.9863035693749466,1.0,0.0
AL157369.1,-0.017166773,-19.253754,0.9863035693749466,1.0,0.0
AL157813.1,-0.017166773,-19.59695,0.9863035693749466,1.0,0.0
WWC1,-0.017166773,-19.318932,0.9863035693749466,1.0,0.0
ZFP2,-0.017166773,-19.701954,0.9863035693749466,1.0,0.0
FAM221B,-0.017166773,-19.493017,0.9863035693749466,1.0,0.0
AC010261.2,-0.017166773,-19.657522,0.9863035693749466,1.0,0.0
GRM6,-0.017166773,-19.35027,0.9863035693749466,1.0,0.0
AKR1C2,-0.017166773,-19.191538,0.9863035693749466,1.0,0.0
AL160412.1,-0.017166773,-19.565142,0.9863035693749466,1.0,0.0
AL157395.1,-0.017166773,-19.40136,0.9863035693749466,1.0,0.0
SULT2B1,-0.017166773,-19.582106,0.9863035693749466,1.0,0.0
MIR1-1HG-AS1,-0.017166773,-19.352201,0.9863035693749466,1.0,0.0
CCDC114,-0.017166773,-19.531666,0.9863035693749466,1.0,0.0
PRG4,-0.017166773,-19.186659,0.9863035693749466,1.0,0.0
IFT74-AS1,-0.017166773,-19.757936,0.9863035693749466,1.0,0.0
OR1D2,-0.017166773,-19.141668,0.9863035693749466,1.0,0.0
OR3A3,-0.017166773,-19.48469,0.9863035693749466,1.0,0.0
AC012625.1,-0.017166773,-19.344963,0.9863035693749466,1.0,0.0
AC027796.4,-0.017166773,-19.336279,0.9863035693749466,1.0,0.0
ST8SIA6-AS1,-0.017166773,-19.577534,0.9863035693749466,1.0,0.0
SAXO1,-0.017166773,-19.414154,0.9863035693749466,1.0,0.0
ARMC3,-0.017166773,-19.407833,0.9863035693749466,1.0,0.0
Z98200.1,-0.017166773,-19.34812,0.9863035693749466,1.0,0.0
AL512598.1,-0.017166773,-19.411152,0.9863035693749466,1.0,0.0
LINC00836,-0.017166773,-19.557327,0.9863035693749466,1.0,0.0
IGHEP2,-0.017166773,-19.23131,0.9863035693749466,1.0,0.0
AC116317.1,-0.017166773,-19.005825,0.9863035693749466,1.0,0.0
L1TD1,-0.017166773,-19.369081,0.9863035693749466,1.0,0.0
AL391839.3,-0.017166773,-19.520243,0.9863035693749466,1.0,0.0
AC110609.1,-0.017166773,-19.069408,0.9863035693749466,1.0,0.0
AC005523.1,-0.017166773,-19.159706,0.9863035693749466,1.0,0.0
AC007569.1,-0.017166773,-19.217554,0.9863035693749466,1.0,0.0
SOX6,-0.017166773,-19.171942,0.9863035693749466,1.0,0.0
CYP51A1-AS1,-0.017166773,-19.32997,0.9863035693749466,1.0,0.0
AC234031.1,-0.017166773,-19.585814,0.9863035693749466,1.0,0.0
RNF165,-0.017166773,-19.243181,0.9863035693749466,1.0,0.0
BX323043.1,-0.017166773,-19.4173,0.9863035693749466,1.0,0.0
AC008781.2,-0.017166773,-19.509748,0.9863035693749466,1.0,0.0
FAAH2,-0.017166773,-19.272274,0.9863035693749466,1.0,0.0
DPPA4,-0.017166773,-19.477781,0.9863035693749466,1.0,0.0
AC018730.1,-0.017166773,-19.162798,0.9863035693749466,1.0,0.0
POU3F3,-0.017166773,-19.706596,0.9863035693749466,1.0,0.0
ERVW-1,-0.017166773,-19.444725,0.9863035693749466,1.0,0.0
AP001189.5,-0.017166773,-19.808836,0.9863035693749466,1.0,0.0
ST3GAL5-AS1,-0.017166773,-19.418863,0.9863035693749466,1.0,0.0
AL031717.1,-0.017166773,-19.390501,0.9863035693749466,1.0,0.0
LINC00504,-0.017166773,-19.413511,0.9863035693749466,1.0,0.0
AC002456.1,-0.017166773,-19.744862,0.9863035693749466,1.0,0.0
AC091133.1,-0.017166773,-19.226213,0.9863035693749466,1.0,0.0
AC004990.1,-0.017166773,-18.984571,0.9863035693749466,1.0,0.0
AL136988.1,-0.017166773,-19.593363,0.9863035693749466,1.0,0.0
AL031709.1,-0.017166773,-19.402847,0.9863035693749466,1.0,0.0
FLJ45513,-0.017166773,-19.351452,0.9863035693749466,1.0,0.0
AC010198.1,-0.017166773,-19.291485,0.9863035693749466,1.0,0.0
AC137695.3,-0.017166773,-19.283442,0.9863035693749466,1.0,0.0
PCDH19,-0.017166773,-19.210342,0.9863035693749466,1.0,0.0
SMIM15-AS1,-0.017166773,-19.594316,0.9863035693749466,1.0,0.0
PCDHGB1,-0.017166773,-19.496174,0.9863035693749466,1.0,0.0
MIR4527HG,-0.017166773,-19.123606,0.9863035693749466,1.0,0.0
AL355297.3,-0.017166773,-19.262249,0.9863035693749466,1.0,0.0
AC091588.2,-0.017166773,-19.24934,0.9863035693749466,1.0,0.0
AC106820.3,-0.017166773,-19.51401,0.9863035693749466,1.0,0.0
AP001107.1,-0.017166773,-19.272127,0.9863035693749466,1.0,0.0
AC139792.1,-0.017166773,-19.403467,0.9863035693749466,1.0,0.0
AC007750.1,-0.017166773,-19.338793,0.9863035693749466,1.0,0.0
C1orf167,-0.017166773,-19.435673,0.9863035693749466,1.0,0.0
AC025754.1,-0.017166773,-19.310492,0.9863035693749466,1.0,0.0
AC026801.2,-0.017166773,-19.667025,0.9863035693749466,1.0,0.0
ACAP2-IT1,-0.017166773,-19.494743,0.9863035693749466,1.0,0.0
AC092117.1,-0.017166773,-19.727262,0.9863035693749466,1.0,0.0
AC025442.2,-0.017166773,-19.372057,0.9863035693749466,1.0,0.0
LYG1,-0.017166773,-19.398932,0.9863035693749466,1.0,0.0
CFP,-0.017166773,-19.401943,0.9863035693749466,1.0,0.0
AP000879.1,-0.017166773,-19.228342,0.9863035693749466,1.0,0.0
LINC01284,-0.017166773,-19.181063,0.9863035693749466,1.0,0.0
AP002336.2,-0.017166773,-19.333761,0.9863035693749466,1.0,0.0
VSIG8,-0.017166773,-19.120113,0.9863035693749466,1.0,0.0
WAS,-0.017166773,-19.301657,0.9863035693749466,1.0,0.0
UPK3BL2,-0.017166773,-19.276157,0.9863035693749466,1.0,0.0
SHANK2-AS1,-0.017166773,-19.438858,0.9863035693749466,1.0,0.0
AC018521.7,-0.017166773,-19.621819,0.9863035693749466,1.0,0.0
AC005096.1,-0.017166773,-19.113338,0.9863035693749466,1.0,0.0
KCNJ3,-0.017166773,-19.241411,0.9863035693749466,1.0,0.0
FOLR3,-0.017166773,-19.456045,0.9863035693749466,1.0,0.0
AL354956.1,-0.017166773,-19.77277,0.9863035693749466,1.0,0.0
AC016738.1,-0.017166773,-19.550365,0.9863035693749466,1.0,0.0
AP000813.1,-0.017166773,-19.499325,0.9863035693749466,1.0,0.0
MANSC4,-0.017166773,-19.27255,0.9863035693749466,1.0,0.0
AC023509.6,-0.017166773,-19.427923,0.9863035693749466,1.0,0.0
FLG-AS1,-0.017166773,-19.520945,0.9863035693749466,1.0,0.0
AC023302.2,-0.017166773,-19.39978,0.9863035693749466,1.0,0.0
AC068831.6,-0.017166773,-19.176329,0.9863035693749466,1.0,0.0
FSCN2,-0.017166773,-19.366802,0.9863035693749466,1.0,0.0
AC068831.4,-0.017166773,-19.037825,0.9863035693749466,1.0,0.0
AC093675.1,-0.017166773,-19.381945,0.9863035693749466,1.0,0.0
AL354892.2,-0.017166773,-19.996014,0.9863035693749466,1.0,0.0
HIST1H2BO,-0.017166773,-18.979832,0.9863035693749466,1.0,0.0
MAGEA4-AS1,-0.017166773,-19.097155,0.9863035693749466,1.0,0.0
AC005014.2,-0.017166773,-19.369139,0.9863035693749466,1.0,0.0
AL162591.2,-0.017166773,-19.949005,0.9863035693749466,1.0,0.0
AC005532.1,-0.017166773,-19.47604,0.9863035693749466,1.0,0.0
AL162741.1,-0.017166773,-19.346489,0.9863035693749466,1.0,0.0
AC139530.3,-0.017166773,-19.382204,0.9863035693749466,1.0,0.0
HIST1H2AJ,-0.017166773,-19.266047,0.9863035693749466,1.0,0.0
ADAMTSL3,-0.017166773,-19.233967,0.9863035693749466,1.0,0.0
AC244090.3,-0.017166773,-19.164364,0.9863035693749466,1.0,0.0
ALPK3,-0.017166773,-19.360085,0.9863035693749466,1.0,0.0
TTTY10,-0.017166773,-19.267433,0.9863035693749466,1.0,0.0
AC005833.2,-0.017166773,-19.60895,0.9863035693749466,1.0,0.0
AMZ1,-0.017166773,-19.13842,0.9863035693749466,1.0,0.0
AC005906.2,-0.017166773,-19.26222,0.9863035693749466,1.0,0.0
GPER1,-0.017166773,-19.285309,0.9863035693749466,1.0,0.0
AC073957.2,-0.017166773,-19.412735,0.9863035693749466,1.0,0.0
U47924.3,-0.017166773,-19.471369,0.9863035693749466,1.0,0.0
ABCA8,-0.017166773,-19.209118,0.9863035693749466,1.0,0.0
DDX25,-0.017166773,-19.26693,0.9863035693749466,1.0,0.0
LINC00235,-0.017166773,-19.41653,0.9863035693749466,1.0,0.0
AC073352.1,-0.017166773,-19.131983,0.9863035693749466,1.0,0.0
SPDYE9P,-0.017166773,-19.05962,0.9863035693749466,1.0,0.0
TIGIT,-0.017166773,-19.042328,0.9863035693749466,1.0,0.0
LPO,-0.017166773,-19.219187,0.9863035693749466,1.0,0.0
TEX12,-0.017166773,-19.184692,0.9863035693749466,1.0,0.0
AP005900.1,-0.017166773,-19.351032,0.9863035693749466,1.0,0.0
AC026341.1,-0.017166773,-19.269983,0.9863035693749466,1.0,0.0
AL035427.2,-0.017166773,-19.354916,0.9863035693749466,1.0,0.0
AC073210.3,-0.017166773,-19.536419,0.9863035693749466,1.0,0.0
PCDHB15,-0.017166773,-19.54081,0.9863035693749466,1.0,0.0
CASC1,-0.017166773,-19.393465,0.9863035693749466,1.0,0.0
IKZF1,-0.017166773,-19.57036,0.9863035693749466,1.0,0.0
NARF-AS1,-0.017166773,-18.996792,0.9863035693749466,1.0,0.0
KMO,-0.017166773,-19.240307,0.9863035693749466,1.0,0.0
GSG1,-0.017166773,-19.147137,0.9863035693749466,1.0,0.0
HIST1H2BD,-0.017166773,-19.654243,0.9863035693749466,1.0,0.0
TEX19,-0.017166773,-19.088165,0.9863035693749466,1.0,0.0
TRGV5,-0.017166773,-19.513319,0.9863035693749466,1.0,0.0
AOAH,-0.017166773,-19.46579,0.9863035693749466,1.0,0.0
PLS3-AS1,-0.017166773,-19.721434,0.9863035693749466,1.0,0.0
AC012508.1,-0.017166773,-19.36643,0.9863035693749466,1.0,0.0
AC134407.1,-0.017166773,-19.18779,0.9863035693749466,1.0,0.0
AP003501.2,-0.017166773,-20.12264,0.9863035693749466,1.0,0.0
NIM1K,-0.017166773,-19.373636,0.9863035693749466,1.0,0.0
AC145207.6,-0.017166773,-19.331875,0.9863035693749466,1.0,0.0
SNX32,-0.017166773,-19.738565,0.9863035693749466,1.0,0.0
LINC02804,-0.017166773,-19.45905,0.9863035693749466,1.0,0.0
LINC02710,-0.017166773,-19.097128,0.9863035693749466,1.0,0.0
AC025178.1,-0.017166773,-19.477966,0.9863035693749466,1.0,0.0
GHET1,-0.017166773,-19.288277,0.9863035693749466,1.0,0.0
AC073140.2,-0.017166773,-19.290257,0.9863035693749466,1.0,0.0
ITPKB-IT1,-0.017166773,-19.27976,0.9863035693749466,1.0,0.0
AL022328.3,-0.017166773,-19.192326,0.9863035693749466,1.0,0.0
AC006004.1,-0.017166773,-19.59409,0.9863035693749466,1.0,0.0
OLFML2B,-0.017166773,-19.373808,0.9863035693749466,1.0,0.0
AC100793.3,-0.017166773,-19.25385,0.9863035693749466,1.0,0.0
MIOX,-0.017166773,-19.432978,0.9863035693749466,1.0,0.0
AC004233.2,-0.017166773,-19.397509,0.9863035693749466,1.0,0.0
AC090971.2,-0.017166773,-19.451008,0.9863035693749466,1.0,0.0
TMEM213,-0.017166773,-19.35711,0.9863035693749466,1.0,0.0
LINC00106,-0.017166773,-19.386757,0.9863035693749466,1.0,0.0
AP003721.1,-0.017166773,-19.7115,0.9863035693749466,1.0,0.0
AP001363.2,-0.017166773,-19.474714,0.9863035693749466,1.0,0.0
AC246785.3,-0.017166773,-19.218523,0.9863035693749466,1.0,0.0
LINC02381,-0.017166773,-19.154917,0.9863035693749466,1.0,0.0
ONECUT3,-0.017166773,-19.16541,0.9863035693749466,1.0,0.0
Z97192.1,-0.017166773,-19.702087,0.9863035693749466,1.0,0.0
AC010491.2,-0.017166773,-19.36332,0.9863035693749466,1.0,0.0
TMCO1-AS1,-0.017166773,-18.87021,0.9863035693749466,1.0,0.0
AC021242.3,-0.017166773,-19.134018,0.9863035693749466,1.0,0.0
NAV2-AS2,-0.017166773,-19.21044,0.9863035693749466,1.0,0.0
PLXDC1,-0.017166773,-19.248077,0.9863035693749466,1.0,0.0
AC097478.3,-0.017166773,-19.375782,0.9863035693749466,1.0,0.0
CELF5,-0.017166773,-19.1719,0.9863035693749466,1.0,0.0
AC080112.1,-0.017166773,-19.519485,0.9863035693749466,1.0,0.0
AC125257.2,-0.017166773,-19.638905,0.9863035693749466,1.0,0.0
BX324167.1,-0.017166773,-19.225588,0.9863035693749466,1.0,0.0
AC099552.5,-0.017166773,-19.141417,0.9863035693749466,1.0,0.0
AL358072.1,-0.017166773,-19.168104,0.9863035693749466,1.0,0.0
AMH,-0.017166773,-19.316027,0.9863035693749466,1.0,0.0
AC018362.2,-0.017166773,-19.331547,0.9863035693749466,1.0,0.0
AL021392.1,-0.017166773,-19.556517,0.9863035693749466,1.0,0.0
AC034102.6,-0.017166773,-19.124176,0.9863035693749466,1.0,0.0
CDKL4,-0.017166773,-19.370214,0.9863035693749466,1.0,0.0
MAP7D2,-0.017166773,-19.875725,0.9863035693749466,1.0,0.0
CCDC173,-0.017166773,-19.207272,0.9863035693749466,1.0,0.0
SERPINB2,-0.017166773,-19.52355,0.9863035693749466,1.0,0.0
AC005592.1,-0.017166773,-19.140291,0.9863035693749466,1.0,0.0
AL450344.1,-0.017166773,-19.376245,0.9863035693749466,1.0,0.0
IYD,-0.017166773,-19.540419,0.9863035693749466,1.0,0.0
AC084782.1,-0.017166773,-19.404428,0.9863035693749466,1.0,0.0
MAP3K15,-0.017166773,-19.521687,0.9863035693749466,1.0,0.0
CNKSR2,-0.017166773,-19.242582,0.9863035693749466,1.0,0.0
AC073487.1,-0.017166773,-19.434221,0.9863035693749466,1.0,0.0
MEF2C,-0.017268956,0.065128535,0.9862220510820593,1.0,0.27380952380952384
AC093297.2,-0.01737114,0.12939264,0.9861405329330187,1.0,0.023809523809523808
AC092115.3,-0.0174052,-0.8288396,0.986113360248785,1.0,0.011904761904761904
CRISPLD2,-0.017439261,0.03839598,0.9860861875806602,1.0,0.047619047619047616
AC016957.2,-0.017507384,-0.14555442,0.9860318422928639,1.0,0.023809523809523808
CYP4V2,-0.017643629,0.053537663,0.9859231519119662,1.0,0.023809523809523808
RNF213-AS1,-0.01771175,0.455949,0.9858688068193693,1.0,0.023809523809523808
CCSAP,-0.017745811,0.27668148,0.985841634297644,1.0,0.07142857142857142
MRPS16,-0.017745811,-0.020852601,0.985841634297644,1.0,0.6071428571428571
CSRP2,-0.017779872,-0.03636385,0.9858144617923429,1.0,0.011904761904761904
NINL,-0.017916117,0.024566075,0.9857057719360107,1.0,0.03571428571428571
SCAPER,-0.01798424,0.03213347,0.9856514271072091,1.0,0.10714285714285714
AC026356.1,-0.018188605,-0.21763809,0.9854883930212875,1.0,0.023809523809523808
BLZF1,-0.018222665,-0.05397707,0.9854612207323686,1.0,0.13095238095238096
NDUFS7,-0.018495154,0.003508159,0.9852438430308184,1.0,0.7380952380952381
AC008764.8,-0.018733582,-0.26818356,0.9850536384400784,1.0,0.011904761904761904
GTPBP1,-0.018733582,-0.06213736,0.9850536384400784,1.0,0.09523809523809523
PIF1,-0.018801704,-0.19784494,0.9849992944268655,1.0,0.047619047619047616
PLPPR2,-0.018801704,-0.1483948,0.9849992944268655,1.0,0.14285714285714285
TMEM8A,-0.018869827,-0.06681411,0.9849449504832571,1.0,0.25
LINC01772,-0.018903887,0.56783724,0.9849177785376334,1.0,0.011904761904761904
GAS2L3,-0.01893795,0.06159956,0.9848906066095052,1.0,0.07142857142857142
CA2,-0.01897201,0.5259035,0.9848634346989042,1.0,0.03571428571428571
HMGB1,-0.019074192,-0.034203798,0.9847819190725793,1.0,0.9880952380952381
TBL2,-0.019074192,0.030672196,0.9847819190725793,1.0,0.10714285714285714
AP004609.3,-0.019142315,-0.29815376,0.9847275754099095,1.0,0.023809523809523808
PYCR3,-0.019210437,-0.46434242,0.9846732318181047,1.0,0.05952380952380952
ARNT,-0.019585108,0.11123636,0.9843743433411535,1.0,0.13095238095238096
C10orf25,-0.019585108,0.33170104,0.9843743433411535,1.0,0.011904761904761904
LINC00165,-0.019619169,-0.53346086,0.9843471717695557,1.0,0.011904761904761904
AC079414.3,-0.01965323,0.28582993,0.9843200002161153,1.0,0.011904761904761904
FAM227B,-0.019687291,-0.07605889,0.9842928286808638,1.0,0.023809523809523808
ATP6V0E2,-0.019823536,0.12916882,0.9841841427223769,1.0,0.19047619047619047
MKNK2,-0.019823536,-0.07403225,0.9841841427223769,1.0,0.2976190476190476
PPP1R37,-0.01995978,-0.23775247,0.9840754570574333,1.0,0.05952380952380952
AC010201.2,-0.020027902,-19.407492,0.9840211143356704,1.0,0.0
AC023283.1,-0.020027902,-19.411613,0.9840211143356704,1.0,0.0
CLNK,-0.020027902,-19.855867,0.9840211143356704,1.0,0.0
AC135279.4,-0.020027902,-19.51253,0.9840211143356704,1.0,0.0
AL133355.1,-0.020027902,-19.502052,0.9840211143356704,1.0,0.0
AC026785.2,-0.020027902,-19.474232,0.9840211143356704,1.0,0.0
AC022201.2,-0.020027902,-19.38232,0.9840211143356704,1.0,0.0
LINC00664,-0.020027902,-19.485071,0.9840211143356704,1.0,0.0
AP000866.5,-0.020027902,-19.60491,0.9840211143356704,1.0,0.0
AC009802.1,-0.020027902,-20.091099,0.9840211143356704,1.0,0.0
AC087521.4,-0.020027902,-19.666918,0.9840211143356704,1.0,0.0
AP001977.1,-0.020027902,-19.567251,0.9840211143356704,1.0,0.0
TRPM8,-0.020027902,-19.652355,0.9840211143356704,1.0,0.0
USP2,-0.020027902,-19.688694,0.9840211143356704,1.0,0.0
SLC17A7,-0.020027902,-19.671062,0.9840211143356704,1.0,0.0
MCTP1,-0.020027902,-19.559378,0.9840211143356704,1.0,0.0
AC129507.1,-0.020027902,-19.62945,0.9840211143356704,1.0,0.0
AL603840.1,-0.020027902,-19.59612,0.9840211143356704,1.0,0.0
TNFAIP8L2,-0.020027902,-19.637678,0.9840211143356704,1.0,0.0
AL590440.2,-0.020027902,-19.504297,0.9840211143356704,1.0,0.0
CLIC3,-0.020027902,-19.567865,0.9840211143356704,1.0,0.0
AC037487.1,-0.020027902,-19.647688,0.9840211143356704,1.0,0.0
AC062037.3,-0.020027902,-19.367346,0.9840211143356704,1.0,0.0
KCNC3,-0.020027902,-19.661055,0.9840211143356704,1.0,0.0
MROH7,-0.020027902,-19.552568,0.9840211143356704,1.0,0.0
AC234582.2,-0.020027902,-19.634144,0.9840211143356704,1.0,0.0
AL009031.1,-0.020027902,-19.537453,0.9840211143356704,1.0,0.0
SYT3,-0.020027902,-19.52721,0.9840211143356704,1.0,0.0
AL450163.1,-0.020027902,-19.625359,0.9840211143356704,1.0,0.0
TAS2R46,-0.020027902,-19.561626,0.9840211143356704,1.0,0.0
AL365226.1,-0.020027902,-19.71292,0.9840211143356704,1.0,0.0
ADCY2,-0.020027902,-19.728783,0.9840211143356704,1.0,0.0
RAB37,-0.020027902,-19.69041,0.9840211143356704,1.0,0.0
LINC00482,-0.020027902,-19.794909,0.9840211143356704,1.0,0.0
KCNJ5,-0.020027902,-20.001932,0.9840211143356704,1.0,0.0
AC061992.2,-0.020027902,-19.868834,0.9840211143356704,1.0,0.0
AC006116.8,-0.020027902,-19.74426,0.9840211143356704,1.0,0.0
AL513548.3,-0.020027902,-19.574747,0.9840211143356704,1.0,0.0
AC018653.4,-0.020027902,-19.622574,0.9840211143356704,1.0,0.0
GPR179,-0.020027902,-19.818285,0.9840211143356704,1.0,0.0
AC005912.2,-0.020027902,-19.637644,0.9840211143356704,1.0,0.0
LINC01513,-0.020027902,-19.581532,0.9840211143356704,1.0,0.0
AC007881.4,-0.020027902,-19.990257,0.9840211143356704,1.0,0.0
FITM1,-0.020027902,-19.574785,0.9840211143356704,1.0,0.0
AC006115.2,-0.020027902,-19.749159,0.9840211143356704,1.0,0.0
DNAH17,-0.020027902,-19.513094,0.9840211143356704,1.0,0.0
AC245014.1,-0.020027902,-19.388386,0.9840211143356704,1.0,0.0
AC046158.1,-0.020027902,-19.66392,0.9840211143356704,1.0,0.0
MAB21L2,-0.020027902,-19.815477,0.9840211143356704,1.0,0.0
ARRDC5,-0.020027902,-19.5681,0.9840211143356704,1.0,0.0
NR6A1,-0.020027902,-19.488537,0.9840211143356704,1.0,0.0
ADGRD2,-0.020027902,-19.373526,0.9840211143356704,1.0,0.0
AL135960.1,-0.020027902,-19.683167,0.9840211143356704,1.0,0.0
AC025257.1,-0.020027902,-19.5258,0.9840211143356704,1.0,0.0
CABP1,-0.020027902,-19.653488,0.9840211143356704,1.0,0.0
AC016745.2,-0.020027902,-19.602667,0.9840211143356704,1.0,0.0
SLCO4C1,-0.020027902,-19.251123,0.9840211143356704,1.0,0.0
LINC01266,-0.020027902,-19.403475,0.9840211143356704,1.0,0.0
LINC01481,-0.020027902,-19.591148,0.9840211143356704,1.0,0.0
AL390242.1,-0.020027902,-19.67474,0.9840211143356704,1.0,0.0
OVGP1,-0.020027902,-19.509592,0.9840211143356704,1.0,0.0
AC107884.1,-0.020027902,-19.652138,0.9840211143356704,1.0,0.0
GFI1B,-0.020027902,-19.490194,0.9840211143356704,1.0,0.0
LINC01209,-0.020027902,-19.799086,0.9840211143356704,1.0,0.0
AL109613.1,-0.020027902,-19.977911,0.9840211143356704,1.0,0.0
OASL,-0.020027902,-20.072847,0.9840211143356704,1.0,0.0
AC069224.1,-0.020027902,-19.423412,0.9840211143356704,1.0,0.0
OR2J2,-0.020027902,-19.527203,0.9840211143356704,1.0,0.0
AL606760.3,-0.020027902,-19.370571,0.9840211143356704,1.0,0.0
AC093802.1,-0.020027902,-19.26909,0.9840211143356704,1.0,0.0
NINJ2,-0.020027902,-19.467457,0.9840211143356704,1.0,0.0
AC009108.3,-0.020027902,-19.321684,0.9840211143356704,1.0,0.0
TMEM253,-0.020027902,-19.862293,0.9840211143356704,1.0,0.0
RNF212B,-0.020027902,-19.615688,0.9840211143356704,1.0,0.0
AC243829.4,-0.020027902,-19.6115,0.9840211143356704,1.0,0.0
ANKUB1,-0.020027902,-19.617826,0.9840211143356704,1.0,0.0
AC133540.1,-0.020027902,-19.885946,0.9840211143356704,1.0,0.0
GP6,-0.020027902,-19.627665,0.9840211143356704,1.0,0.0
SETSIP,-0.020027902,-19.572948,0.9840211143356704,1.0,0.0
RNF157,-0.020027902,-19.677938,0.9840211143356704,1.0,0.0
ATP1A4,-0.020027902,-19.711977,0.9840211143356704,1.0,0.0
AC026367.3,-0.020027902,-19.485357,0.9840211143356704,1.0,0.0
LINC02371,-0.020027902,-19.852934,0.9840211143356704,1.0,0.0
AC090844.3,-0.020027902,-19.67353,0.9840211143356704,1.0,0.0
SELENOP,-0.020027902,-19.577816,0.9840211143356704,1.0,0.0
AC068989.1,-0.020027902,-19.149487,0.9840211143356704,1.0,0.0
SERPINF1,-0.020027902,-19.497076,0.9840211143356704,1.0,0.0
CD79A,-0.020027902,-19.7575,0.9840211143356704,1.0,0.0
AL596247.1,-0.020027902,-19.45409,0.9840211143356704,1.0,0.0
AL445985.2,-0.020027902,-19.816154,0.9840211143356704,1.0,0.0
AL513166.1,-0.020027902,-19.681726,0.9840211143356704,1.0,0.0
AC079601.1,-0.020027902,-19.462877,0.9840211143356704,1.0,0.0
MMP21,-0.020027902,-19.55981,0.9840211143356704,1.0,0.0
AC073389.3,-0.020027902,-19.819712,0.9840211143356704,1.0,0.0
LINC02798,-0.020027902,-19.591383,0.9840211143356704,1.0,0.0
AC008747.1,-0.020027902,-19.532885,0.9840211143356704,1.0,0.0
AC005776.2,-0.020027902,-19.526909,0.9840211143356704,1.0,0.0
LINC00426,-0.020027902,-19.856518,0.9840211143356704,1.0,0.0
PPIAL4G,-0.020027902,-19.62681,0.9840211143356704,1.0,0.0
ZEB2-AS1,-0.020027902,-19.310371,0.9840211143356704,1.0,0.0
LINC01949,-0.020027902,-19.63387,0.9840211143356704,1.0,0.0
TACR2,-0.020027902,-19.795662,0.9840211143356704,1.0,0.0
TMEM145,-0.020027902,-19.66138,0.9840211143356704,1.0,0.0
STOX1,-0.020027902,-19.53994,0.9840211143356704,1.0,0.0
AC022960.1,-0.020027902,-19.664854,0.9840211143356704,1.0,0.0
SHC2,-0.020027902,-19.561146,0.9840211143356704,1.0,0.0
AC079684.1,-0.020027902,-19.480282,0.9840211143356704,1.0,0.0
AC110015.1,-0.020027902,-19.603489,0.9840211143356704,1.0,0.0
AC107081.4,-0.020027902,-19.559855,0.9840211143356704,1.0,0.0
AC008556.1,-0.020027902,-19.45216,0.9840211143356704,1.0,0.0
AC126614.1,-0.020027902,-19.663582,0.9840211143356704,1.0,0.0
AC108066.2,-0.020027902,-19.233564,0.9840211143356704,1.0,0.0
YPEL4,-0.020027902,-19.377562,0.9840211143356704,1.0,0.0
AC068790.3,-0.020027902,-19.44393,0.9840211143356704,1.0,0.0
CC2D2B,-0.020027902,-19.16,0.9840211143356704,1.0,0.0
FGD2,-0.020027902,-19.309431,0.9840211143356704,1.0,0.0
ZDHHC11,-0.020027902,-19.497555,0.9840211143356704,1.0,0.0
AL645933.3,-0.020027902,-19.252222,0.9840211143356704,1.0,0.0
AL731566.3,-0.020027902,-20.035685,0.9840211143356704,1.0,0.0
AL512274.1,-0.020027902,-19.928102,0.9840211143356704,1.0,0.0
LINC00683,-0.020027902,-19.603397,0.9840211143356704,1.0,0.0
AC100778.2,-0.020027902,-19.335155,0.9840211143356704,1.0,0.0
AC012254.3,-0.020027902,-19.762459,0.9840211143356704,1.0,0.0
AC098820.1,-0.020027902,-19.642714,0.9840211143356704,1.0,0.0
RASGRF2-AS1,-0.020027902,-19.676003,0.9840211143356704,1.0,0.0
AP002761.4,-0.020027902,-19.786491,0.9840211143356704,1.0,0.0
LINC00943,-0.020027902,-19.498755,0.9840211143356704,1.0,0.0
RFX8,-0.020027902,-19.936644,0.9840211143356704,1.0,0.0
AC008764.3,-0.020027902,-19.706472,0.9840211143356704,1.0,0.0
AC018521.2,-0.020027902,-19.796116,0.9840211143356704,1.0,0.0
AL136304.1,-0.020027902,-19.499624,0.9840211143356704,1.0,0.0
AC022140.1,-0.020027902,-19.460135,0.9840211143356704,1.0,0.0
ZNF540,-0.020027902,-19.563427,0.9840211143356704,1.0,0.0
SLC7A14-AS1,-0.020027902,-19.477734,0.9840211143356704,1.0,0.0
AC125611.4,-0.020027902,-19.43929,0.9840211143356704,1.0,0.0
TERC,-0.020027902,-19.91109,0.9840211143356704,1.0,0.0
AC026333.4,-0.020027902,-19.405249,0.9840211143356704,1.0,0.0
AL136985.3,-0.020027902,-19.513258,0.9840211143356704,1.0,0.0
RERGL,-0.020027902,-19.65813,0.9840211143356704,1.0,0.0
FGFBP1,-0.020027902,-19.861216,0.9840211143356704,1.0,0.0
SERPINE3,-0.020027902,-19.666637,0.9840211143356704,1.0,0.0
SPNS3,-0.020027902,-19.593765,0.9840211143356704,1.0,0.0
ZNF385C,-0.020027902,-19.6322,0.9840211143356704,1.0,0.0
LINC01907,-0.020027902,-19.472008,0.9840211143356704,1.0,0.0
CAGE1,-0.020027902,-19.45874,0.9840211143356704,1.0,0.0
AC073367.1,-0.020027902,-19.476234,0.9840211143356704,1.0,0.0
AC003101.2,-0.020027902,-19.471706,0.9840211143356704,1.0,0.0
AC073655.2,-0.020027902,-19.558792,0.9840211143356704,1.0,0.0
AC092794.2,-0.020027902,-19.585907,0.9840211143356704,1.0,0.0
MOG,-0.020027902,-19.865728,0.9840211143356704,1.0,0.0
ZNF365,-0.020027902,-19.563768,0.9840211143356704,1.0,0.0
CYP2J2,-0.020027902,-19.266556,0.9840211143356704,1.0,0.0
AL392086.3,-0.020027902,-19.351034,0.9840211143356704,1.0,0.0
AC080038.2,-0.020027902,-19.697983,0.9840211143356704,1.0,0.0
AC080038.1,-0.020027902,-19.628595,0.9840211143356704,1.0,0.0
SAG,-0.020027902,-19.492252,0.9840211143356704,1.0,0.0
OXCT1-AS1,-0.020027902,-19.467724,0.9840211143356704,1.0,0.0
AL513303.1,-0.020027902,-19.404049,0.9840211143356704,1.0,0.0
AL139280.1,-0.020027902,-19.633072,0.9840211143356704,1.0,0.0
AL590133.2,-0.020027902,-19.728834,0.9840211143356704,1.0,0.0
AC007528.1,-0.020027902,-19.321089,0.9840211143356704,1.0,0.0
AC106799.3,-0.020027902,-19.525969,0.9840211143356704,1.0,0.0
TEX14,-0.020027902,-19.395079,0.9840211143356704,1.0,0.0
ANKRD62,-0.020027902,-19.464697,0.9840211143356704,1.0,0.0
ARL11,-0.020027902,-19.535212,0.9840211143356704,1.0,0.0
MAB21L1,-0.020027902,-19.698973,0.9840211143356704,1.0,0.0
CCDC81,-0.020027902,-19.570389,0.9840211143356704,1.0,0.0
AL390236.1,-0.020027902,-19.687359,0.9840211143356704,1.0,0.0
ALDH5A1,-0.020027902,-19.739912,0.9840211143356704,1.0,0.0
AC018690.1,-0.020027902,-19.777617,0.9840211143356704,1.0,0.0
SULT1C2,-0.020027902,-19.482481,0.9840211143356704,1.0,0.0
LINC01686,-0.020027902,-19.492472,0.9840211143356704,1.0,0.0
AC022098.4,-0.020027902,-19.43498,0.9840211143356704,1.0,0.0
NKX6-2,-0.020027902,-19.541592,0.9840211143356704,1.0,0.0
ZNF239,-0.020027902,-19.626482,0.9840211143356704,1.0,0.0
TMEM92,-0.020027902,-19.426752,0.9840211143356704,1.0,0.0
SELPLG,-0.020027902,-19.42711,0.9840211143356704,1.0,0.0
AC022395.1,-0.020027902,-19.680212,0.9840211143356704,1.0,0.0
AC008622.2,-0.020027902,-19.608253,0.9840211143356704,1.0,0.0
AC022364.1,-0.020027902,-19.53059,0.9840211143356704,1.0,0.0
DAND5,-0.020027902,-19.64309,0.9840211143356704,1.0,0.0
LINC02732,-0.020027902,-19.58884,0.9840211143356704,1.0,0.0
AC079851.1,-0.020027902,-19.841742,0.9840211143356704,1.0,0.0
AC007849.1,-0.020027902,-19.435284,0.9840211143356704,1.0,0.0
AC106037.2,-0.020027902,-19.343418,0.9840211143356704,1.0,0.0
COL4A4,-0.020027902,-19.392126,0.9840211143356704,1.0,0.0
KIF6,-0.020027902,-19.905176,0.9840211143356704,1.0,0.0
AC023946.1,-0.020027902,-19.577751,0.9840211143356704,1.0,0.0
AL008723.2,-0.020027902,-19.891973,0.9840211143356704,1.0,0.0
AC080129.2,-0.020027902,-19.545494,0.9840211143356704,1.0,0.0
AC012313.1,-0.020027902,-19.491697,0.9840211143356704,1.0,0.0
AC092338.2,-0.020027902,-19.623392,0.9840211143356704,1.0,0.0
AC120036.5,-0.020027902,-19.616608,0.9840211143356704,1.0,0.0
PIK3IP1-AS1,-0.020027902,-19.582525,0.9840211143356704,1.0,0.0
AL360093.1,-0.020027902,-19.720778,0.9840211143356704,1.0,0.0
LYPLAL1-DT,-0.020027902,-19.511757,0.9840211143356704,1.0,0.0
LINC00638,-0.020027902,-19.247942,0.9840211143356704,1.0,0.0
C15orf54,-0.020027902,-19.633356,0.9840211143356704,1.0,0.0
AL929236.1,-0.020027902,-19.822887,0.9840211143356704,1.0,0.0
LACTB2-AS1,-0.020027902,-19.711489,0.9840211143356704,1.0,0.0
SBSPON,-0.020027902,-19.535582,0.9840211143356704,1.0,0.0
STAU2-AS1,-0.020027902,-19.279543,0.9840211143356704,1.0,0.0
AL022323.2,-0.020027902,-19.876545,0.9840211143356704,1.0,0.0
AP000356.2,-0.020027902,-19.402893,0.9840211143356704,1.0,0.0
HTRA4,-0.020027902,-19.494452,0.9840211143356704,1.0,0.0
AC026150.1,-0.020027902,-19.505476,0.9840211143356704,1.0,0.0
Z68323.1,-0.020027902,-19.754322,0.9840211143356704,1.0,0.0
AC084024.3,-0.020027902,-19.332705,0.9840211143356704,1.0,0.0
CNGA1,-0.020027902,-19.485773,0.9840211143356704,1.0,0.0
AC016252.1,-0.020027902,-19.835632,0.9840211143356704,1.0,0.0
Z82244.2,-0.020027902,-20.232979,0.9840211143356704,1.0,0.0
CLDN18,-0.020027902,-19.233953,0.9840211143356704,1.0,0.0
AC091057.3,-0.020027902,-20.01653,0.9840211143356704,1.0,0.0
AL445423.1,-0.020027902,-19.640938,0.9840211143356704,1.0,0.0
ANKS4B,-0.020027902,-19.780413,0.9840211143356704,1.0,0.0
CELA3A,-0.020027902,-19.1523,0.9840211143356704,1.0,0.0
LINC00887,-0.020027902,-19.669811,0.9840211143356704,1.0,0.0
AL031728.1,-0.020027902,-19.586273,0.9840211143356704,1.0,0.0
AC019131.2,-0.020027902,-19.184893,0.9840211143356704,1.0,0.0
AC011726.2,-0.020027902,-19.356245,0.9840211143356704,1.0,0.0
CHRM5,-0.020027902,-19.472101,0.9840211143356704,1.0,0.0
AC091982.3,-0.020027902,-19.445183,0.9840211143356704,1.0,0.0
AC106038.1,-0.020027902,-19.147182,0.9840211143356704,1.0,0.0
AC108860.2,-0.020027902,-19.512125,0.9840211143356704,1.0,0.0
AL136040.2,-0.020027902,-19.612154,0.9840211143356704,1.0,0.0
P3H2-AS1,-0.020027902,-19.748753,0.9840211143356704,1.0,0.0
HEATR4,-0.020027902,-19.767586,0.9840211143356704,1.0,0.0
AJ009632.2,-0.020027902,-19.576958,0.9840211143356704,1.0,0.0
AC109992.2,-0.020027902,-19.596483,0.9840211143356704,1.0,0.0
AC013472.3,-0.020027902,-19.239656,0.9840211143356704,1.0,0.0
LYNX1,-0.020027902,-19.353552,0.9840211143356704,1.0,0.0
AC026461.3,-0.020027902,-19.76782,0.9840211143356704,1.0,0.0
ERICD,-0.020027902,-19.332493,0.9840211143356704,1.0,0.0
FABP3,-0.020027902,-19.396893,0.9840211143356704,1.0,0.0
BATF,-0.020027902,-19.685263,0.9840211143356704,1.0,0.0
AC007182.1,-0.020027902,-19.483786,0.9840211143356704,1.0,0.0
PTPRU,-0.020027902,-19.898417,0.9840211143356704,1.0,0.0
AC009682.1,-0.020027902,-19.4419,0.9840211143356704,1.0,0.0
AF107885.2,-0.020027902,-19.832989,0.9840211143356704,1.0,0.0
BRWD1-IT1,-0.020027902,-19.58416,0.9840211143356704,1.0,0.0
AL157871.1,-0.020027902,-19.837643,0.9840211143356704,1.0,0.0
AC012073.1,-0.020027902,-19.410723,0.9840211143356704,1.0,0.0
AL162171.1,-0.020027902,-19.700703,0.9840211143356704,1.0,0.0
DEPTOR,-0.020027902,-19.678192,0.9840211143356704,1.0,0.0
RAB42,-0.020027902,-19.332277,0.9840211143356704,1.0,0.0
AC103853.1,-0.020027902,-19.510338,0.9840211143356704,1.0,0.0
AATBC,-0.020027902,-20.028315,0.9840211143356704,1.0,0.0
AC009242.1,-0.020027902,-19.71914,0.9840211143356704,1.0,0.0
LRRC2,-0.020027902,-19.65421,0.9840211143356704,1.0,0.0
LINC01424,-0.020027902,-19.69853,0.9840211143356704,1.0,0.0
Z99496.2,-0.020027902,-19.579885,0.9840211143356704,1.0,0.0
KCNS2,-0.020027902,-19.95532,0.9840211143356704,1.0,0.0
AC006547.2,-0.020027902,-19.48166,0.9840211143356704,1.0,0.0
LINC01637,-0.020027902,-19.738625,0.9840211143356704,1.0,0.0
LRRC74B,-0.020027902,-19.805832,0.9840211143356704,1.0,0.0
APOBEC3A,-0.020027902,-19.599606,0.9840211143356704,1.0,0.0
TMC5,-0.020027902,-19.581821,0.9840211143356704,1.0,0.0
SMOC1,-0.020027902,-19.54466,0.9840211143356704,1.0,0.0
ARMCX3-AS1,-0.020027902,-19.718847,0.9840211143356704,1.0,0.0
ARHGAP31-AS1,-0.020027902,-19.787485,0.9840211143356704,1.0,0.0
AC010931.2,-0.020027902,-19.794308,0.9840211143356704,1.0,0.0
AC074351.1,-0.020027902,-19.383892,0.9840211143356704,1.0,0.0
CXCL6,-0.020027902,-19.452274,0.9840211143356704,1.0,0.0
AL035427.1,-0.020027902,-19.361012,0.9840211143356704,1.0,0.0
CT62,-0.020027902,-19.28174,0.9840211143356704,1.0,0.0
CALN1,-0.020027902,-19.585175,0.9840211143356704,1.0,0.0
AC092418.2,-0.020027902,-19.363567,0.9840211143356704,1.0,0.0
AC005089.1,-0.020027902,-19.458319,0.9840211143356704,1.0,0.0
SPDYE16,-0.020027902,-19.72878,0.9840211143356704,1.0,0.0
AC009041.2,-0.020027902,-19.640528,0.9840211143356704,1.0,0.0
AL353804.2,-0.020027902,-19.551891,0.9840211143356704,1.0,0.0
CDKL2,-0.020027902,-19.565807,0.9840211143356704,1.0,0.0
AC006145.1,-0.020027902,-19.791649,0.9840211143356704,1.0,0.0
GCK,-0.020027902,-19.298962,0.9840211143356704,1.0,0.0
AC105137.2,-0.020027902,-19.610584,0.9840211143356704,1.0,0.0
AC036108.2,-0.020027902,-19.822794,0.9840211143356704,1.0,0.0
AC004837.4,-0.020027902,-19.708584,0.9840211143356704,1.0,0.0
AC008080.1,-0.020027902,-19.61821,0.9840211143356704,1.0,0.0
AL606970.3,-0.020027902,-19.658604,0.9840211143356704,1.0,0.0
SMIM10L2B-AS1,-0.020027902,-19.479551,0.9840211143356704,1.0,0.0
CEMIP,-0.020027902,-19.825453,0.9840211143356704,1.0,0.0
AL135910.1,-0.020027902,-19.464529,0.9840211143356704,1.0,0.0
SPANXC,-0.020027902,-19.647657,0.9840211143356704,1.0,0.0
AC013470.2,-0.020027902,-19.501686,0.9840211143356704,1.0,0.0
AC073343.2,-0.020027902,-19.309965,0.9840211143356704,1.0,0.0
AL672310.1,-0.020027902,-19.413502,0.9840211143356704,1.0,0.0
EDARADD,-0.020027902,-19.925447,0.9840211143356704,1.0,0.0
IGFBP7-AS1,-0.020027902,-19.945293,0.9840211143356704,1.0,0.0
AC069307.1,-0.020027902,-19.585064,0.9840211143356704,1.0,0.0
AC021739.3,-0.020027902,-19.24456,0.9840211143356704,1.0,0.0
AL032819.1,-0.020027902,-19.533516,0.9840211143356704,1.0,0.0
TNK2-AS1,-0.020027902,-19.783255,0.9840211143356704,1.0,0.0
AL157700.1,-0.020027902,-19.259636,0.9840211143356704,1.0,0.0
AC000050.1,-0.020027902,-19.659822,0.9840211143356704,1.0,0.0
AL031772.1,-0.020027902,-19.671879,0.9840211143356704,1.0,0.0
GRAP2,-0.020027902,-19.429922,0.9840211143356704,1.0,0.0
Z82206.1,-0.020027902,-19.848944,0.9840211143356704,1.0,0.0
AC026401.1,-0.020027902,-19.502474,0.9840211143356704,1.0,0.0
AC009121.3,-0.020027902,-19.171732,0.9840211143356704,1.0,0.0
AL121672.2,-0.020027902,-19.754826,0.9840211143356704,1.0,0.0
PIGY-DT,-0.020027902,-19.488646,0.9840211143356704,1.0,0.0
AC022167.1,-0.020027902,-19.568457,0.9840211143356704,1.0,0.0
AC104066.3,-0.020027902,-19.694016,0.9840211143356704,1.0,0.0
AC010973.2,-0.020027902,-19.697079,0.9840211143356704,1.0,0.0
AC023830.3,-0.020027902,-19.692497,0.9840211143356704,1.0,0.0
PATL2,-0.020027902,-19.826433,0.9840211143356704,1.0,0.0
AC051619.8,-0.020027902,-19.559412,0.9840211143356704,1.0,0.0
EPHA1,-0.020027902,-19.374033,0.9840211143356704,1.0,0.0
RASL11B,-0.020027902,-19.47001,0.9840211143356704,1.0,0.0
RHOU,-0.020027902,-19.802006,0.9840211143356704,1.0,0.0
WWC3-AS1,-0.020027902,-19.59143,0.9840211143356704,1.0,0.0
BEND2,-0.020027902,-19.296314,0.9840211143356704,1.0,0.0
AC010999.2,-0.020027902,-19.567204,0.9840211143356704,1.0,0.0
AC018904.1,-0.020027902,-19.744823,0.9840211143356704,1.0,0.0
LINC01392,-0.020027902,-19.859175,0.9840211143356704,1.0,0.0
AC090515.2,-0.020027902,-19.748247,0.9840211143356704,1.0,0.0
DMD,-0.020027902,-19.669445,0.9840211143356704,1.0,0.0
AC110792.4,-0.020027902,-19.602789,0.9840211143356704,1.0,0.0
AC005050.1,-0.020027902,-19.457014,0.9840211143356704,1.0,0.0
AF196972.1,-0.020027902,-19.267899,0.9840211143356704,1.0,0.0
AL357075.4,-0.020027902,-19.634588,0.9840211143356704,1.0,0.0
HIST3H2BB,-0.020027902,-19.67935,0.9840211143356704,1.0,0.0
AC107072.2,-0.020027902,-19.494688,0.9840211143356704,1.0,0.0
AC004522.5,-0.020027902,-19.695793,0.9840211143356704,1.0,0.0
MAP3K9,-0.020027902,-19.407303,0.9840211143356704,1.0,0.0
AC125494.1,-0.020027902,-19.4335,0.9840211143356704,1.0,0.0
AL022067.1,-0.020027902,-19.366526,0.9840211143356704,1.0,0.0
NPIPB15,-0.020027902,-19.378233,0.9840211143356704,1.0,0.0
TNNC2,-0.020027902,-19.841454,0.9840211143356704,1.0,0.0
AL589843.1,-0.020027902,-19.628445,0.9840211143356704,1.0,0.0
AL035420.3,-0.020027902,-19.61359,0.9840211143356704,1.0,0.0
SLA2,-0.020027902,-19.863918,0.9840211143356704,1.0,0.0
TRIM36,-0.020027902,-19.543966,0.9840211143356704,1.0,0.0
KIF12,-0.020027902,-19.465935,0.9840211143356704,1.0,0.0
AL139022.1,-0.020027902,-19.710398,0.9840211143356704,1.0,0.0
AC026202.3,-0.020027902,-19.69491,0.9840211143356704,1.0,0.0
AL109614.1,-0.020027902,-19.770756,0.9840211143356704,1.0,0.0
FOCAD-AS1,-0.020027902,-19.770817,0.9840211143356704,1.0,0.0
ARMH1,-0.020027902,-19.321005,0.9840211143356704,1.0,0.0
AL513327.1,-0.020027902,-19.549814,0.9840211143356704,1.0,0.0
HAR1A,-0.020027902,-19.797209,0.9840211143356704,1.0,0.0
AC090948.3,-0.020027902,-19.686455,0.9840211143356704,1.0,0.0
AC104695.2,-0.020027902,-19.439644,0.9840211143356704,1.0,0.0
LINC01260,-0.020027902,-19.713442,0.9840211143356704,1.0,0.0
AL953883.1,-0.020027902,-19.431524,0.9840211143356704,1.0,0.0
AL132989.2,-0.020027902,-19.744974,0.9840211143356704,1.0,0.0
LINC00499,-0.020027902,-19.850054,0.9840211143356704,1.0,0.0
ELF3,-0.020027902,-19.679268,0.9840211143356704,1.0,0.0
LINC02532,-0.020027902,-19.648277,0.9840211143356704,1.0,0.0
AC097724.1,-0.020027902,-19.631859,0.9840211143356704,1.0,0.0
MKRN2OS,-0.020027902,-19.578434,0.9840211143356704,1.0,0.0
AL049649.1,-0.020027902,-19.766865,0.9840211143356704,1.0,0.0
AL121845.1,-0.020027902,-19.62267,0.9840211143356704,1.0,0.0
SNAP25-AS1,-0.020027902,-19.720364,0.9840211143356704,1.0,0.0
AL121906.2,-0.020027902,-19.410467,0.9840211143356704,1.0,0.0
TAT-AS1,-0.020027902,-19.968868,0.9840211143356704,1.0,0.0
FGF18,-0.020027902,-19.594074,0.9840211143356704,1.0,0.0
LINC02310,-0.020027902,-19.588713,0.9840211143356704,1.0,0.0
CFAP206,-0.020027902,-19.720934,0.9840211143356704,1.0,0.0
COLQ,-0.020027902,-19.759192,0.9840211143356704,1.0,0.0
LRRC19,-0.020027902,-19.897425,0.9840211143356704,1.0,0.0
AL355835.1,-0.020027902,-19.662231,0.9840211143356704,1.0,0.0
AC009127.1,-0.020027902,-19.476383,0.9840211143356704,1.0,0.0
AC012325.1,-0.020027902,-19.764503,0.9840211143356704,1.0,0.0
ENHO,-0.020027902,-19.511295,0.9840211143356704,1.0,0.0
AL034550.2,-0.020027902,-19.79396,0.9840211143356704,1.0,0.0
ZNF185,-0.020061962,-0.25525105,0.9839939430025765,1.0,0.16666666666666666
RNF207,-0.020164147,-0.65097153,0.9839124291148229,1.0,0.011904761904761904
CYP46A1,-0.020334452,-0.0206856,0.983776573008885,1.0,0.011904761904761904
UBE2O,-0.020368513,0.10711988,0.9837494018440287,1.0,0.10714285714285714
ZNF445,-0.020641001,0.103323705,0.9835320332064471,1.0,0.11904761904761904
ZNF665,-0.020709123,-1.1126448,0.9834776912374485,1.0,0.011904761904761904
MT1A,-0.02091349,0.2680703,0.9833146657914379,1.0,0.09523809523809523
GPSM1,-0.020981612,0.011762277,0.983260324130603,1.0,0.047619047619047616
ACOT9,-0.020981612,0.03508122,0.983260324130603,1.0,0.40476190476190477
ZNF837,-0.021015672,-0.14094424,0.9832331533292965,1.0,0.011904761904761904
AC008569.2,-0.021117857,-0.49532503,0.9831516410421988,1.0,0.023809523809523808
MARCH6,-0.021151917,0.025036452,0.9831244703188785,1.0,0.38095238095238093
PRR29,-0.021288162,-0.19117187,0.9830157876216655,1.0,0.011904761904761904
SHMT2,-0.021390345,-0.023926593,0.9829342758055098,1.0,0.47619047619047616
TECPR1,-0.021458467,0.021967743,0.9828799346936662,1.0,0.15476190476190477
ST7-AS1,-0.021696893,-0.26539114,0.9826897414294228,1.0,0.011904761904761904
GNL3L,-0.021833139,0.059586287,0.9825810600051954,1.0,0.30952380952380953
BCHE,-0.021935321,0.4334409,0.982499549149072,1.0,0.011904761904761904
BDKRB2,-0.022037504,0.34081784,0.9824180384756486,1.0,0.03571428571428571
RNF217-AS1,-0.022275932,0.3954749,0.9822278476196054,1.0,0.011904761904761904
LRRC37B,-0.022309992,-0.14651918,0.9822006775795217,1.0,0.03571428571428571
AOPEP,-0.022412175,-0.038228247,0.9821191675832759,1.0,0.07142857142857142
AC015922.3,-0.02251436,-0.53999907,0.9820376577736998,1.0,0.011904761904761904
CMTM1,-0.02254842,0.2375251,0.9820104878788036,1.0,0.011904761904761904
AC087284.1,-0.02258248,-0.4371101,0.9819833180047746,1.0,0.011904761904761904
UIMC1,-0.022718726,-0.045014508,0.9818746387179592,1.0,0.19047619047619047
GTF2H2C,-0.022752786,-0.36932164,0.9818474689487382,1.0,0.047619047619047616
GLS2,-0.022889031,-19.455818,0.9817387900827305,1.0,0.0
NLRP10,-0.022889031,-19.859684,0.9817387900827305,1.0,0.0
AL354760.1,-0.022889031,-19.611427,0.9817387900827305,1.0,0.0
IL23A,-0.022889031,-19.522045,0.9817387900827305,1.0,0.0
RDH16,-0.022889031,-19.851665,0.9817387900827305,1.0,0.0
GABRR2,-0.022889031,-19.98973,0.9817387900827305,1.0,0.0
AC023906.3,-0.022889031,-19.712914,0.9817387900827305,1.0,0.0
AC004233.3,-0.022889031,-19.658401,0.9817387900827305,1.0,0.0
SARDH,-0.022889031,-19.904676,0.9817387900827305,1.0,0.0
TRMT9B,-0.022889031,-20.039354,0.9817387900827305,1.0,0.0
LY9,-0.022889031,-19.869253,0.9817387900827305,1.0,0.0
AL445649.1,-0.022889031,-19.842077,0.9817387900827305,1.0,0.0
CASQ1,-0.022889031,-19.948006,0.9817387900827305,1.0,0.0
TUBB4A,-0.022889031,-20.052322,0.9817387900827305,1.0,0.0
AC018926.3,-0.022889031,-19.788404,0.9817387900827305,1.0,0.0
PLA2G5,-0.022889031,-19.417223,0.9817387900827305,1.0,0.0
AC019080.4,-0.022889031,-19.625837,0.9817387900827305,1.0,0.0
MEST,-0.022889031,-19.957483,0.9817387900827305,1.0,0.0
AC104823.1,-0.022889031,-19.829222,0.9817387900827305,1.0,0.0
AL158071.3,-0.022889031,-19.737251,0.9817387900827305,1.0,0.0
TMEM262,-0.022889031,-19.818182,0.9817387900827305,1.0,0.0
GJC2,-0.022889031,-19.443817,0.9817387900827305,1.0,0.0
SERPINB5,-0.022889031,-19.929241,0.9817387900827305,1.0,0.0
AC104695.3,-0.022889031,-19.963839,0.9817387900827305,1.0,0.0
AC004594.1,-0.022889031,-19.876713,0.9817387900827305,1.0,0.0
SH2D1B,-0.022889031,-19.843426,0.9817387900827305,1.0,0.0
AC008429.3,-0.022889031,-19.690403,0.9817387900827305,1.0,0.0
FAM83F,-0.022889031,-19.95639,0.9817387900827305,1.0,0.0
CADPS,-0.022889031,-19.84242,0.9817387900827305,1.0,0.0
LINC02687,-0.022889031,-19.722582,0.9817387900827305,1.0,0.0
ACTR3C,-0.022889031,-19.527914,0.9817387900827305,1.0,0.0
PAX6,-0.022889031,-19.7546,0.9817387900827305,1.0,0.0
SPAG17,-0.022889031,-20.110653,0.9817387900827305,1.0,0.0
AC100810.3,-0.022889031,-20.018658,0.9817387900827305,1.0,0.0
AK8,-0.022889031,-19.825525,0.9817387900827305,1.0,0.0
AC087521.3,-0.022889031,-19.388905,0.9817387900827305,1.0,0.0
SMPD3,-0.022889031,-19.92198,0.9817387900827305,1.0,0.0
ASIC3,-0.022889031,-19.943224,0.9817387900827305,1.0,0.0
PAEP,-0.022889031,-20.104527,0.9817387900827305,1.0,0.0
AL023806.4,-0.022889031,-19.744164,0.9817387900827305,1.0,0.0
AC078962.1,-0.022889031,-19.752768,0.9817387900827305,1.0,0.0
AC092068.3,-0.022889031,-19.684544,0.9817387900827305,1.0,0.0
AC092436.3,-0.022889031,-19.947649,0.9817387900827305,1.0,0.0
LINC01814,-0.022889031,-19.70793,0.9817387900827305,1.0,0.0
DUOXA1,-0.022889031,-19.76766,0.9817387900827305,1.0,0.0
AL671710.1,-0.022889031,-19.795,0.9817387900827305,1.0,0.0
AC012676.3,-0.022889031,-19.6231,0.9817387900827305,1.0,0.0
AC004941.1,-0.022889031,-19.813679,0.9817387900827305,1.0,0.0
AC018398.1,-0.022889031,-19.916224,0.9817387900827305,1.0,0.0
AC131391.1,-0.022889031,-19.853786,0.9817387900827305,1.0,0.0
AC022784.1,-0.022889031,-20.020714,0.9817387900827305,1.0,0.0
OR2A1-AS1,-0.022889031,-19.757607,0.9817387900827305,1.0,0.0
AC005339.1,-0.022889031,-19.790056,0.9817387900827305,1.0,0.0
CTAGE6,-0.022889031,-19.857262,0.9817387900827305,1.0,0.0
CCNI2,-0.022889031,-19.742626,0.9817387900827305,1.0,0.0
CFB,-0.022889031,-19.990156,0.9817387900827305,1.0,0.0
AC125437.1,-0.022889031,-19.82521,0.9817387900827305,1.0,0.0
CSTF3-DT,-0.022889031,-19.584425,0.9817387900827305,1.0,0.0
DPP9-AS1,-0.022889031,-19.654306,0.9817387900827305,1.0,0.0
Z99716.2,-0.022889031,-19.874187,0.9817387900827305,1.0,0.0
AC099521.3,-0.022889031,-20.243824,0.9817387900827305,1.0,0.0
LINC02395,-0.022889031,-19.927519,0.9817387900827305,1.0,0.0
LRAT,-0.022889031,-19.70795,0.9817387900827305,1.0,0.0
LONRF3,-0.022889031,-19.596832,0.9817387900827305,1.0,0.0
AC104841.1,-0.022889031,-19.976974,0.9817387900827305,1.0,0.0
AL606534.1,-0.022889031,-20.289629,0.9817387900827305,1.0,0.0
SMCO3,-0.022889031,-19.552618,0.9817387900827305,1.0,0.0
SMAD1-AS2,-0.022889031,-19.69841,0.9817387900827305,1.0,0.0
AL645465.1,-0.022889031,-19.652323,0.9817387900827305,1.0,0.0
WWOX-AS1,-0.022889031,-19.856989,0.9817387900827305,1.0,0.0
AL592424.1,-0.022889031,-19.81349,0.9817387900827305,1.0,0.0
ADCY1,-0.022889031,-19.787628,0.9817387900827305,1.0,0.0
AC090907.2,-0.022889031,-19.747353,0.9817387900827305,1.0,0.0
IGFBP1,-0.022889031,-19.721409,0.9817387900827305,1.0,0.0
AL021308.1,-0.022889031,-19.810534,0.9817387900827305,1.0,0.0
AL121956.6,-0.022889031,-19.874523,0.9817387900827305,1.0,0.0
AP005136.3,-0.022889031,-19.940636,0.9817387900827305,1.0,0.0
AC079322.1,-0.022889031,-19.602682,0.9817387900827305,1.0,0.0
AP001267.2,-0.022889031,-19.80371,0.9817387900827305,1.0,0.0
HIST1H2AB,-0.022889031,-19.896574,0.9817387900827305,1.0,0.0
AL050343.3,-0.022889031,-19.983452,0.9817387900827305,1.0,0.0
AC068633.1,-0.022889031,-19.89483,0.9817387900827305,1.0,0.0
BEX2,-0.022889031,-19.617598,0.9817387900827305,1.0,0.0
AC010132.4,-0.022889031,-19.82859,0.9817387900827305,1.0,0.0
AC018648.1,-0.022889031,-19.842384,0.9817387900827305,1.0,0.0
PINCR,-0.022889031,-19.82282,0.9817387900827305,1.0,0.0
AL589765.5,-0.022889031,-19.65014,0.9817387900827305,1.0,0.0
AC011322.1,-0.022889031,-19.873486,0.9817387900827305,1.0,0.0
LINC01586,-0.022889031,-19.815018,0.9817387900827305,1.0,0.0
AC009163.4,-0.022889031,-19.924088,0.9817387900827305,1.0,0.0
QRICH2,-0.022889031,-19.69508,0.9817387900827305,1.0,0.0
AC018653.3,-0.022889031,-19.662422,0.9817387900827305,1.0,0.0
AC006040.1,-0.022889031,-19.666685,0.9817387900827305,1.0,0.0
AC006369.1,-0.022889031,-19.96898,0.9817387900827305,1.0,0.0
AC015802.3,-0.022889031,-19.879759,0.9817387900827305,1.0,0.0
C3AR1,-0.022889031,-19.636427,0.9817387900827305,1.0,0.0
MESP2,-0.022889031,-19.711369,0.9817387900827305,1.0,0.0
GNG4,-0.022889031,-19.516775,0.9817387900827305,1.0,0.0
AC026704.1,-0.022889031,-19.802284,0.9817387900827305,1.0,0.0
AC103858.3,-0.022889031,-19.898567,0.9817387900827305,1.0,0.0
TTC39A-AS1,-0.022889031,-19.521858,0.9817387900827305,1.0,0.0
RGMA,-0.022889031,-19.545435,0.9817387900827305,1.0,0.0
AC108457.1,-0.022889031,-19.685917,0.9817387900827305,1.0,0.0
SMIM10L2B,-0.022889031,-19.696419,0.9817387900827305,1.0,0.0
AC007036.3,-0.022889031,-19.830841,0.9817387900827305,1.0,0.0
AL121761.1,-0.022889031,-19.730993,0.9817387900827305,1.0,0.0
AC118758.3,-0.022889031,-19.537157,0.9817387900827305,1.0,0.0
HIST1H3A,-0.022889031,-20.002115,0.9817387900827305,1.0,0.0
AL513218.1,-0.022889031,-19.78436,0.9817387900827305,1.0,0.0
SHOC1,-0.022889031,-19.878534,0.9817387900827305,1.0,0.0
SFTA2,-0.022889031,-19.829779,0.9817387900827305,1.0,0.0
LINC00519,-0.022889031,-19.811604,0.9817387900827305,1.0,0.0
FAM47E,-0.022889031,-19.797377,0.9817387900827305,1.0,0.0
AC091231.1,-0.022889031,-19.615953,0.9817387900827305,1.0,0.0
SLC14A1,-0.022889031,-19.856575,0.9817387900827305,1.0,0.0
SIGLEC15,-0.022889031,-19.883244,0.9817387900827305,1.0,0.0
ACSS3,-0.022889031,-19.69747,0.9817387900827305,1.0,0.0
AC079328.2,-0.022889031,-19.470428,0.9817387900827305,1.0,0.0
CCDC120,-0.022889031,-19.71296,0.9817387900827305,1.0,0.0
AC103740.2,-0.022889031,-20.080246,0.9817387900827305,1.0,0.0
PRKCG,-0.022889031,-19.764706,0.9817387900827305,1.0,0.0
CASZ1,-0.022889031,-19.53407,0.9817387900827305,1.0,0.0
GCNT3,-0.022889031,-19.70439,0.9817387900827305,1.0,0.0
LINC01415,-0.022889031,-20.030853,0.9817387900827305,1.0,0.0
AC013731.1,-0.022889031,-19.768393,0.9817387900827305,1.0,0.0
AC009271.1,-0.022889031,-19.820549,0.9817387900827305,1.0,0.0
SYN1,-0.022889031,-19.507933,0.9817387900827305,1.0,0.0
AC005670.1,-0.022889031,-20.08814,0.9817387900827305,1.0,0.0
GPR22,-0.022889031,-19.954008,0.9817387900827305,1.0,0.0
SLC51B,-0.022889031,-19.419172,0.9817387900827305,1.0,0.0
PMFBP1,-0.022889031,-19.499796,0.9817387900827305,1.0,0.0
STEAP2,-0.022889031,-19.651144,0.9817387900827305,1.0,0.0
AC009269.5,-0.022889031,-19.796797,0.9817387900827305,1.0,0.0
ZNF346-IT1,-0.022889031,-19.824001,0.9817387900827305,1.0,0.0
AC093655.1,-0.022889031,-19.70011,0.9817387900827305,1.0,0.0
EPGN,-0.022889031,-19.59524,0.9817387900827305,1.0,0.0
AC015813.3,-0.022889031,-19.940794,0.9817387900827305,1.0,0.0
CARMIL1,-0.022889031,-19.599648,0.9817387900827305,1.0,0.0
AL590666.5,-0.022889031,-19.706717,0.9817387900827305,1.0,0.0
AL139393.1,-0.022889031,-19.576054,0.9817387900827305,1.0,0.0
AC093010.2,-0.022889031,-19.7217,0.9817387900827305,1.0,0.0
TMEM212,-0.022889031,-20.026484,0.9817387900827305,1.0,0.0
STEAP1,-0.022889031,-19.644266,0.9817387900827305,1.0,0.0
LINC00337,-0.022889031,-19.850613,0.9817387900827305,1.0,0.0
CAMTA1-IT1,-0.022889031,-19.626495,0.9817387900827305,1.0,0.0
LINC02631,-0.022889031,-19.780272,0.9817387900827305,1.0,0.0
AC022382.1,-0.022889031,-19.786633,0.9817387900827305,1.0,0.0
RGPD4-AS1,-0.022889031,-19.930494,0.9817387900827305,1.0,0.0
PHYHD1,-0.022889031,-19.852169,0.9817387900827305,1.0,0.0
AC010327.7,-0.022889031,-19.701841,0.9817387900827305,1.0,0.0
AC034193.1,-0.022889031,-19.559223,0.9817387900827305,1.0,0.0
UBXN10-AS1,-0.022889031,-19.652008,0.9817387900827305,1.0,0.0
ANGPTL3,-0.022889031,-19.837023,0.9817387900827305,1.0,0.0
AC136624.2,-0.022889031,-20.034948,0.9817387900827305,1.0,0.0
AL607028.1,-0.022889031,-20.202515,0.9817387900827305,1.0,0.0
OLAH,-0.022889031,-19.871073,0.9817387900827305,1.0,0.0
NPIPB11,-0.022889031,-19.919928,0.9817387900827305,1.0,0.0
AL662907.3,-0.022889031,-19.953218,0.9817387900827305,1.0,0.0
AL096828.3,-0.022889031,-19.568695,0.9817387900827305,1.0,0.0
AC135050.5,-0.022889031,-20.013659,0.9817387900827305,1.0,0.0
AC022154.1,-0.022889031,-19.817976,0.9817387900827305,1.0,0.0
SERPINA5,-0.022889031,-19.892773,0.9817387900827305,1.0,0.0
LINC00649,-0.022889031,-20.026657,0.9817387900827305,1.0,0.0
AC021321.2,-0.022889031,-19.63493,0.9817387900827305,1.0,0.0
SAMD13,-0.022889031,-0.15142016,0.9817387900827305,1.0,0.023809523809523808
CRYBA4,-0.022889031,-19.816137,0.9817387900827305,1.0,0.0
AL592430.1,-0.022889031,-19.689596,0.9817387900827305,1.0,0.0
AC109361.1,-0.022889031,-19.642748,0.9817387900827305,1.0,0.0
AP000569.1,-0.022889031,-19.959545,0.9817387900827305,1.0,0.0
RHCE,-0.022889031,-19.718172,0.9817387900827305,1.0,0.0
MLANA,-0.022889031,-19.704805,0.9817387900827305,1.0,0.0
SRRM5,-0.022889031,-19.905613,0.9817387900827305,1.0,0.0
AC020928.1,-0.022889031,-19.811398,0.9817387900827305,1.0,0.0
AL356489.2,-0.022889031,-19.715992,0.9817387900827305,1.0,0.0
AL353784.1,-0.022889031,-19.77906,0.9817387900827305,1.0,0.0
LINC01561,-0.022889031,-19.666958,0.9817387900827305,1.0,0.0
AC079148.3,-0.022889031,-19.943592,0.9817387900827305,1.0,0.0
PPP2R2C,-0.022889031,-19.799072,0.9817387900827305,1.0,0.0
TMEM220-AS1,-0.022889031,-19.79744,0.9817387900827305,1.0,0.0
AC008764.2,-0.022889031,-20.128704,0.9817387900827305,1.0,0.0
AC105150.1,-0.022889031,-19.279118,0.9817387900827305,1.0,0.0
SBK1,-0.022889031,-19.331192,0.9817387900827305,1.0,0.0
AC018607.1,-0.022889031,-19.843313,0.9817387900827305,1.0,0.0
ZMYM4-AS1,-0.022889031,-19.812656,0.9817387900827305,1.0,0.0
AC016590.1,-0.022889031,-19.63966,0.9817387900827305,1.0,0.0
AD000671.3,-0.022889031,-19.736097,0.9817387900827305,1.0,0.0
AL121832.3,-0.022889031,-20.114353,0.9817387900827305,1.0,0.0
AC005759.1,-0.022889031,-19.88974,0.9817387900827305,1.0,0.0
AC093424.1,-0.022889031,-19.899075,0.9817387900827305,1.0,0.0
AL031963.1,-0.022889031,-19.68182,0.9817387900827305,1.0,0.0
KCNIP2,-0.022889031,-19.879366,0.9817387900827305,1.0,0.0
LINC01366,-0.022889031,-19.441845,0.9817387900827305,1.0,0.0
AC096772.1,-0.022889031,-19.679544,0.9817387900827305,1.0,0.0
CELF2-AS1,-0.022889031,-19.752762,0.9817387900827305,1.0,0.0
SYT9,-0.022889031,-19.759012,0.9817387900827305,1.0,0.0
NKAIN2,-0.022889031,-19.649435,0.9817387900827305,1.0,0.0
AC069503.1,-0.022889031,-19.870852,0.9817387900827305,1.0,0.0
AL138921.1,-0.022889031,-20.073362,0.9817387900827305,1.0,0.0
AC008494.3,-0.022889031,-19.909151,0.9817387900827305,1.0,0.0
GAPDHS,-0.022889031,-19.626749,0.9817387900827305,1.0,0.0
AC012065.3,-0.022889031,-20.261505,0.9817387900827305,1.0,0.0
AL139243.1,-0.022889031,-20.04902,0.9817387900827305,1.0,0.0
C8orf88,-0.022889031,-20.026308,0.9817387900827305,1.0,0.0
MOB3B,-0.022889031,-19.796734,0.9817387900827305,1.0,0.0
AC010615.2,-0.022889031,-19.809448,0.9817387900827305,1.0,0.0
C6orf132,-0.022889031,-19.574724,0.9817387900827305,1.0,0.0
CTF1,-0.022889031,-19.619526,0.9817387900827305,1.0,0.0
AL121929.3,-0.022889031,-19.742386,0.9817387900827305,1.0,0.0
AC095060.1,-0.022889031,-19.430723,0.9817387900827305,1.0,0.0
VPREB3,-0.022889031,-19.657848,0.9817387900827305,1.0,0.0
AC107071.1,-0.022889031,-19.920778,0.9817387900827305,1.0,0.0
CAMK2N2,-0.022889031,-19.817984,0.9817387900827305,1.0,0.0
BACH1-IT1,-0.022889031,-19.688034,0.9817387900827305,1.0,0.0
BRDT,-0.022889031,-19.774042,0.9817387900827305,1.0,0.0
AC007879.3,-0.022889031,-19.506468,0.9817387900827305,1.0,0.0
ADAMTS2,-0.022889031,-19.883276,0.9817387900827305,1.0,0.0
AL158163.2,-0.022889031,-19.73507,0.9817387900827305,1.0,0.0
VIPR1-AS1,-0.022889031,-19.645979,0.9817387900827305,1.0,0.0
AL353151.2,-0.022889031,-19.793444,0.9817387900827305,1.0,0.0
AC026471.2,-0.022889031,-19.754278,0.9817387900827305,1.0,0.0
PIPOX,-0.022889031,-19.690128,0.9817387900827305,1.0,0.0
ERVK9-11,-0.022889031,-19.512135,0.9817387900827305,1.0,0.0
OTOA,-0.022889031,-19.95425,0.9817387900827305,1.0,0.0
AL445250.1,-0.022889031,-19.617954,0.9817387900827305,1.0,0.0
AL139351.1,-0.022889031,-19.69614,0.9817387900827305,1.0,0.0
LINC01600,-0.022889031,-19.86722,0.9817387900827305,1.0,0.0
MEIS3,-0.022889031,-19.885836,0.9817387900827305,1.0,0.0
CDKN1C,-0.022889031,-19.93384,0.9817387900827305,1.0,0.0
AL354813.1,-0.022889031,-19.68666,0.9817387900827305,1.0,0.0
DNAJC6,-0.022889031,-19.732698,0.9817387900827305,1.0,0.0
AL451166.1,-0.022889031,-19.751001,0.9817387900827305,1.0,0.0
GRIN1,-0.022889031,-19.897856,0.9817387900827305,1.0,0.0
NUGGC,-0.022889031,-19.648035,0.9817387900827305,1.0,0.0
AC060766.6,-0.022889031,-19.893332,0.9817387900827305,1.0,0.0
DHCR24-DT,-0.022889031,-20.1776,0.9817387900827305,1.0,0.0
AC004706.3,-0.022889031,-19.811516,0.9817387900827305,1.0,0.0
AC021074.3,-0.022889031,-19.927427,0.9817387900827305,1.0,0.0
GLRA3,-0.022889031,-19.989122,0.9817387900827305,1.0,0.0
AC009501.3,-0.022889031,-19.740118,0.9817387900827305,1.0,0.0
EPHX2,-0.022889031,-19.428173,0.9817387900827305,1.0,0.0
TPRG1-AS1,-0.022889031,-19.69237,0.9817387900827305,1.0,0.0
AL590550.1,-0.022889031,-20.105873,0.9817387900827305,1.0,0.0
AC011451.1,-0.022889031,-19.981422,0.9817387900827305,1.0,0.0
AL136038.3,-0.022889031,-19.74836,0.9817387900827305,1.0,0.0
DLK2,-0.022889031,-19.63797,0.9817387900827305,1.0,0.0
CR381653.1,-0.022889031,-19.653742,0.9817387900827305,1.0,0.0
HDAC2-AS2,-0.022889031,-19.984394,0.9817387900827305,1.0,0.0
AL356055.1,-0.022889031,-19.625834,0.9817387900827305,1.0,0.0
LINC02632,-0.022889031,-19.808485,0.9817387900827305,1.0,0.0
AC118344.1,-0.022889031,-20.0497,0.9817387900827305,1.0,0.0
AL138778.1,-0.022889031,-19.929644,0.9817387900827305,1.0,0.0
NPM2,-0.022889031,-19.75673,0.9817387900827305,1.0,0.0
F5,-0.022889031,-19.42861,0.9817387900827305,1.0,0.0
AC145423.3,-0.022889031,-19.875288,0.9817387900827305,1.0,0.0
AC073052.2,-0.022889031,-19.937958,0.9817387900827305,1.0,0.0
AC009019.1,-0.022889031,-19.951485,0.9817387900827305,1.0,0.0
AC020911.1,-0.022889031,-19.782536,0.9817387900827305,1.0,0.0
SEC14L6,-0.022889031,-19.765669,0.9817387900827305,1.0,0.0
AC011481.2,-0.022889031,-19.705421,0.9817387900827305,1.0,0.0
AC073263.2,-0.022889031,-20.023516,0.9817387900827305,1.0,0.0
SOX30,-0.022889031,-19.82887,0.9817387900827305,1.0,0.0
CPE,-0.022889031,-19.678633,0.9817387900827305,1.0,0.0
SAMD12-AS1,-0.022889031,-19.514042,0.9817387900827305,1.0,0.0
ETV7,-0.022889031,-19.679201,0.9817387900827305,1.0,0.0
FAM166B,-0.022889031,-19.961086,0.9817387900827305,1.0,0.0
AC080013.6,-0.022889031,-19.87282,0.9817387900827305,1.0,0.0
SPTB,-0.022889031,-19.708342,0.9817387900827305,1.0,0.0
LHB,-0.022889031,-19.637724,0.9817387900827305,1.0,0.0
TEX46,-0.022889031,-19.876759,0.9817387900827305,1.0,0.0
AC104316.2,-0.022889031,-19.91717,0.9817387900827305,1.0,0.0
AL390763.1,-0.022889031,-19.848944,0.9817387900827305,1.0,0.0
LINC01524,-0.022889031,-19.771845,0.9817387900827305,1.0,0.0
AC021028.1,-0.022889031,-19.671036,0.9817387900827305,1.0,0.0
LVRN,-0.022889031,-19.675587,0.9817387900827305,1.0,0.0
AC124290.1,-0.022889031,-19.630018,0.9817387900827305,1.0,0.0
AC026150.3,-0.022889031,-19.964876,0.9817387900827305,1.0,0.0
MAP4K1,-0.022889031,-20.127556,0.9817387900827305,1.0,0.0
AC005225.2,-0.022889031,-19.911148,0.9817387900827305,1.0,0.0
AP001172.1,-0.022889031,-19.654976,0.9817387900827305,1.0,0.0
LINC02172,-0.022889031,-19.785145,0.9817387900827305,1.0,0.0
AP006545.3,-0.022889031,-19.864128,0.9817387900827305,1.0,0.0
AC079354.2,-0.022889031,-19.86275,0.9817387900827305,1.0,0.0
MTRNR2L3,-0.022889031,-19.913681,0.9817387900827305,1.0,0.0
SKAP1,-0.023093397,0.0704374,0.9815757724198133,1.0,0.011904761904761904
SOCS5,-0.02316152,0.00380845,0.9815214333694743,1.0,0.17857142857142858
NECTIN2,-0.02319558,0.004593966,0.9814942638764402,1.0,0.4642857142857143
SNHG19,-0.023229642,-0.030512357,0.9814670944048719,1.0,0.39285714285714285
MIR29B2CHG,-0.023297764,-0.092121646,0.9814127555262584,1.0,0.09523809523809523
FUT11,-0.02350213,0.06627861,0.9812497394088705,1.0,0.2261904761904762
TBCCD1,-0.023570253,0.406811,0.9811954008767322,1.0,0.023809523809523808
SLC12A4,-0.023638375,-0.19985312,0.9811410624318428,1.0,0.10714285714285714
AC008915.1,-0.023774618,-0.06568471,0.9810323858048188,1.0,0.011904761904761904
RRAGA,-0.02380868,-0.108387664,0.9810052167029871,1.0,0.2619047619047619
PIK3R4,-0.023978984,-0.10503933,0.98086937152495,1.0,0.05952380952380952
LIFR,-0.024047107,-0.06277922,0.9808150336088465,1.0,0.16666666666666666
NPHP4,-0.024047107,0.3846538,0.9808150336088465,1.0,0.023809523809523808
PDHB,-0.024217412,0.026979571,0.9806791892085708,1.0,0.42857142857142855
NUS1,-0.024353657,0.11140181,0.980570514091555,1.0,0.19047619047619047
TBC1D31,-0.024387717,0.18442135,0.9805433453685644,1.0,0.08333333333333333
KIF20A,-0.02445584,0.014499483,0.9804890079903191,1.0,0.047619047619047616
RELL2,-0.024523962,0.026794143,0.980434670702599,1.0,0.03571428571428571
C2orf76,-0.024626145,0.050095163,0.9803531649413048,1.0,0.14285714285714285
FBXL22,-0.024626145,0.56277126,0.9803531649413048,1.0,0.011904761904761904
CAPN11,-0.024660205,0.010105292,0.9803259963997422,1.0,0.023809523809523808
AC012640.2,-0.024660205,-0.43462014,0.9803259963997422,1.0,0.011904761904761904
RAD52,-0.024728328,0.652818,0.9802716593851094,1.0,0.023809523809523808
ZCWPW1,-0.02479645,-0.43025646,0.9802173224620099,1.0,0.011904761904761904
CLDN7,-0.02479645,-0.45081288,0.9802173224620099,1.0,0.011904761904761904
TRIM62,-0.02483051,0.38247105,0.9801901540348636,1.0,0.011904761904761904
ST3GAL3,-0.024966756,-0.0167905,0.980081480556372,1.0,0.14285714285714285
TAB3,-0.025000816,0.052685887,0.9800543122444297,1.0,0.047619047619047616
AKR1B1,-0.025034878,-0.029653711,0.9800271439556228,1.0,0.6071428571428571
AP001922.5,-0.025205184,-0.54668283,0.9798913028597198,1.0,0.011904761904761904
AL451085.2,-0.025205184,-0.4654809,0.9798913028597198,1.0,0.011904761904761904
OGFOD1,-0.025273304,0.24403678,0.9798369665844081,1.0,0.23809523809523808
KPNA3,-0.025341427,0.023004416,0.9797826304026455,1.0,0.44047619047619047
C7orf26,-0.02540955,-0.16223189,0.9797282943146839,1.0,0.09523809523809523
SLC9A5,-0.025477672,-0.48962155,0.9796739583207755,1.0,0.011904761904761904
LAT,-0.025477672,-0.5426702,0.9796739583207755,1.0,0.011904761904761904
GALE,-0.025647977,-0.04535126,0.9795381187491404,1.0,0.21428571428571427
DNPEP,-0.025647977,-0.12605248,0.9795381187491404,1.0,0.23809523809523808
AC090181.2,-0.02575016,-20.004143,0.9794566152907125,1.0,0.0
AL355053.1,-0.02575016,-19.884125,0.9794566152907125,1.0,0.0
AC007686.4,-0.02575016,-19.98566,0.9794566152907125,1.0,0.0
AC004825.2,-0.02575016,-20.005608,0.9794566152907125,1.0,0.0
LINC02254,-0.02575016,-19.9401,0.9794566152907125,1.0,0.0
AC125494.2,-0.02575016,-19.90021,0.9794566152907125,1.0,0.0
ARHGAP44,-0.02575016,-19.724886,0.9794566152907125,1.0,0.0
CDK18,-0.02575016,-20.300806,0.9794566152907125,1.0,0.0
PLIN1,-0.02575016,-19.901344,0.9794566152907125,1.0,0.0
RGS8,-0.02575016,-19.950968,0.9794566152907125,1.0,0.0
PCDHB4,-0.02575016,-19.97338,0.9794566152907125,1.0,0.0
AL121936.1,-0.02575016,-19.72259,0.9794566152907125,1.0,0.0
DCST2,-0.02575016,-19.965252,0.9794566152907125,1.0,0.0
TMEM266,-0.02575016,-19.817335,0.9794566152907125,1.0,0.0
SPNS2,-0.02575016,-19.595377,0.9794566152907125,1.0,0.0
MEF2C-AS2,-0.02575016,-20.094404,0.9794566152907125,1.0,0.0
CRTC3-AS1,-0.02575016,-19.821072,0.9794566152907125,1.0,0.0
AC104041.1,-0.02575016,-19.646523,0.9794566152907125,1.0,0.0
AC010175.1,-0.02575016,-19.740122,0.9794566152907125,1.0,0.0
AC005519.1,-0.02575016,-20.06789,0.9794566152907125,1.0,0.0
VAT1L,-0.02575016,-19.892948,0.9794566152907125,1.0,0.0
AL359317.2,-0.02575016,-20.008646,0.9794566152907125,1.0,0.0
MZB1,-0.02575016,-19.739994,0.9794566152907125,1.0,0.0
AC008609.1,-0.02575016,-19.631842,0.9794566152907125,1.0,0.0
AL356108.1,-0.02575016,-19.893888,0.9794566152907125,1.0,0.0
HBZ,-0.02575016,-20.040577,0.9794566152907125,1.0,0.0
LINC01840,-0.02575016,-19.780619,0.9794566152907125,1.0,0.0
AL442067.1,-0.02575016,-19.844847,0.9794566152907125,1.0,0.0
AC027682.1,-0.02575016,-20.12383,0.9794566152907125,1.0,0.0
AL590714.1,-0.02575016,-19.936308,0.9794566152907125,1.0,0.0
AC073575.2,-0.02575016,-19.943039,0.9794566152907125,1.0,0.0
LINC00514,-0.02575016,-20.005884,0.9794566152907125,1.0,0.0
AC008870.4,-0.02575016,-19.955414,0.9794566152907125,1.0,0.0
AL353689.3,-0.02575016,-20.174326,0.9794566152907125,1.0,0.0
GLI1,-0.02575016,-20.250021,0.9794566152907125,1.0,0.0
B4GALNT1,-0.02575016,-19.661554,0.9794566152907125,1.0,0.0
AC084757.3,-0.02575016,-20.020002,0.9794566152907125,1.0,0.0
DPY19L2,-0.02575016,-20.123077,0.9794566152907125,1.0,0.0
SPAG5-AS1,-0.02575016,-19.999638,0.9794566152907125,1.0,0.0
GORAB-AS1,-0.02575016,-19.972565,0.9794566152907125,1.0,0.0
CCDC175,-0.02575016,-20.013693,0.9794566152907125,1.0,0.0
AC090023.1,-0.02575016,-19.660282,0.9794566152907125,1.0,0.0
AC011313.1,-0.02575016,-20.064627,0.9794566152907125,1.0,0.0
AC007014.2,-0.02575016,-19.89821,0.9794566152907125,1.0,0.0
MINAR2,-0.02575016,-19.809683,0.9794566152907125,1.0,0.0
AC010809.3,-0.02575016,-19.971958,0.9794566152907125,1.0,0.0
AC073657.1,-0.02575016,-19.78414,0.9794566152907125,1.0,0.0
AC124947.1,-0.02575016,-19.954931,0.9794566152907125,1.0,0.0
SLC26A9,-0.02575016,-19.802908,0.9794566152907125,1.0,0.0
SLFN13,-0.02575016,-19.802917,0.9794566152907125,1.0,0.0
AC020661.3,-0.02575016,-20.045929,0.9794566152907125,1.0,0.0
AC008551.1,-0.02575016,-20.026588,0.9794566152907125,1.0,0.0
AC099518.2,-0.02575016,-19.860664,0.9794566152907125,1.0,0.0
AC002550.2,-0.02575016,-20.208044,0.9794566152907125,1.0,0.0
EPCAM,-0.02575016,-20.278193,0.9794566152907125,1.0,0.0
AC099522.2,-0.02575016,-19.840559,0.9794566152907125,1.0,0.0
ARHGAP26-IT1,-0.02575016,-20.206322,0.9794566152907125,1.0,0.0
KIF26A,-0.02575016,-20.168211,0.9794566152907125,1.0,0.0
PMEL,-0.02575016,-19.830452,0.9794566152907125,1.0,0.0
AL133297.1,-0.02575016,-20.015427,0.9794566152907125,1.0,0.0
RASD1,-0.02575016,-19.785774,0.9794566152907125,1.0,0.0
HIST1H1A,-0.02575016,-19.714348,0.9794566152907125,1.0,0.0
ARLNC1,-0.02575016,-19.981731,0.9794566152907125,1.0,0.0
AC087292.1,-0.02575016,-19.913816,0.9794566152907125,1.0,0.0
DISC1-IT1,-0.02575016,-19.902187,0.9794566152907125,1.0,0.0
ANKRD40CL,-0.02575016,-19.95853,0.9794566152907125,1.0,0.0
C5orf47,-0.02575016,-19.825905,0.9794566152907125,1.0,0.0
SLC5A2,-0.02575016,-20.034466,0.9794566152907125,1.0,0.0
AL137244.1,-0.02575016,-20.124268,0.9794566152907125,1.0,0.0
CORO2B,-0.02575016,-20.019106,0.9794566152907125,1.0,0.0
AC127537.1,-0.02575016,-20.219862,0.9794566152907125,1.0,0.0
AC087482.1,-0.02575016,-19.953058,0.9794566152907125,1.0,0.0
ATP13A4,-0.02575016,-20.303957,0.9794566152907125,1.0,0.0
AC068790.4,-0.02575016,-20.116556,0.9794566152907125,1.0,0.0
AL031599.1,-0.02575016,-19.655214,0.9794566152907125,1.0,0.0
NFASC,-0.02575016,-20.01863,0.9794566152907125,1.0,0.0
SLC5A10,-0.02575016,-20.090977,0.9794566152907125,1.0,0.0
AC112907.3,-0.02575016,-19.787233,0.9794566152907125,1.0,0.0
AC005753.3,-0.02575016,-19.70809,0.9794566152907125,1.0,0.0
GAS5-AS1,-0.02575016,-20.024868,0.9794566152907125,1.0,0.0
AC032011.1,-0.02575016,-19.595745,0.9794566152907125,1.0,0.0
MEG9,-0.02575016,-19.721012,0.9794566152907125,1.0,0.0
AL118558.4,-0.02575016,-20.0808,0.9794566152907125,1.0,0.0
BHMT2,-0.02575016,-20.061108,0.9794566152907125,1.0,0.0
AC009093.4,-0.02575016,-20.009222,0.9794566152907125,1.0,0.0
Z97198.1,-0.02575016,-20.080122,0.9794566152907125,1.0,0.0
AC133550.2,-0.02575016,-20.237524,0.9794566152907125,1.0,0.0
AC005180.2,-0.02575016,-19.78438,0.9794566152907125,1.0,0.0
AC090617.2,-0.02575016,-20.138687,0.9794566152907125,1.0,0.0
AC013391.2,-0.02575016,-20.042097,0.9794566152907125,1.0,0.0
LINC01786,-0.02575016,-20.212296,0.9794566152907125,1.0,0.0
AL591163.1,-0.02575016,-19.80102,0.9794566152907125,1.0,0.0
AC253572.2,-0.02575016,-19.985817,0.9794566152907125,1.0,0.0
PAPPA,-0.02575016,-20.065437,0.9794566152907125,1.0,0.0
AC024933.1,-0.02575016,-19.850273,0.9794566152907125,1.0,0.0
RSPH14,-0.02575016,-20.04377,0.9794566152907125,1.0,0.0
AL391650.1,-0.02575016,-20.107994,0.9794566152907125,1.0,0.0
AP003692.1,-0.02575016,-19.780788,0.9794566152907125,1.0,0.0
LIN28A,-0.02575016,-19.969103,0.9794566152907125,1.0,0.0
AC093639.3,-0.02575016,-19.927555,0.9794566152907125,1.0,0.0
AC090469.1,-0.02575016,-19.981493,0.9794566152907125,1.0,0.0
KIZ-AS1,-0.02575016,-20.271366,0.9794566152907125,1.0,0.0
AC011773.4,-0.02575016,-19.950974,0.9794566152907125,1.0,0.0
ATCAY,-0.02575016,-20.15966,0.9794566152907125,1.0,0.0
AP001469.1,-0.02575016,-19.955061,0.9794566152907125,1.0,0.0
KCNMA1-AS1,-0.02575016,-20.14741,0.9794566152907125,1.0,0.0
AC007292.1,-0.02575016,-20.240627,0.9794566152907125,1.0,0.0
AL844908.2,-0.02575016,-19.74353,0.9794566152907125,1.0,0.0
AL133325.3,-0.02575016,-20.02588,0.9794566152907125,1.0,0.0
LDHAL6A,-0.02575016,-19.790752,0.9794566152907125,1.0,0.0
AC093388.1,-0.02575016,-20.0536,0.9794566152907125,1.0,0.0
AC073254.1,-0.02575016,-19.825695,0.9794566152907125,1.0,0.0
GPNMB,-0.02575016,-19.770632,0.9794566152907125,1.0,0.0
C20orf202,-0.02575016,-20.02912,0.9794566152907125,1.0,0.0
AP001626.1,-0.02575016,-20.07291,0.9794566152907125,1.0,0.0
AC064801.1,-0.02575016,-20.15963,0.9794566152907125,1.0,0.0
LINC01537,-0.02575016,-20.015656,0.9794566152907125,1.0,0.0
AC083973.1,-0.02575016,-19.988005,0.9794566152907125,1.0,0.0
SHANK2,-0.02575016,-19.80675,0.9794566152907125,1.0,0.0
PSG9,-0.02575016,-19.715555,0.9794566152907125,1.0,0.0
F8,-0.02575016,-19.830248,0.9794566152907125,1.0,0.0
AC006116.5,-0.02575016,-19.924538,0.9794566152907125,1.0,0.0
AC079742.1,-0.02575016,-20.054607,0.9794566152907125,1.0,0.0
AC012349.1,-0.02575016,-19.948936,0.9794566152907125,1.0,0.0
AC010776.3,-0.02575016,-19.982655,0.9794566152907125,1.0,0.0
MYPN,-0.02575016,-19.658943,0.9794566152907125,1.0,0.0
ADORA2A-AS1,-0.02575016,-19.622244,0.9794566152907125,1.0,0.0
LINC00608,-0.02575016,-19.55451,0.9794566152907125,1.0,0.0
RHD,-0.02575016,-20.044563,0.9794566152907125,1.0,0.0
AL354872.2,-0.02575016,-20.077274,0.9794566152907125,1.0,0.0
SAMD3,-0.02575016,-19.981108,0.9794566152907125,1.0,0.0
AC078795.2,-0.02575016,-20.17231,0.9794566152907125,1.0,0.0
AC016542.1,-0.02575016,-20.096249,0.9794566152907125,1.0,0.0
AL451064.1,-0.02575016,-20.013214,0.9794566152907125,1.0,0.0
AL359636.2,-0.02575016,-19.70287,0.9794566152907125,1.0,0.0
U52111.1,-0.02575016,-20.050016,0.9794566152907125,1.0,0.0
HOXA13,-0.02575016,-19.879976,0.9794566152907125,1.0,0.0
TNFSF14,-0.02575016,-20.018835,0.9794566152907125,1.0,0.0
RUNX2-AS1,-0.02575016,-20.1388,0.9794566152907125,1.0,0.0
FNDC5,-0.02575016,-20.015678,0.9794566152907125,1.0,0.0
AL158166.2,-0.02575016,-20.125399,0.9794566152907125,1.0,0.0
INSYN2A,-0.02575016,-20.024197,0.9794566152907125,1.0,0.0
OR7C1,-0.02575016,-20.415049,0.9794566152907125,1.0,0.0
AP003900.1,-0.02575016,-19.957485,0.9794566152907125,1.0,0.0
AL133215.2,-0.02575016,-19.761417,0.9794566152907125,1.0,0.0
CBSL,-0.02575016,-19.763262,0.9794566152907125,1.0,0.0
AL158835.1,-0.02575016,-20.099726,0.9794566152907125,1.0,0.0
AL589740.1,-0.02575016,-20.080053,0.9794566152907125,1.0,0.0
DLEC1,-0.02575016,-19.961866,0.9794566152907125,1.0,0.0
AL020995.1,-0.02575016,-19.65454,0.9794566152907125,1.0,0.0
C19orf57,-0.02575016,-19.548267,0.9794566152907125,1.0,0.0
MATN4,-0.02575016,-20.014587,0.9794566152907125,1.0,0.0
LINC02029,-0.02575016,-20.031103,0.9794566152907125,1.0,0.0
AC007285.1,-0.02575016,-19.922876,0.9794566152907125,1.0,0.0
AL121928.1,-0.02575016,-20.023876,0.9794566152907125,1.0,0.0
ANKRD20A4,-0.02575016,-19.992697,0.9794566152907125,1.0,0.0
AC093797.1,-0.02575016,-20.03212,0.9794566152907125,1.0,0.0
AC073539.1,-0.02575016,-19.857525,0.9794566152907125,1.0,0.0
AL590608.1,-0.02575016,-20.040907,0.9794566152907125,1.0,0.0
TSSK6,-0.02575016,-19.8946,0.9794566152907125,1.0,0.0
AC067930.3,-0.02575016,-20.221903,0.9794566152907125,1.0,0.0
LY6E-DT,-0.02575016,-19.579275,0.9794566152907125,1.0,0.0
LINC02363,-0.02575016,-19.797016,0.9794566152907125,1.0,0.0
AC016074.2,-0.02575016,-20.178997,0.9794566152907125,1.0,0.0
ELN-AS1,-0.02575016,-20.266134,0.9794566152907125,1.0,0.0
FAM83A,-0.02575016,-19.960989,0.9794566152907125,1.0,0.0
DENND2D,-0.02575016,-20.091373,0.9794566152907125,1.0,0.0
AL691447.2,-0.02575016,-19.940727,0.9794566152907125,1.0,0.0
OR52A1,-0.02575016,-19.918175,0.9794566152907125,1.0,0.0
GNAT2,-0.02575016,-19.688826,0.9794566152907125,1.0,0.0
AC011997.2,-0.02575016,-20.090696,0.9794566152907125,1.0,0.0
ZKSCAN7,-0.02575016,-19.862587,0.9794566152907125,1.0,0.0
CARS-AS1,-0.02575016,-20.009811,0.9794566152907125,1.0,0.0
AL031668.2,-0.02575016,-20.436026,0.9794566152907125,1.0,0.0
AF129075.2,-0.02575016,-19.70478,0.9794566152907125,1.0,0.0
UGT2A1,-0.02575016,-19.916021,0.9794566152907125,1.0,0.0
CSTA,-0.02575016,-20.003717,0.9794566152907125,1.0,0.0
OC90,-0.02575016,-20.06506,0.9794566152907125,1.0,0.0
ACKR2,-0.02575016,-19.737104,0.9794566152907125,1.0,0.0
TLL2,-0.02575016,-20.047987,0.9794566152907125,1.0,0.0
ZNF763,-0.02575016,-19.991789,0.9794566152907125,1.0,0.0
SULT1E1,-0.02575016,-20.244335,0.9794566152907125,1.0,0.0
BACH1-IT2,-0.02575016,-20.247183,0.9794566152907125,1.0,0.0
SYCE2,-0.02575016,-19.913105,0.9794566152907125,1.0,0.0
AC053503.5,-0.02575016,-20.015835,0.9794566152907125,1.0,0.0
CSE1L-AS1,-0.02575016,-19.97492,0.9794566152907125,1.0,0.0
LINC00526,-0.02575016,-19.979273,0.9794566152907125,1.0,0.0
LINC02660,-0.02575016,-20.098913,0.9794566152907125,1.0,0.0
NLGN1-AS1,-0.02575016,-19.864485,0.9794566152907125,1.0,0.0
TM4SF20,-0.02575016,-19.858059,0.9794566152907125,1.0,0.0
HTR2B,-0.02575016,-20.014923,0.9794566152907125,1.0,0.0
AL731533.2,-0.02575016,-19.951752,0.9794566152907125,1.0,0.0
NPTX1,-0.02575016,-20.015312,0.9794566152907125,1.0,0.0
LINC02004,-0.02575016,-19.90912,0.9794566152907125,1.0,0.0
HCG9,-0.02575016,-20.053904,0.9794566152907125,1.0,0.0
DKKL1,-0.02575016,-19.878748,0.9794566152907125,1.0,0.0
TMPRSS5,-0.02575016,-19.892233,0.9794566152907125,1.0,0.0
AC072026.2,-0.02575016,-19.88926,0.9794566152907125,1.0,0.0
AL121748.1,-0.02575016,-20.03386,0.9794566152907125,1.0,0.0
FGL2,-0.02575016,-20.109081,0.9794566152907125,1.0,0.0
FAM156A,-0.02575016,-19.92755,0.9794566152907125,1.0,0.0
AC006017.1,-0.02575016,-19.996607,0.9794566152907125,1.0,0.0
TNFSF10,-0.02575016,-19.911144,0.9794566152907125,1.0,0.0
AC097532.2,-0.02575016,-19.993084,0.9794566152907125,1.0,0.0
AP002433.2,-0.02575016,-19.915487,0.9794566152907125,1.0,0.0
AC006372.1,-0.02575016,-20.214352,0.9794566152907125,1.0,0.0
RASA4B,-0.02575016,-20.04497,0.9794566152907125,1.0,0.0
UPK2,-0.02575016,-20.055452,0.9794566152907125,1.0,0.0
AL117328.2,-0.02575016,-19.753014,0.9794566152907125,1.0,0.0
MAGI1-IT1,-0.02575016,-19.91571,0.9794566152907125,1.0,0.0
AL358780.1,-0.02575016,-19.813463,0.9794566152907125,1.0,0.0
AC002066.1,-0.02575016,-19.801102,0.9794566152907125,1.0,0.0
PDE6G,-0.02575016,-20.17278,0.9794566152907125,1.0,0.0
AC106872.12,-0.02575016,-20.102058,0.9794566152907125,1.0,0.0
C8G,-0.02575016,-19.876232,0.9794566152907125,1.0,0.0
AC073529.1,-0.02575016,-19.85952,0.9794566152907125,1.0,0.0
AC091736.1,-0.02575016,-20.02156,0.9794566152907125,1.0,0.0
AC010519.1,-0.02575016,-19.940855,0.9794566152907125,1.0,0.0
MAPK8IP2,-0.02575016,-20.07638,0.9794566152907125,1.0,0.0
AC105760.1,-0.02575016,-19.975525,0.9794566152907125,1.0,0.0
KLK1,-0.02575016,-19.75865,0.9794566152907125,1.0,0.0
AC006160.1,-0.02575016,-20.165018,0.9794566152907125,1.0,0.0
FRMPD3,-0.02575016,-20.01209,0.9794566152907125,1.0,0.0
BOC,-0.02575016,-19.76713,0.9794566152907125,1.0,0.0
AC010976.1,-0.02575016,-20.029697,0.9794566152907125,1.0,0.0
MYO7B,-0.02575016,-20.082518,0.9794566152907125,1.0,0.0
AC024361.1,-0.02575016,-20.045437,0.9794566152907125,1.0,0.0
AC019257.9,-0.02575016,-19.985256,0.9794566152907125,1.0,0.0
KANK4,-0.02575016,-19.936049,0.9794566152907125,1.0,0.0
AC010332.3,-0.02575016,-19.852863,0.9794566152907125,1.0,0.0
LINC02630,-0.02575016,-19.955349,0.9794566152907125,1.0,0.0
AC137936.1,-0.02575016,-19.887413,0.9794566152907125,1.0,0.0
BMPER,-0.02575016,-19.915848,0.9794566152907125,1.0,0.0
NRIP2,-0.02575016,-20.013235,0.9794566152907125,1.0,0.0
DENND6A-AS1,-0.02575016,-20.000914,0.9794566152907125,1.0,0.0
AP003680.1,-0.02575016,-20.075182,0.9794566152907125,1.0,0.0
AC005865.2,-0.02575016,-19.905258,0.9794566152907125,1.0,0.0
FLG2,-0.02575016,-19.931103,0.9794566152907125,1.0,0.0
ASB14,-0.02575016,-19.873642,0.9794566152907125,1.0,0.0
AL645608.2,-0.02575016,-20.204443,0.9794566152907125,1.0,0.0
SPATA12,-0.02575016,-19.792603,0.9794566152907125,1.0,0.0
AC037459.3,-0.02575016,-19.824106,0.9794566152907125,1.0,0.0
SPDYE1,-0.02575016,-20.090578,0.9794566152907125,1.0,0.0
AC245884.10,-0.02575016,-20.020945,0.9794566152907125,1.0,0.0
AL590652.1,-0.02575016,-19.971106,0.9794566152907125,1.0,0.0
SCNN1A,-0.02575016,-20.06933,0.9794566152907125,1.0,0.0
AL158151.4,-0.02575016,-19.975552,0.9794566152907125,1.0,0.0
IL2RB,-0.02575016,-19.682882,0.9794566152907125,1.0,0.0
AF131216.4,-0.02575016,-19.940346,0.9794566152907125,1.0,0.0
AC005911.1,-0.02575016,-19.832092,0.9794566152907125,1.0,0.0
AC004884.2,-0.02575016,-19.809889,0.9794566152907125,1.0,0.0
ART3,-0.02575016,-19.821405,0.9794566152907125,1.0,0.0
KYNU,-0.02575016,-19.959618,0.9794566152907125,1.0,0.0
AC007922.2,-0.02575016,-19.824509,0.9794566152907125,1.0,0.0
CALML3-AS1,-0.02575016,-20.041395,0.9794566152907125,1.0,0.0
CBLB,-0.025818283,-0.099399224,0.9794022797708494,1.0,0.08333333333333333
ATL1,-0.025852343,0.044315405,0.9793751120467389,1.0,0.011904761904761904
TMEM167A,-0.025920466,-0.023386747,0.9793207766703178,1.0,0.5595238095238095
SMIM1,-0.025954526,-0.20300971,0.97929360901807,1.0,0.023809523809523808
XPO4,-0.025988588,0.08074339,0.9792664413898396,1.0,0.13095238095238096
ORC2,-0.026090771,0.11770834,0.9791849386495667,1.0,0.15476190476190477
TMEM254,-0.026295137,0.02673512,0.9790219338217385,1.0,0.09523809523809523
AL136169.1,-0.026329197,-0.118665405,0.9789947664354128,1.0,0.011904761904761904
KANK1,-0.02636326,0.026973851,0.9789675990734509,1.0,0.09523809523809523
AC008608.2,-0.026431382,-0.40681762,0.9789132644227441,1.0,0.023809523809523808
ERMAP,-0.026567625,-0.09197195,0.9788045954150808,1.0,0.047619047619047616
IQCC,-0.026771992,-0.22648452,0.9786415926417413,1.0,0.011904761904761904
SNF8,-0.026840113,0.020160535,0.9785872585818108,1.0,0.47619047619047616
DUSP7,-0.026840113,-0.14037359,0.9785872585818108,1.0,0.08333333333333333
LTA4H,-0.026908236,0.03604161,0.9785329246212249,1.0,0.42857142857142855
RAB3A,-0.027010418,-0.2809519,0.9784514238671683,1.0,0.011904761904761904
GDE1,-0.027078541,0.039450485,0.9783970901560461,1.0,0.2619047619047619
ATRN,-0.027112601,0.13855475,0.9783699233380543,1.0,0.20238095238095238
DUSP12,-0.027180724,0.021234032,0.9783155897773663,1.0,0.11904761904761904
GSDMB,-0.027214786,-0.45042145,0.9782884230347333,1.0,0.011904761904761904
ZFYVE26,-0.02735103,-0.11383512,0.9781797563163419,1.0,0.03571428571428571
AC021752.1,-0.027487274,-0.49137542,0.9780710900028875,1.0,0.011904761904761904
SNHG30,-0.027589457,-0.25006562,0.9779895905347492,1.0,0.10714285714285714
RHBDL1,-0.027589457,0.32931754,0.9779895905347492,1.0,0.011904761904761904
AC092620.1,-0.027589457,0.38292933,0.9779895905347492,1.0,0.011904761904761904
RNF112,-0.027759762,-0.5484511,0.9778537585988525,1.0,0.011904761904761904
IZUMO4,-0.027793823,0.36827037,0.9778265922886066,1.0,0.011904761904761904
AC073957.3,-0.02803225,-0.45817918,0.9776364288387526,1.0,0.011904761904761904
PEAR1,-0.02803225,-0.07668633,0.9776364288387526,1.0,0.21428571428571427
CFAP410,-0.028066311,-0.06216462,0.9776092627351324,1.0,0.05952380952380952
AC007620.2,-0.028066311,0.19824353,0.9776092627351324,1.0,0.011904761904761904
BUD13,-0.028100373,0.09563005,0.9775820966574821,1.0,0.08333333333333333
AC108673.3,-0.028202556,-0.07901261,0.9775005985806656,1.0,0.023809523809523808
TSC22D1,-0.028236616,0.026019089,0.97747343260721,1.0,0.5833333333333334
AKIRIN2,-0.028270679,-0.045871433,0.9774462666598817,1.0,0.34523809523809523
ICOSLG,-0.028304739,-0.5267847,0.9774191007387122,1.0,0.011904761904761904
ZC3H12C,-0.028475044,-0.23455249,0.9772832715263502,1.0,0.047619047619047616
H1FX,-0.028509106,-0.023788784,0.9772561057627953,1.0,0.5119047619047619
ANKRD10-IT1,-0.028577227,-0.25757518,0.977201774314855,1.0,0.03571428571428571
LERFS,-0.02861129,-20.264368,0.9771746086305325,1.0,0.0
PRELP,-0.02861129,-20.100925,0.9771746086305325,1.0,0.0
IGKV1OR-3,-0.02861129,-20.296242,0.9771746086305325,1.0,0.0
AC009269.4,-0.02861129,-19.932419,0.9771746086305325,1.0,0.0
AC025175.1,-0.02861129,-20.256214,0.9771746086305325,1.0,0.0
AL391095.3,-0.02861129,-19.935534,0.9771746086305325,1.0,0.0
BX649632.1,-0.02861129,-19.939163,0.9771746086305325,1.0,0.0
HMGA1P4,-0.02861129,-20.094398,0.9771746086305325,1.0,0.0
LINC02332,-0.02861129,-20.368025,0.9771746086305325,1.0,0.0
LINC01222,-0.02861129,-20.068329,0.9771746086305325,1.0,0.0
AL356481.2,-0.02861129,-19.995876,0.9771746086305325,1.0,0.0
LINC02273,-0.02861129,-19.998007,0.9771746086305325,1.0,0.0
AL355075.3,-0.02861129,-20.213667,0.9771746086305325,1.0,0.0
MEI4,-0.02861129,-19.991907,0.9771746086305325,1.0,0.0
AC133528.1,-0.02861129,-20.034624,0.9771746086305325,1.0,0.0
AC084855.2,-0.02861129,-20.024363,0.9771746086305325,1.0,0.0
BX005266.2,-0.02861129,-20.042633,0.9771746086305325,1.0,0.0
ZNF667,-0.02861129,-19.880503,0.9771746086305325,1.0,0.0
AC007684.2,-0.02861129,-20.228931,0.9771746086305325,1.0,0.0
AC022150.2,-0.02861129,-19.944302,0.9771746086305325,1.0,0.0
AL117327.1,-0.02861129,-20.204681,0.9771746086305325,1.0,0.0
AC096733.2,-0.02861129,-20.04168,0.9771746086305325,1.0,0.0
AC064799.2,-0.02861129,-20.318792,0.9771746086305325,1.0,0.0
FAM225A,-0.02861129,-20.118994,0.9771746086305325,1.0,0.0
EPB41L4B,-0.02861129,-20.301174,0.9771746086305325,1.0,0.0
ZNF350-AS1,-0.02861129,-20.332539,0.9771746086305325,1.0,0.0
OXTR,-0.02861129,-20.029482,0.9771746086305325,1.0,0.0
AC021148.2,-0.02861129,-19.888668,0.9771746086305325,1.0,0.0
MIR663AHG,-0.02861129,-20.111828,0.9771746086305325,1.0,0.0
AC015712.7,-0.02861129,-20.018211,0.9771746086305325,1.0,0.0
AC018682.1,-0.02861129,-20.020304,0.9771746086305325,1.0,0.0
HM13-AS1,-0.02861129,-19.984383,0.9771746086305325,1.0,0.0
AL356020.1,-0.02861129,-20.070738,0.9771746086305325,1.0,0.0
SIGLEC10,-0.02861129,-20.190994,0.9771746086305325,1.0,0.0
AL158801.2,-0.02861129,-20.39191,0.9771746086305325,1.0,0.0
AC092718.2,-0.02861129,-19.862307,0.9771746086305325,1.0,0.0
AC008676.1,-0.02861129,-19.90535,0.9771746086305325,1.0,0.0
ZBP1,-0.02861129,-19.896875,0.9771746086305325,1.0,0.0
AC010809.1,-0.02861129,-20.119503,0.9771746086305325,1.0,0.0
LINC01277,-0.02861129,-20.248129,0.9771746086305325,1.0,0.0
AL137127.1,-0.02861129,-19.915016,0.9771746086305325,1.0,0.0
EXD1,-0.02861129,-20.273079,0.9771746086305325,1.0,0.0
AKR7A3,-0.02861129,-20.007153,0.9771746086305325,1.0,0.0
DENND6A-DT,-0.02861129,-20.020943,0.9771746086305325,1.0,0.0
DNAH12,-0.02861129,-20.135555,0.9771746086305325,1.0,0.0
AC023908.1,-0.02861129,-20.023031,0.9771746086305325,1.0,0.0
AC018563.1,-0.02861129,-20.042885,0.9771746086305325,1.0,0.0
AL031005.2,-0.02861129,-20.010439,0.9771746086305325,1.0,0.0
Z80897.1,-0.02861129,-20.344364,0.9771746086305325,1.0,0.0
AC103957.2,-0.02861129,-19.94121,0.9771746086305325,1.0,0.0
FO393418.1,-0.02861129,-20.048004,0.9771746086305325,1.0,0.0
AC091057.2,-0.02861129,-20.196358,0.9771746086305325,1.0,0.0
ITIH4,-0.02861129,-20.139854,0.9771746086305325,1.0,0.0
KCNU1,-0.02861129,-19.951168,0.9771746086305325,1.0,0.0
AL078590.2,-0.02861129,-20.096745,0.9771746086305325,1.0,0.0
CNR2,-0.02861129,-20.025558,0.9771746086305325,1.0,0.0
NDST1-AS1,-0.02861129,-20.079727,0.9771746086305325,1.0,0.0
SIDT1,-0.02861129,-19.854548,0.9771746086305325,1.0,0.0
CXXC4-AS1,-0.02861129,-19.87562,0.9771746086305325,1.0,0.0
AC120498.9,-0.02861129,-20.143734,0.9771746086305325,1.0,0.0
EMP2,-0.02861129,-20.184286,0.9771746086305325,1.0,0.0
CORIN,-0.02861129,-20.273878,0.9771746086305325,1.0,0.0
FSCN3,-0.02861129,-20.277363,0.9771746086305325,1.0,0.0
RERE-AS1,-0.02861129,-20.277224,0.9771746086305325,1.0,0.0
AC005363.2,-0.02861129,-20.31448,0.9771746086305325,1.0,0.0
TMEM225B,-0.02861129,-19.923084,0.9771746086305325,1.0,0.0
TRIM17,-0.02861129,-20.449102,0.9771746086305325,1.0,0.0
USP27X-AS1,-0.02861129,-20.173683,0.9771746086305325,1.0,0.0
DNASE1L2,-0.02861129,-20.021688,0.9771746086305325,1.0,0.0
AC006329.1,-0.02861129,-19.844402,0.9771746086305325,1.0,0.0
AC115618.1,-0.02861129,-20.068626,0.9771746086305325,1.0,0.0
LINC00973,-0.02861129,-20.029861,0.9771746086305325,1.0,0.0
ZNF717,-0.02861129,-20.064697,0.9771746086305325,1.0,0.0
GTSE1-DT,-0.02861129,-20.271643,0.9771746086305325,1.0,0.0
CITED1,-0.02861129,-20.177752,0.9771746086305325,1.0,0.0
AC022306.3,-0.02861129,-20.268612,0.9771746086305325,1.0,0.0
SLC25A34,-0.02861129,-20.00982,0.9771746086305325,1.0,0.0
STEAP4,-0.02861129,-20.105995,0.9771746086305325,1.0,0.0
LINC02042,-0.02861129,-19.855087,0.9771746086305325,1.0,0.0
SSPO,-0.02861129,-20.190035,0.9771746086305325,1.0,0.0
AC025043.1,-0.02861129,-19.922688,0.9771746086305325,1.0,0.0
AL117329.1,-0.02861129,-20.239864,0.9771746086305325,1.0,0.0
STK32A,-0.02861129,-20.077549,0.9771746086305325,1.0,0.0
GOLGA8S,-0.02861129,-20.246408,0.9771746086305325,1.0,0.0
AL031432.3,-0.02861129,-20.192932,0.9771746086305325,1.0,0.0
AL121917.1,-0.02861129,-20.184193,0.9771746086305325,1.0,0.0
EPPK1,-0.02861129,-20.359652,0.9771746086305325,1.0,0.0
CALHM6,-0.02861129,-20.014132,0.9771746086305325,1.0,0.0
AP005717.1,-0.02861129,-20.06309,0.9771746086305325,1.0,0.0
AL357141.1,-0.02861129,-19.993795,0.9771746086305325,1.0,0.0
BRWD1-AS2,-0.02861129,-19.939602,0.9771746086305325,1.0,0.0
AC007608.3,-0.02861129,-20.122803,0.9771746086305325,1.0,0.0
AP001407.1,-0.02861129,-20.299967,0.9771746086305325,1.0,0.0
ADGRF3,-0.02861129,-20.142273,0.9771746086305325,1.0,0.0
CCN6,-0.02861129,-19.957323,0.9771746086305325,1.0,0.0
ADAMTS5,-0.02861129,-20.169132,0.9771746086305325,1.0,0.0
DCDC2B,-0.02861129,-20.235235,0.9771746086305325,1.0,0.0
TRAPPC3L,-0.02861129,-19.938835,0.9771746086305325,1.0,0.0
FOXH1,-0.02861129,-20.228432,0.9771746086305325,1.0,0.0
ADGRG3,-0.02861129,-20.102335,0.9771746086305325,1.0,0.0
EREG,-0.02861129,-20.09457,0.9771746086305325,1.0,0.0
JADRR,-0.02861129,-20.128437,0.9771746086305325,1.0,0.0
PTPRD-AS1,-0.02861129,-19.770517,0.9771746086305325,1.0,0.0
OGFR-AS1,-0.02861129,-20.056885,0.9771746086305325,1.0,0.0
AL135978.2,-0.02861129,-20.42152,0.9771746086305325,1.0,0.0
MIR646HG,-0.02861129,-20.225962,0.9771746086305325,1.0,0.0
AC004865.2,-0.02861129,-20.207655,0.9771746086305325,1.0,0.0
KCNK13,-0.02861129,-19.85169,0.9771746086305325,1.0,0.0
AP001631.2,-0.02861129,-19.778078,0.9771746086305325,1.0,0.0
LINC01299,-0.02861129,-19.806978,0.9771746086305325,1.0,0.0
CA3,-0.02861129,-20.257244,0.9771746086305325,1.0,0.0
DNAJC5B,-0.02861129,-19.999533,0.9771746086305325,1.0,0.0
LINC00637,-0.02861129,-20.301226,0.9771746086305325,1.0,0.0
AL356124.2,-0.02861129,-20.056551,0.9771746086305325,1.0,0.0
CRYBB3,-0.02861129,-20.179537,0.9771746086305325,1.0,0.0
SPN,-0.02861129,-19.908543,0.9771746086305325,1.0,0.0
AC011337.1,-0.02861129,-20.314083,0.9771746086305325,1.0,0.0
CD2BP2-DT,-0.02861129,-20.018805,0.9771746086305325,1.0,0.0
AMN,-0.02861129,-20.185453,0.9771746086305325,1.0,0.0
CA1,-0.02861129,-20.295565,0.9771746086305325,1.0,0.0
AL137779.1,-0.02861129,-20.247854,0.9771746086305325,1.0,0.0
RIMS2,-0.02861129,-19.906782,0.9771746086305325,1.0,0.0
AC079145.1,-0.02861129,-19.999174,0.9771746086305325,1.0,0.0
C8orf37-AS1,-0.02861129,-20.069942,0.9771746086305325,1.0,0.0
AP003548.1,-0.02861129,-20.22228,0.9771746086305325,1.0,0.0
AC016027.1,-0.02861129,-19.973598,0.9771746086305325,1.0,0.0
AC135050.3,-0.02861129,-19.862888,0.9771746086305325,1.0,0.0
FAM181A-AS1,-0.02861129,-20.280756,0.9771746086305325,1.0,0.0
AP001062.1,-0.02861129,-19.995327,0.9771746086305325,1.0,0.0
AL022341.2,-0.02861129,-19.979395,0.9771746086305325,1.0,0.0
FGFR3,-0.02861129,-19.868341,0.9771746086305325,1.0,0.0
AL442067.3,-0.02861129,-20.10411,0.9771746086305325,1.0,0.0
TBILA,-0.02861129,-20.062485,0.9771746086305325,1.0,0.0
AC091564.5,-0.02861129,-20.214499,0.9771746086305325,1.0,0.0
AC074008.1,-0.02861129,-20.065926,0.9771746086305325,1.0,0.0
AC098829.1,-0.02861129,-20.441292,0.9771746086305325,1.0,0.0
LINC02852,-0.02861129,-20.006021,0.9771746086305325,1.0,0.0
MYOSLID,-0.02861129,-20.242779,0.9771746086305325,1.0,0.0
JMY,-0.02861129,-20.109295,0.9771746086305325,1.0,0.0
AL158212.5,-0.02861129,-20.069353,0.9771746086305325,1.0,0.0
AC004801.6,-0.02861129,-20.166208,0.9771746086305325,1.0,0.0
AC087683.2,-0.02861129,-20.195759,0.9771746086305325,1.0,0.0
LINC01816,-0.02861129,-20.035816,0.9771746086305325,1.0,0.0
DMBT1,-0.02861129,-20.031965,0.9771746086305325,1.0,0.0
AC008894.2,-0.02861129,-20.140476,0.9771746086305325,1.0,0.0
FMO1,-0.02861129,-20.176805,0.9771746086305325,1.0,0.0
AC090241.2,-0.02861129,-20.068935,0.9771746086305325,1.0,0.0
OR10H5,-0.02861129,-20.110275,0.9771746086305325,1.0,0.0
PCDHA10,-0.02861129,-19.941725,0.9771746086305325,1.0,0.0
AC007952.6,-0.02861129,-20.171827,0.9771746086305325,1.0,0.0
AC007786.1,-0.02861129,-19.908436,0.9771746086305325,1.0,0.0
NR4A2,-0.02861129,-20.240822,0.9771746086305325,1.0,0.0
FAM245A,-0.02861129,-20.068138,0.9771746086305325,1.0,0.0
AC007365.1,-0.02861129,-19.950993,0.9771746086305325,1.0,0.0
AC135803.1,-0.02861129,-20.166986,0.9771746086305325,1.0,0.0
AC007389.1,-0.02861129,-19.865072,0.9771746086305325,1.0,0.0
LRFN1,-0.02861129,-20.013632,0.9771746086305325,1.0,0.0
AL359921.1,-0.02861129,-20.185703,0.9771746086305325,1.0,0.0
NUTM2D,-0.02861129,-20.079166,0.9771746086305325,1.0,0.0
ZNF568,-0.02861129,-19.974289,0.9771746086305325,1.0,0.0
AC004466.1,-0.02861129,-20.25934,0.9771746086305325,1.0,0.0
CFAP300,-0.02861129,-19.937876,0.9771746086305325,1.0,0.0
DISC1FP1,-0.02861129,-20.31697,0.9771746086305325,1.0,0.0
LGI1,-0.02861129,-20.137394,0.9771746086305325,1.0,0.0
LINC01915,-0.02861129,-20.010517,0.9771746086305325,1.0,0.0
AC104472.5,-0.02861129,-20.164581,0.9771746086305325,1.0,0.0
AC145423.2,-0.02861129,-19.921474,0.9771746086305325,1.0,0.0
AC005726.4,-0.02861129,-19.982643,0.9771746086305325,1.0,0.0
AC091488.1,-0.02861129,-20.071688,0.9771746086305325,1.0,0.0
AC100832.2,-0.02861129,-20.139479,0.9771746086305325,1.0,0.0
FMR1-IT1,-0.02861129,-19.987896,0.9771746086305325,1.0,0.0
ATOH8,-0.02861129,-19.67629,0.9771746086305325,1.0,0.0
AC124068.2,-0.02861129,-19.939167,0.9771746086305325,1.0,0.0
AC010680.4,-0.02861129,-20.209318,0.9771746086305325,1.0,0.0
AC003093.1,-0.02861129,-20.091974,0.9771746086305325,1.0,0.0
AC105916.1,-0.02861129,-20.131319,0.9771746086305325,1.0,0.0
AC011498.1,-0.02861129,-20.091948,0.9771746086305325,1.0,0.0
LINC02056,-0.02861129,-20.254375,0.9771746086305325,1.0,0.0
AOC2,-0.02861129,-20.114822,0.9771746086305325,1.0,0.0
PLGLB1,-0.02861129,-20.26357,0.9771746086305325,1.0,0.0
AC026624.1,-0.02861129,-20.2162,0.9771746086305325,1.0,0.0
AC004221.1,-0.02861129,-20.364891,0.9771746086305325,1.0,0.0
LINC02082,-0.02861129,-19.969713,0.9771746086305325,1.0,0.0
CCDC73,-0.02861129,-20.21376,0.9771746086305325,1.0,0.0
TSBP1-AS1,-0.02861129,-20.398302,0.9771746086305325,1.0,0.0
C3,-0.02861129,-20.095018,0.9771746086305325,1.0,0.0
FAM72C,-0.02861129,-20.00025,0.9771746086305325,1.0,0.0
ACACB,-0.02861129,-20.197315,0.9771746086305325,1.0,0.0
LRRC56,-0.02861129,-19.850481,0.9771746086305325,1.0,0.0
TTC23L,-0.02861129,-20.047476,0.9771746086305325,1.0,0.0
AC004923.4,-0.02861129,-19.991934,0.9771746086305325,1.0,0.0
NRN1,-0.02861129,-19.985893,0.9771746086305325,1.0,0.0
MIR122HG,-0.02861129,-20.02133,0.9771746086305325,1.0,0.0
AC007279.2,-0.02861129,-20.254324,0.9771746086305325,1.0,0.0
LSINCT5,-0.02861129,-20.05807,0.9771746086305325,1.0,0.0
TTC21B-AS1,-0.02861129,-19.949757,0.9771746086305325,1.0,0.0
ALX3,-0.02861129,-19.933628,0.9771746086305325,1.0,0.0
AC245014.3,-0.02861129,-20.111382,0.9771746086305325,1.0,0.0
NCKAP1L,-0.02861129,-20.26821,0.9771746086305325,1.0,0.0
AP001453.1,-0.02861129,-20.101091,0.9771746086305325,1.0,0.0
AC009704.3,-0.02861129,-20.185581,0.9771746086305325,1.0,0.0
SLC22A18AS,-0.02861129,-20.082952,0.9771746086305325,1.0,0.0
ANGPTL8,-0.02861129,-20.256712,0.9771746086305325,1.0,0.0
L3MBTL4,-0.02861129,-20.121454,0.9771746086305325,1.0,0.0
AC021851.2,-0.02861129,-19.970154,0.9771746086305325,1.0,0.0
AC027601.1,-0.02861129,-20.011356,0.9771746086305325,1.0,0.0
AC135178.2,-0.02861129,-20.023422,0.9771746086305325,1.0,0.0
AC107294.2,-0.02861129,-19.976067,0.9771746086305325,1.0,0.0
AC099661.1,-0.02861129,-19.963314,0.9771746086305325,1.0,0.0
HIST1H2BF,-0.02861129,-20.16031,0.9771746086305325,1.0,0.0
AC022126.1,-0.02861129,-20.00873,0.9771746086305325,1.0,0.0
CGN,-0.02861129,-20.206678,0.9771746086305325,1.0,0.0
LYPD3,-0.02861129,-19.892689,0.9771746086305325,1.0,0.0
AL513320.1,-0.02861129,-20.00163,0.9771746086305325,1.0,0.0
SCN3B,-0.02861129,-19.921337,0.9771746086305325,1.0,0.0
AC005332.2,-0.02861129,-20.099756,0.9771746086305325,1.0,0.0
AL158167.1,-0.02861129,-19.90067,0.9771746086305325,1.0,0.0
AC004771.4,-0.02861129,-20.344442,0.9771746086305325,1.0,0.0
RGPD8,-0.02861129,-20.064322,0.9771746086305325,1.0,0.0
LINC02334,-0.02861129,-20.05125,0.9771746086305325,1.0,0.0
HIST1H2AD,-0.02861129,-19.904793,0.9771746086305325,1.0,0.0
LINC02275,-0.02861129,-20.04473,0.9771746086305325,1.0,0.0
AC011317.1,-0.02861129,-20.2377,0.9771746086305325,1.0,0.0
AL662890.1,-0.02861129,-19.932352,0.9771746086305325,1.0,0.0
ARGFX,-0.02861129,-20.091026,0.9771746086305325,1.0,0.0
AP000894.4,-0.02861129,-19.967695,0.9771746086305325,1.0,0.0
AC005696.4,-0.02861129,-20.094906,0.9771746086305325,1.0,0.0
FADS6,-0.02861129,-19.940857,0.9771746086305325,1.0,0.0
EDNRB-AS1,-0.02861129,-20.258135,0.9771746086305325,1.0,0.0
TAS2R10,-0.02861129,-20.319473,0.9771746086305325,1.0,0.0
AP000845.1,-0.02861129,-19.962786,0.9771746086305325,1.0,0.0
AC005224.2,-0.02861129,-20.140074,0.9771746086305325,1.0,0.0
TNK1,-0.02861129,-20.128386,0.9771746086305325,1.0,0.0
AC132872.3,-0.02861129,-20.14978,0.9771746086305325,1.0,0.0
AC016168.4,-0.02861129,-20.03994,0.9771746086305325,1.0,0.0
IL6R-AS1,-0.02861129,-20.152369,0.9771746086305325,1.0,0.0
BTNL9,-0.02861129,-20.108175,0.9771746086305325,1.0,0.0
ZNF233,-0.02861129,-20.092848,0.9771746086305325,1.0,0.0
AC011481.1,-0.02861129,-20.180613,0.9771746086305325,1.0,0.0
AL117332.1,-0.02864535,-0.5810898,0.9771474429726837,1.0,0.011904761904761904
AL136171.2,-0.028747533,-0.06352374,0.9770659461582952,1.0,0.011904761904761904
KHK,-0.029054083,-0.7819756,0.9768214571549168,1.0,0.011904761904761904
KCNK15-AS1,-0.029088143,-0.18416058,0.9767942918440927,1.0,0.023809523809523808
SLC24A1,-0.029156266,-0.30570754,0.9767399613032203,1.0,0.07142857142857142
TAF6,-0.029258449,0.18596882,0.9766584656943225,1.0,0.21428571428571427
AL391988.1,-0.029360631,-0.18712297,0.9765769703290735,1.0,0.011904761904761904
PRDM8,-0.029428754,0.34838983,0.9765226402213545,1.0,0.023809523809523808
LAMTOR3,-0.029667182,0.0067639584,0.976332485703721,1.0,0.21428571428571427
ARHGAP23,-0.029701242,0.00096577284,0.9763053208821785,1.0,0.2261904761904762
ZNF79,-0.029769365,-0.25759777,0.976250991321569,1.0,0.011904761904761904
DNAH5,-0.029871548,-0.4478141,0.9761694971873167,1.0,0.05952380952380952
MED9,-0.02997373,-0.45442155,0.9760880033018142,1.0,0.03571428571428571
ANK2,-0.030416524,-0.26936647,0.9757348660264852,1.0,0.03571428571428571
TSC22D1-AS1,-0.030450586,-0.41642714,0.9757077018168075,1.0,0.011904761904761904
VLDLR-AS1,-0.03055277,0.43613553,0.9756262093569457,1.0,0.011904761904761904
ST5,-0.030620892,-0.19439943,0.9755718811916615,1.0,0.05952380952380952
MTRNR2L8,-0.030620892,0.0116728535,0.9755718811916615,1.0,0.5357142857142857
PRDM11,-0.030654952,-0.52559227,0.975544717151501,1.0,0.011904761904761904
COPS9,-0.030723074,0.021626988,0.9754903891563007,1.0,0.9166666666666666
NRP2,-0.03085932,0.016021686,0.9753817335072642,1.0,0.8809523809523809
IDH3A,-0.030995563,-0.045854438,0.9752730783150589,1.0,0.19047619047619047
GGA1,-0.031063685,-0.08773422,0.9752187508908978,1.0,0.14285714285714285
C4orf46,-0.031165868,-0.56672055,0.9751372599702912,1.0,0.03571428571428571
RBPMS2,-0.031404294,-0.663831,0.9749471154995808,1.0,0.023809523809523808
ADAM11,-0.03147242,-20.320015,0.9748927887689783,1.0,0.0
AC009779.5,-0.03147242,-20.483902,0.9748927887689783,1.0,0.0
LINC01191,-0.03147242,-20.11038,0.9748927887689783,1.0,0.0
AC137630.1,-0.03147242,-20.507435,0.9748927887689783,1.0,0.0
AC138904.3,-0.03147242,-20.278605,0.9748927887689783,1.0,0.0
AC093426.1,-0.03147242,-20.146955,0.9748927887689783,1.0,0.0
AC062029.1,-0.03147242,-20.379816,0.9748927887689783,1.0,0.0
AL360169.2,-0.03147242,-20.235926,0.9748927887689783,1.0,0.0
RRH,-0.03147242,-20.35806,0.9748927887689783,1.0,0.0
VWA3B,-0.03147242,-20.187138,0.9748927887689783,1.0,0.0
HIST1H2AK,-0.03147242,-20.152271,0.9748927887689783,1.0,0.0
AC104806.2,-0.03147242,-19.912367,0.9748927887689783,1.0,0.0
AC092445.1,-0.03147242,-20.482082,0.9748927887689783,1.0,0.0
Z99916.3,-0.03147242,-20.21298,0.9748927887689783,1.0,0.0
AC078795.3,-0.03147242,-19.96329,0.9748927887689783,1.0,0.0
AC005740.5,-0.03147242,-20.155254,0.9748927887689783,1.0,0.0
AC078802.1,-0.03147242,-20.404747,0.9748927887689783,1.0,0.0
PRG2,-0.03147242,-20.219654,0.9748927887689783,1.0,0.0
AL450992.1,-0.03147242,-20.205053,0.9748927887689783,1.0,0.0
AC015819.1,-0.03147242,-20.08535,0.9748927887689783,1.0,0.0
FBXO24,-0.03147242,-20.106285,0.9748927887689783,1.0,0.0
AC124944.3,-0.03147242,-20.11822,0.9748927887689783,1.0,0.0
HIST2H3PS2,-0.03147242,-19.897278,0.9748927887689783,1.0,0.0
CCDC200,-0.03147242,-20.391289,0.9748927887689783,1.0,0.0
CA12,-0.03147242,-20.171003,0.9748927887689783,1.0,0.0
GIMAP5,-0.03147242,-19.888754,0.9748927887689783,1.0,0.0
P2RY6,-0.03147242,-20.336199,0.9748927887689783,1.0,0.0
FAM20A,-0.03147242,-20.22146,0.9748927887689783,1.0,0.0
ELFN1,-0.03147242,-20.077234,0.9748927887689783,1.0,0.0
CELF4,-0.03147242,-19.942635,0.9748927887689783,1.0,0.0
B4GALNT2,-0.03147242,-19.98563,0.9748927887689783,1.0,0.0
AQP4-AS1,-0.03147242,-20.303112,0.9748927887689783,1.0,0.0
AC037487.2,-0.03147242,-20.065823,0.9748927887689783,1.0,0.0
KIRREL1-IT1,-0.03147242,-20.431404,0.9748927887689783,1.0,0.0
AC008115.4,-0.03147242,-20.037092,0.9748927887689783,1.0,0.0
AC008115.3,-0.03147242,-20.03306,0.9748927887689783,1.0,0.0
DDX11-AS1,-0.03147242,-20.035765,0.9748927887689783,1.0,0.0
AC023983.1,-0.03147242,-20.377289,0.9748927887689783,1.0,0.0
ARHGEF35,-0.03147242,-20.398174,0.9748927887689783,1.0,0.0
AC132938.3,-0.03147242,-20.309353,0.9748927887689783,1.0,0.0
AL031432.1,-0.03147242,-20.079878,0.9748927887689783,1.0,0.0
AC099489.1,-0.03147242,-20.220192,0.9748927887689783,1.0,0.0
AC097478.1,-0.03147242,-20.45157,0.9748927887689783,1.0,0.0
AC022079.1,-0.03147242,-20.19016,0.9748927887689783,1.0,0.0
CCDC74A,-0.03147242,-20.18129,0.9748927887689783,1.0,0.0
HCG17,-0.03147242,-20.3065,0.9748927887689783,1.0,0.0
C11orf52,-0.03147242,-20.193691,0.9748927887689783,1.0,0.0
ACE,-0.03147242,-20.207312,0.9748927887689783,1.0,0.0
AP001020.1,-0.03147242,-20.503496,0.9748927887689783,1.0,0.0
BHLHE41,-0.03147242,-20.36515,0.9748927887689783,1.0,0.0
AP005899.1,-0.03147242,-20.28232,0.9748927887689783,1.0,0.0
AC084357.2,-0.03147242,-20.238058,0.9748927887689783,1.0,0.0
AC012360.2,-0.03147242,-20.018879,0.9748927887689783,1.0,0.0
AC022929.2,-0.03147242,-20.075872,0.9748927887689783,1.0,0.0
AL358852.1,-0.03147242,-20.144112,0.9748927887689783,1.0,0.0
ESR1,-0.03147242,-20.186361,0.9748927887689783,1.0,0.0
AC016596.1,-0.03147242,-20.330647,0.9748927887689783,1.0,0.0
AC079779.2,-0.03147242,-20.148079,0.9748927887689783,1.0,0.0
AC092171.2,-0.03147242,-20.252203,0.9748927887689783,1.0,0.0
AC003659.1,-0.03147242,-20.257786,0.9748927887689783,1.0,0.0
AC131011.1,-0.03147242,-19.960855,0.9748927887689783,1.0,0.0
AC027702.1,-0.03147242,-20.13081,0.9748927887689783,1.0,0.0
CFAP53,-0.03147242,-20.232632,0.9748927887689783,1.0,0.0
GIMAP8,-0.03147242,-20.26626,0.9748927887689783,1.0,0.0
AP003717.4,-0.03147242,-20.604115,0.9748927887689783,1.0,0.0
AC004477.3,-0.03147242,-20.248737,0.9748927887689783,1.0,0.0
AL732509.1,-0.03147242,-20.344267,0.9748927887689783,1.0,0.0
IL18R1,-0.03147242,-20.279673,0.9748927887689783,1.0,0.0
AP002026.1,-0.03147242,-20.528496,0.9748927887689783,1.0,0.0
GREB1,-0.03147242,-20.438656,0.9748927887689783,1.0,0.0
AP001992.2,-0.03147242,-20.238337,0.9748927887689783,1.0,0.0
AC083862.2,-0.03147242,-20.28545,0.9748927887689783,1.0,0.0
HLX-AS1,-0.03147242,-20.191765,0.9748927887689783,1.0,0.0
DMC1,-0.03147242,-20.177677,0.9748927887689783,1.0,0.0
AC234582.1,-0.03147242,-20.207848,0.9748927887689783,1.0,0.0
AC092574.1,-0.03147242,-20.326809,0.9748927887689783,1.0,0.0
AC025031.3,-0.03147242,-20.150042,0.9748927887689783,1.0,0.0
CELF2-DT,-0.03147242,-20.128288,0.9748927887689783,1.0,0.0
LINC01775,-0.03147242,-20.24415,0.9748927887689783,1.0,0.0
AL031768.1,-0.03147242,-20.052025,0.9748927887689783,1.0,0.0
RSPH9,-0.03147242,-20.385283,0.9748927887689783,1.0,0.0
CYP2B6,-0.03147242,-20.195898,0.9748927887689783,1.0,0.0
AL359644.1,-0.03147242,-20.269213,0.9748927887689783,1.0,0.0
AC011228.2,-0.03147242,-20.310772,0.9748927887689783,1.0,0.0
AL136531.1,-0.03147242,-20.124685,0.9748927887689783,1.0,0.0
SPTBN4,-0.03147242,-20.195717,0.9748927887689783,1.0,0.0
LINC01752,-0.03147242,-20.46231,0.9748927887689783,1.0,0.0
AL137796.1,-0.03147242,-20.30851,0.9748927887689783,1.0,0.0
AC093484.3,-0.03147242,-20.32487,0.9748927887689783,1.0,0.0
CPA3,-0.03147242,-20.310137,0.9748927887689783,1.0,0.0
AC009053.3,-0.03147242,-20.293552,0.9748927887689783,1.0,0.0
HYI-AS1,-0.03147242,-20.199503,0.9748927887689783,1.0,0.0
AL133477.2,-0.03147242,-20.10641,0.9748927887689783,1.0,0.0
AC027290.1,-0.03147242,-20.208477,0.9748927887689783,1.0,0.0
AC011443.1,-0.03147242,-20.20554,0.9748927887689783,1.0,0.0
ABHD12B,-0.03147242,-20.216393,0.9748927887689783,1.0,0.0
MYO15A,-0.03147242,-20.247023,0.9748927887689783,1.0,0.0
Z98886.1,-0.03147242,-20.216099,0.9748927887689783,1.0,0.0
AC092295.2,-0.03147242,-20.55249,0.9748927887689783,1.0,0.0
CDK20,-0.03147242,-20.05648,0.9748927887689783,1.0,0.0
AC002116.2,-0.03147242,-20.169111,0.9748927887689783,1.0,0.0
AC112512.1,-0.03147242,-20.30674,0.9748927887689783,1.0,0.0
AC009032.1,-0.03147242,-19.982765,0.9748927887689783,1.0,0.0
CNNM1,-0.03147242,-20.308052,0.9748927887689783,1.0,0.0
AC117503.1,-0.03147242,-20.484999,0.9748927887689783,1.0,0.0
PABPC4-AS1,-0.03147242,-20.327766,0.9748927887689783,1.0,0.0
C7orf65,-0.03147242,-20.149673,0.9748927887689783,1.0,0.0
AL096870.6,-0.03147242,-19.976778,0.9748927887689783,1.0,0.0
TGM1,-0.03147242,-20.403505,0.9748927887689783,1.0,0.0
AC095055.1,-0.03147242,-20.298641,0.9748927887689783,1.0,0.0
AC096741.1,-0.03147242,-20.32194,0.9748927887689783,1.0,0.0
C2orf73,-0.03147242,-20.43005,0.9748927887689783,1.0,0.0
SPAG6,-0.03147242,-20.15014,0.9748927887689783,1.0,0.0
PCDHB6,-0.03147242,-20.465189,0.9748927887689783,1.0,0.0
AC135457.1,-0.03147242,-20.427761,0.9748927887689783,1.0,0.0
SIGLEC11,-0.03147242,-20.272274,0.9748927887689783,1.0,0.0
VPS9D1,-0.03147242,-0.6219629,0.9748927887689783,1.0,0.023809523809523808
CCL20,-0.03147242,-20.193487,0.9748927887689783,1.0,0.0
AL157762.1,-0.03147242,-20.193808,0.9748927887689783,1.0,0.0
AC092120.3,-0.03147242,-20.356585,0.9748927887689783,1.0,0.0
RB1-DT,-0.03147242,-20.266068,0.9748927887689783,1.0,0.0
NRAD1,-0.03147242,-20.256445,0.9748927887689783,1.0,0.0
CEL,-0.03147242,-19.953196,0.9748927887689783,1.0,0.0
AL354696.1,-0.03147242,-20.387022,0.9748927887689783,1.0,0.0
RIMS1,-0.03147242,-20.194473,0.9748927887689783,1.0,0.0
LINC01134,-0.03147242,-20.537884,0.9748927887689783,1.0,0.0
AC104758.2,-0.03147242,-20.109474,0.9748927887689783,1.0,0.0
FHDC1,-0.03147242,-20.199724,0.9748927887689783,1.0,0.0
LINC01340,-0.03147242,-20.030476,0.9748927887689783,1.0,0.0
LINC02234,-0.03147242,-20.209135,0.9748927887689783,1.0,0.0
RAB9B,-0.03147242,-20.33802,0.9748927887689783,1.0,0.0
FGF11,-0.03147242,-20.093435,0.9748927887689783,1.0,0.0
THTPA,-0.03147242,-20.139814,0.9748927887689783,1.0,0.0
SHBG,-0.03147242,-20.353275,0.9748927887689783,1.0,0.0
AC113383.1,-0.03147242,-20.151716,0.9748927887689783,1.0,0.0
AL160163.1,-0.03147242,-20.228025,0.9748927887689783,1.0,0.0
THSD4-AS1,-0.03147242,-20.446856,0.9748927887689783,1.0,0.0
FOXD4L5,-0.03147242,-20.154978,0.9748927887689783,1.0,0.0
ARHGEF6,-0.03147242,-20.22513,0.9748927887689783,1.0,0.0
MAPK13,-0.03147242,-20.170834,0.9748927887689783,1.0,0.0
AL360181.2,-0.03147242,-20.049715,0.9748927887689783,1.0,0.0
AP000223.1,-0.03147242,-20.198698,0.9748927887689783,1.0,0.0
JAM2,-0.03147242,-20.296362,0.9748927887689783,1.0,0.0
AC092140.2,-0.03147242,-20.30145,0.9748927887689783,1.0,0.0
AC005034.6,-0.03147242,-20.128447,0.9748927887689783,1.0,0.0
CEND1,-0.03147242,-20.168959,0.9748927887689783,1.0,0.0
PCDHA7,-0.03147242,-20.168116,0.9748927887689783,1.0,0.0
CD81-AS1,-0.03147242,-20.193295,0.9748927887689783,1.0,0.0
SEMA6A-AS1,-0.03147242,-20.252438,0.9748927887689783,1.0,0.0
CCDC151,-0.03147242,-20.27404,0.9748927887689783,1.0,0.0
AF064858.1,-0.03147242,-20.247314,0.9748927887689783,1.0,0.0
CDO1,-0.03147242,-20.286676,0.9748927887689783,1.0,0.0
ZNF114-AS1,-0.03147242,-20.511309,0.9748927887689783,1.0,0.0
NTS,-0.03147242,-20.266037,0.9748927887689783,1.0,0.0
OR2AG1,-0.03147242,-20.363266,0.9748927887689783,1.0,0.0
AC087280.2,-0.03147242,-20.351202,0.9748927887689783,1.0,0.0
AL161662.1,-0.03147242,-20.321749,0.9748927887689783,1.0,0.0
GPR68,-0.03147242,-20.510082,0.9748927887689783,1.0,0.0
MYO1B,-0.03147242,-20.0149,0.9748927887689783,1.0,0.0
AL357497.1,-0.03147242,-20.128967,0.9748927887689783,1.0,0.0
ITGB2-AS1,-0.03147242,-20.350155,0.9748927887689783,1.0,0.0
AC090061.1,-0.03147242,-20.257624,0.9748927887689783,1.0,0.0
GDF7,-0.03147242,-20.250278,0.9748927887689783,1.0,0.0
AL139393.3,-0.03147242,-19.969822,0.9748927887689783,1.0,0.0
PACERR,-0.03147242,-20.132717,0.9748927887689783,1.0,0.0
AC044802.1,-0.03147242,-20.186392,0.9748927887689783,1.0,0.0
Z85996.3,-0.03147242,-20.07515,0.9748927887689783,1.0,0.0
LINC00924,-0.03147242,-20.186169,0.9748927887689783,1.0,0.0
CU633906.5,-0.03147242,-20.313887,0.9748927887689783,1.0,0.0
CTRL,-0.03147242,-19.988274,0.9748927887689783,1.0,0.0
FRG1-DT,-0.03147242,-20.148039,0.9748927887689783,1.0,0.0
AL137077.2,-0.03147242,-20.060095,0.9748927887689783,1.0,0.0
RBMS3-AS2,-0.03147242,-20.090218,0.9748927887689783,1.0,0.0
ADAM21,-0.03147242,-20.353973,0.9748927887689783,1.0,0.0
AF235103.3,-0.03147242,-20.03981,0.9748927887689783,1.0,0.0
AL449983.1,-0.03147242,-20.065538,0.9748927887689783,1.0,0.0
TTC6,-0.03150648,0.0059387474,0.9748656254473392,1.0,0.011904761904761904
AC092140.1,-0.03150648,-0.107993536,0.9748656254473392,1.0,0.011904761904761904
RANGAP1,-0.03154054,0.076871306,0.9748384621548504,1.0,0.17857142857142858
ZC3H6,-0.031642724,0.043955695,0.9747569724525994,1.0,0.19047619047619047
LINC02356,-0.03181303,-0.77298564,0.9746211568681222,1.0,0.011904761904761904
ZNHIT6,-0.03188115,-0.030542508,0.9745668308401454,1.0,0.30952380952380953
CAMK1,-0.03188115,-0.009221954,0.9745668308401454,1.0,0.15476190476190477
ZNF703,-0.03188115,0.098531105,0.9745668308401454,1.0,0.047619047619047616
SLC4A7,-0.031949274,0.025182445,0.9745125049301542,1.0,0.5595238095238095
AC008147.2,-0.031949274,0.178966,0.9745125049301542,1.0,0.023809523809523808
LINC01569,-0.031983335,-0.069554046,0.974485342019482,1.0,0.011904761904761904
KCNRG,-0.03222176,-0.99397975,0.9742952024750842,1.0,0.011904761904761904
MRPS24,-0.03225582,-0.055737905,0.9742680398020205,1.0,0.6785714285714286
NUF2,-0.03256237,-0.33724263,0.9740235770911477,1.0,0.05952380952380952
ATXN2,-0.03259643,0.057879478,0.973996414717928,1.0,0.5119047619047619
AL050341.2,-0.032698616,-0.2538614,0.9739149277793395,1.0,0.023809523809523808
PLCB3,-0.032800797,0.14962906,0.9738334411130188,1.0,0.11904761904761904
PIK3R2,-0.03283486,-0.35841104,0.9738062789515627,1.0,0.09523809523809523
SLC25A26,-0.03283486,0.07617095,0.9738062789515627,1.0,0.14285714285714285
HAND2-AS1,-0.032902982,-0.081093155,0.9737519547198157,1.0,0.03571428571428571
PROCA1,-0.033107348,0.58259267,0.9735889827561617,1.0,0.011904761904761904
FOSB,-0.033379838,0.2278448,0.9733716885210613,1.0,0.023809523809523808
INPP5K,-0.033379838,-0.25493357,0.9733716885210613,1.0,0.07142857142857142
B4GALT6,-0.033379838,-0.004500264,0.9733716885210613,1.0,0.2857142857142857
AL121944.1,-0.03344796,-0.8201602,0.9733173652704717,1.0,0.023809523809523808
ENDOV,-0.03344796,0.038600463,0.9733173652704717,1.0,0.17857142857142858
TMEM250,-0.033550143,0.050127707,0.9732358806267497,1.0,0.13095238095238096
HOXB3,-0.03372045,0.07817215,0.9731000735084105,1.0,0.10714285714285714
GLIS3,-0.033992935,-0.3647418,0.9728827837429109,1.0,0.023809523809523808
SSC5D,-0.033992935,-0.26948866,0.9728827837429109,1.0,0.07142857142857142
MIR762HG,-0.03412918,-0.122739695,0.9727741396139078,1.0,0.03571428571428571
GLRX3,-0.0341973,-0.005383228,0.9727198177387242,1.0,0.4523809523809524
XRRA1,-0.034231365,-0.10065135,0.972692656848572,1.0,0.13095238095238096
ZFYVE28,-0.034265425,-0.05816458,0.9726654959900882,1.0,0.09523809523809523
PUS1,-0.034265425,0.051841024,0.9726654959900882,1.0,0.09523809523809523
AC145212.1,-0.034333546,-20.43802,0.9726111743682517,1.0,0.0
CCDC78,-0.034333546,-20.357718,0.9726111743682517,1.0,0.0
TNFRSF9,-0.034333546,-20.477179,0.9726111743682517,1.0,0.0
AC053527.2,-0.034333546,-20.495386,0.9726111743682517,1.0,0.0
AREG,-0.034333546,-20.458055,0.9726111743682517,1.0,0.0
RPS6KA6,-0.034333546,-20.356884,0.9726111743682517,1.0,0.0
AC009570.1,-0.034333546,-20.526371,0.9726111743682517,1.0,0.0
AC104035.1,-0.034333546,-20.175383,0.9726111743682517,1.0,0.0
AC015802.4,-0.034333546,-20.494938,0.9726111743682517,1.0,0.0
AL158055.1,-0.034333546,-20.29753,0.9726111743682517,1.0,0.0
AL031733.2,-0.034333546,-20.479567,0.9726111743682517,1.0,0.0
OMG,-0.034333546,-20.446198,0.9726111743682517,1.0,0.0
ZNF439,-0.034333546,-20.441313,0.9726111743682517,1.0,0.0
ADAP2,-0.034333546,-20.204374,0.9726111743682517,1.0,0.0
TIAF1,-0.034333546,-20.233881,0.9726111743682517,1.0,0.0
AC002094.4,-0.034333546,-20.189396,0.9726111743682517,1.0,0.0
NIBAN3,-0.034333546,-20.317284,0.9726111743682517,1.0,0.0
ZNF253,-0.034333546,-20.470583,0.9726111743682517,1.0,0.0
ZNF682,-0.034333546,-20.39452,0.9726111743682517,1.0,0.0
ZNF626,-0.034333546,-20.234375,0.9726111743682517,1.0,0.0
AC079766.1,-0.034333546,-20.49634,0.9726111743682517,1.0,0.0
PRR19,-0.034333546,-20.399813,0.9726111743682517,1.0,0.0
LINC01359,-0.034333546,-20.492504,0.9726111743682517,1.0,0.0
ROR1-AS1,-0.034333546,-20.389244,0.9726111743682517,1.0,0.0
SMG7-AS1,-0.034333546,-20.20078,0.9726111743682517,1.0,0.0
AC015727.1,-0.034333546,-20.312841,0.9726111743682517,1.0,0.0
LINC02785,-0.034333546,-20.26916,0.9726111743682517,1.0,0.0
AC011444.1,-0.034333546,-20.328453,0.9726111743682517,1.0,0.0
SULT2A1,-0.034333546,-20.599253,0.9726111743682517,1.0,0.0
AC006441.1,-0.034333546,-20.350307,0.9726111743682517,1.0,0.0
AC132872.2,-0.034333546,-20.25337,0.9726111743682517,1.0,0.0
MYOM1,-0.034333546,-20.344948,0.9726111743682517,1.0,0.0
AC011731.1,-0.034333546,-20.31177,0.9726111743682517,1.0,0.0
FCRL2,-0.034333546,-20.310982,0.9726111743682517,1.0,0.0
AC239803.1,-0.034333546,-20.424765,0.9726111743682517,1.0,0.0
AC098848.1,-0.034333546,-20.30153,0.9726111743682517,1.0,0.0
LINC01182,-0.034333546,-20.359255,0.9726111743682517,1.0,0.0
LINC01133,-0.034333546,-20.534552,0.9726111743682517,1.0,0.0
AC040896.1,-0.034333546,-20.377134,0.9726111743682517,1.0,0.0
AC018529.2,-0.034333546,-20.386509,0.9726111743682517,1.0,0.0
RAMP2-AS1,-0.034333546,-20.092869,0.9726111743682517,1.0,0.0
AC010641.2,-0.034333546,-20.381765,0.9726111743682517,1.0,0.0
HSPA6,-0.034333546,-20.640299,0.9726111743682517,1.0,0.0
GRIN3B,-0.034333546,-20.349457,0.9726111743682517,1.0,0.0
STAC2,-0.034333546,-20.531902,0.9726111743682517,1.0,0.0
AL078644.2,-0.034333546,-20.461866,0.9726111743682517,1.0,0.0
AC011466.1,-0.034333546,-20.27963,0.9726111743682517,1.0,0.0
FBXO2,-0.034333546,-20.137318,0.9726111743682517,1.0,0.0
RASSF5,-0.034333546,-20.255318,0.9726111743682517,1.0,0.0
NKD1,-0.034333546,-20.435053,0.9726111743682517,1.0,0.0
AC007599.2,-0.034333546,-20.447342,0.9726111743682517,1.0,0.0
LINC02767,-0.034333546,-20.180332,0.9726111743682517,1.0,0.0
PRSS36,-0.034333546,-20.18728,0.9726111743682517,1.0,0.0
AC000068.1,-0.034333546,-20.38927,0.9726111743682517,1.0,0.0
AC096564.2,-0.034333546,-20.36148,0.9726111743682517,1.0,0.0
ZNRF3-IT1,-0.034333546,-19.967812,0.9726111743682517,1.0,0.0
AC004069.1,-0.034333546,-20.512815,0.9726111743682517,1.0,0.0
SEC14L4,-0.034333546,-20.378557,0.9726111743682517,1.0,0.0
SNCA-AS1,-0.034333546,-20.547976,0.9726111743682517,1.0,0.0
AL512343.2,-0.034333546,-20.500963,0.9726111743682517,1.0,0.0
AC009171.2,-0.034333546,-20.296656,0.9726111743682517,1.0,0.0
ITPKB-AS1,-0.034333546,-20.533558,0.9726111743682517,1.0,0.0
AL022328.2,-0.034333546,-20.436747,0.9726111743682517,1.0,0.0
ACR,-0.034333546,-20.194345,0.9726111743682517,1.0,0.0
DCAF4L1,-0.034333546,-20.454147,0.9726111743682517,1.0,0.0
AC092118.2,-0.034333546,-20.390358,0.9726111743682517,1.0,0.0
TRIM61,-0.034333546,-20.202723,0.9726111743682517,1.0,0.0
AC020978.6,-0.034333546,-20.480108,0.9726111743682517,1.0,0.0
DOC2B,-0.034333546,-20.401808,0.9726111743682517,1.0,0.0
B3GALT2,-0.034333546,-20.625715,0.9726111743682517,1.0,0.0
AC137932.1,-0.034333546,-20.442759,0.9726111743682517,1.0,0.0
CYBA,-0.034333546,-20.397894,0.9726111743682517,1.0,0.0
LAIR1,-0.034333546,-20.352123,0.9726111743682517,1.0,0.0
NSG1,-0.034333546,-20.489937,0.9726111743682517,1.0,0.0
LINC01229,-0.034333546,-20.469322,0.9726111743682517,1.0,0.0
AL513218.2,-0.034333546,-20.634478,0.9726111743682517,1.0,0.0
AC110813.1,-0.034333546,-20.437498,0.9726111743682517,1.0,0.0
AC025287.2,-0.034333546,-20.531607,0.9726111743682517,1.0,0.0
CHST5,-0.034333546,-20.33971,0.9726111743682517,1.0,0.0
AC009054.1,-0.034333546,-20.23537,0.9726111743682517,1.0,0.0
AL049539.1,-0.034333546,-20.314848,0.9726111743682517,1.0,0.0
ITCH-IT1,-0.034333546,-20.405111,0.9726111743682517,1.0,0.0
AL442071.2,-0.034333546,-20.469963,0.9726111743682517,1.0,0.0
AC147651.4,-0.034333546,-20.377436,0.9726111743682517,1.0,0.0
AC068620.2,-0.034333546,-20.662437,0.9726111743682517,1.0,0.0
AC005046.1,-0.034333546,-20.585646,0.9726111743682517,1.0,0.0
AC007622.2,-0.034333546,-20.21688,0.9726111743682517,1.0,0.0
FAR1-IT1,-0.034333546,-20.174847,0.9726111743682517,1.0,0.0
LGALSL-DT,-0.034333546,-20.471031,0.9726111743682517,1.0,0.0
WT1,-0.034333546,-20.40273,0.9726111743682517,1.0,0.0
AC007319.1,-0.034333546,-20.422718,0.9726111743682517,1.0,0.0
AC140121.1,-0.034333546,-20.3764,0.9726111743682517,1.0,0.0
AC025160.1,-0.034333546,-20.414146,0.9726111743682517,1.0,0.0
AL049629.1,-0.034333546,-20.432476,0.9726111743682517,1.0,0.0
AL023806.1,-0.034333546,-20.183338,0.9726111743682517,1.0,0.0
AL033523.1,-0.034333546,-20.316042,0.9726111743682517,1.0,0.0
ANKRD6,-0.034333546,-20.577015,0.9726111743682517,1.0,0.0
SLC15A2,-0.034333546,-20.306742,0.9726111743682517,1.0,0.0
AL132986.1,-0.034333546,-20.250946,0.9726111743682517,1.0,0.0
AC066580.1,-0.034333546,-20.316717,0.9726111743682517,1.0,0.0
ENKUR,-0.034333546,-20.255585,0.9726111743682517,1.0,0.0
AC010680.2,-0.034333546,-20.513773,0.9726111743682517,1.0,0.0
C9orf153,-0.034333546,-20.35789,0.9726111743682517,1.0,0.0
DNAH6,-0.034333546,-20.334137,0.9726111743682517,1.0,0.0
MEIG1,-0.034333546,-20.288961,0.9726111743682517,1.0,0.0
XKR6,-0.034333546,-20.277714,0.9726111743682517,1.0,0.0
AC139019.1,-0.034333546,-20.445894,0.9726111743682517,1.0,0.0
RNF144A-AS1,-0.034333546,-20.533049,0.9726111743682517,1.0,0.0
AC051619.6,-0.034333546,-20.5982,0.9726111743682517,1.0,0.0
AC025034.1,-0.034333546,-20.175869,0.9726111743682517,1.0,0.0
C6orf52,-0.034333546,-20.388325,0.9726111743682517,1.0,0.0
AP006333.1,-0.034333546,-20.250414,0.9726111743682517,1.0,0.0
AP003068.1,-0.034333546,-20.32496,0.9726111743682517,1.0,0.0
CIDEC,-0.034333546,-20.381826,0.9726111743682517,1.0,0.0
AC115282.2,-0.034333546,-20.540564,0.9726111743682517,1.0,0.0
LTA,-0.034333546,-20.314701,0.9726111743682517,1.0,0.0
LINC02584,-0.034333546,-20.204674,0.9726111743682517,1.0,0.0
LINC02547,-0.034333546,-20.359028,0.9726111743682517,1.0,0.0
AC092053.3,-0.034333546,-20.499794,0.9726111743682517,1.0,0.0
DAPK2,-0.034333546,-20.373459,0.9726111743682517,1.0,0.0
AL139385.1,-0.034333546,-20.547356,0.9726111743682517,1.0,0.0
BMS1P14,-0.034333546,-20.203398,0.9726111743682517,1.0,0.0
CYP3A43,-0.034333546,-20.47836,0.9726111743682517,1.0,0.0
ARMH4,-0.034333546,-20.363476,0.9726111743682517,1.0,0.0
AC090948.1,-0.034333546,-20.355358,0.9726111743682517,1.0,0.0
AL139099.2,-0.034333546,-20.141518,0.9726111743682517,1.0,0.0
AL603756.1,-0.034333546,-20.44822,0.9726111743682517,1.0,0.0
C9orf24,-0.034333546,-20.429834,0.9726111743682517,1.0,0.0
AL512791.2,-0.034333546,-20.523209,0.9726111743682517,1.0,0.0
AL451123.1,-0.034333546,-20.33574,0.9726111743682517,1.0,0.0
UNC79,-0.034333546,-20.23839,0.9726111743682517,1.0,0.0
RFX3-AS1,-0.034333546,-20.672918,0.9726111743682517,1.0,0.0
AL137786.1,-0.034333546,-20.595573,0.9726111743682517,1.0,0.0
AC005081.1,-0.034333546,-20.19224,0.9726111743682517,1.0,0.0
MLXIPL,-0.034333546,-20.246399,0.9726111743682517,1.0,0.0
AL096712.2,-0.034333546,-20.392815,0.9726111743682517,1.0,0.0
AL627232.1,-0.034333546,-20.558804,0.9726111743682517,1.0,0.0
DOCK8,-0.034333546,-20.362047,0.9726111743682517,1.0,0.0
ZBTB20-AS1,-0.034333546,-20.205893,0.9726111743682517,1.0,0.0
LINC02604,-0.034333546,-20.734478,0.9726111743682517,1.0,0.0
CLDN10-AS1,-0.034333546,-20.442043,0.9726111743682517,1.0,0.0
AC079148.1,-0.034333546,-20.47896,0.9726111743682517,1.0,0.0
GPC6,-0.034333546,-20.541199,0.9726111743682517,1.0,0.0
AC097359.2,-0.034333546,-20.364433,0.9726111743682517,1.0,0.0
AL137847.2,-0.034333546,-20.329542,0.9726111743682517,1.0,0.0
PLA1A,-0.034333546,-20.449713,0.9726111743682517,1.0,0.0
AKR1B10,-0.034333546,-20.40227,0.9726111743682517,1.0,0.0
AL731537.1,-0.034333546,-20.581097,0.9726111743682517,1.0,0.0
GOLGA8Q,-0.034333546,-20.24602,0.9726111743682517,1.0,0.0
ASAH2,-0.034333546,-20.461365,0.9726111743682517,1.0,0.0
CHRNA7,-0.034333546,-20.139677,0.9726111743682517,1.0,0.0
FZD3,-0.034333546,-20.238115,0.9726111743682517,1.0,0.0
SCG2,-0.034333546,-20.346323,0.9726111743682517,1.0,0.0
AL391056.2,-0.034333546,-20.647318,0.9726111743682517,1.0,0.0
AC068282.1,-0.034333546,-20.593573,0.9726111743682517,1.0,0.0
GAU1,-0.034333546,-20.306423,0.9726111743682517,1.0,0.0
PCDHGA4,-0.034333546,-20.47357,0.9726111743682517,1.0,0.0
AC026316.2,-0.034333546,-20.216803,0.9726111743682517,1.0,0.0
AL590708.1,-0.034333546,-20.424234,0.9726111743682517,1.0,0.0
AL133284.1,-0.034333546,-20.627415,0.9726111743682517,1.0,0.0
CDON,-0.034333546,-20.599323,0.9726111743682517,1.0,0.0
AC084824.5,-0.034333546,-20.4344,0.9726111743682517,1.0,0.0
ABCB5,-0.034333546,-20.341291,0.9726111743682517,1.0,0.0
TEX15,-0.034333546,-20.482222,0.9726111743682517,1.0,0.0
LONRF2,-0.034333546,-20.549192,0.9726111743682517,1.0,0.0
AC012150.1,-0.034333546,-20.358643,0.9726111743682517,1.0,0.0
CATSPERE,-0.034333546,-20.25789,0.9726111743682517,1.0,0.0
AC138356.1,-0.034333546,-20.546585,0.9726111743682517,1.0,0.0
LMNTD1,-0.034333546,-20.042892,0.9726111743682517,1.0,0.0
IL16,-0.034333546,-20.314623,0.9726111743682517,1.0,0.0
AP003392.3,-0.034333546,-20.615433,0.9726111743682517,1.0,0.0
HIST1H3F,-0.034333546,-20.320696,0.9726111743682517,1.0,0.0
AC087533.1,-0.034333546,-20.409254,0.9726111743682517,1.0,0.0
PTGDS,-0.034333546,-20.232903,0.9726111743682517,1.0,0.0
UCP3,-0.034333546,-20.511766,0.9726111743682517,1.0,0.0
AC134349.1,-0.034333546,-20.374725,0.9726111743682517,1.0,0.0
PCDHB9,-0.034333546,-20.501122,0.9726111743682517,1.0,0.0
GRIN2B,-0.034333546,-20.169743,0.9726111743682517,1.0,0.0
AP003392.4,-0.034333546,-20.320894,0.9726111743682517,1.0,0.0
AC007114.2,-0.03446979,-0.4147987,0.9725025315059844,1.0,0.023809523809523808
F3,-0.03453791,-0.065165095,0.9724482102660572,1.0,0.011904761904761904
MSH6,-0.034606036,0.115951054,0.9723938891539365,1.0,0.14285714285714285
PLA2G4C,-0.034606036,-0.083076134,0.9723938891539365,1.0,0.011904761904761904
CD82,-0.034606036,-0.16451794,0.9723938891539365,1.0,0.14285714285714285
C1orf54,-0.034674156,-0.037982915,0.9723395681698743,1.0,0.023809523809523808
SPTLC2,-0.03474228,-0.02046474,0.9722852473141222,1.0,0.36904761904761907
PYCR1,-0.03477634,-0.06761236,0.9722580869344413,1.0,0.32142857142857145
PCK2,-0.0348104,0.006544231,0.9722309265869322,1.0,0.16666666666666666
SUOX,-0.034878522,0.12671113,0.9721766059885558,1.0,0.11904761904761904
DDB2,-0.034912586,0.0024039259,0.9721494457377515,1.0,0.38095238095238093
PRDM1,-0.035048828,0.29843605,0.9720408050578275,1.0,0.05952380952380952
APBA2,-0.03508289,-0.06675472,0.9720136449688271,1.0,0.13095238095238096
AL356481.1,-0.035116952,-1.1309417,0.971986484912282,1.0,0.011904761904761904
UFSP1,-0.035116952,-0.9976934,0.971986484912282,1.0,0.011904761904761904
SPAG1,-0.035321318,0.08447004,0.971823525256333,1.0,0.10714285714285714
BLOC1S6,-0.035491623,-0.04650241,0.9716877264413301,1.0,0.47619047619047616
AL512506.1,-0.035627868,-0.30261323,0.9715790879801303,1.0,0.011904761904761904
SUN2,-0.035627868,0.062474407,0.9715790879801303,1.0,0.14285714285714285
PRICKLE1,-0.03569599,-0.4471481,0.9715247689471569,1.0,0.03571428571428571
TRMT12,-0.035900354,0.042160206,0.9713618126417639,1.0,0.07142857142857142
ALDH16A1,-0.0360366,-0.20524701,0.9712531757686254,1.0,0.08333333333333333
SLC1A1,-0.0360366,-0.27592373,0.9712531757686254,1.0,0.03571428571428571
TMEM184C,-0.0360366,-0.033765227,0.9712531757686254,1.0,0.09523809523809523
SAPCD2,-0.03610472,-0.3750089,0.9711988575319483,1.0,0.023809523809523808
MARCH1,-0.036138784,0.35792887,0.971171698463693,1.0,0.011904761904761904
ZNF85,-0.036240965,-0.44859174,0.9710902214596375,1.0,0.011904761904761904
ZCCHC7,-0.03634315,0.035143267,0.9710087447573086,1.0,0.2619047619047619
SLC25A25-AS1,-0.03637721,-0.41115093,0.9709815859237294,1.0,0.011904761904761904
SRSF5,-0.036513455,-0.03329916,0.9708729509262377,1.0,0.5357142857142857
CHTF8,-0.036615636,0.20779838,0.9707914750326663,1.0,0.011904761904761904
ASPHD1,-0.03668376,0.20432252,0.9707371579395893,1.0,0.011904761904761904
MALSU1,-0.03678594,-0.07184964,0.9706556825545593,1.0,0.35714285714285715
ELP3,-0.036990307,0.048936725,0.9704927327041215,1.0,0.11904761904761904
MAPRE3,-0.03702437,-0.11971334,0.9704655745152926,1.0,0.09523809523809523
RPS10,-0.03705843,0.014598341,0.9704384163607125,1.0,0.9523809523809523
DGCR8,-0.03705843,0.026140792,0.9704384163607125,1.0,0.07142857142857142
GEMIN2,-0.037092492,-0.03990737,0.9704112582404129,1.0,0.17857142857142858
ZNF408,-0.037126552,-0.22612853,0.970384100154425,1.0,0.023809523809523808
TSNAXIP1,-0.037194677,-20.526093,0.9703297840855105,1.0,0.0
RP1,-0.037194677,-20.588463,0.9703297840855105,1.0,0.0
MCMDC2,-0.037194677,-20.412434,0.9703297840855105,1.0,0.0
DPEP1,-0.037194677,-20.476881,0.9703297840855105,1.0,0.0
KCNB1,-0.037194677,-20.240725,0.9703297840855105,1.0,0.0
CABP7,-0.037194677,-20.398302,0.9703297840855105,1.0,0.0
AC087392.1,-0.037194677,-20.541739,0.9703297840855105,1.0,0.0
BX088651.4,-0.037194677,-20.341581,0.9703297840855105,1.0,0.0
GPR85,-0.037194677,-20.484577,0.9703297840855105,1.0,0.0
AL355916.2,-0.037194677,-20.458645,0.9703297840855105,1.0,0.0
CUZD1,-0.037194677,-20.4678,0.9703297840855105,1.0,0.0
AC006063.3,-0.037194677,-20.48096,0.9703297840855105,1.0,0.0
AL031731.1,-0.037194677,-20.32039,0.9703297840855105,1.0,0.0
SEMA3B,-0.037194677,-20.410053,0.9703297840855105,1.0,0.0
KDM5C-IT1,-0.037194677,-20.296152,0.9703297840855105,1.0,0.0
AC010834.3,-0.037194677,-20.381216,0.9703297840855105,1.0,0.0
AC114956.3,-0.037194677,-20.393768,0.9703297840855105,1.0,0.0
NECAB2,-0.037194677,-20.637169,0.9703297840855105,1.0,0.0
ZNF66,-0.037194677,-20.412954,0.9703297840855105,1.0,0.0
AL139339.1,-0.037194677,-20.560772,0.9703297840855105,1.0,0.0
PLVAP,-0.037194677,-20.694235,0.9703297840855105,1.0,0.0
DNAAF1,-0.037194677,-20.523563,0.9703297840855105,1.0,0.0
LINC02078,-0.037194677,-20.39914,0.9703297840855105,1.0,0.0
UXT-AS1,-0.037194677,-20.336529,0.9703297840855105,1.0,0.0
GAS6-DT,-0.037194677,-20.529734,0.9703297840855105,1.0,0.0
AC073842.2,-0.037194677,-20.684803,0.9703297840855105,1.0,0.0
ZNF726,-0.037194677,-20.322094,0.9703297840855105,1.0,0.0
AC136285.3,-0.037194677,-20.624695,0.9703297840855105,1.0,0.0
PRSS16,-0.037194677,-20.304703,0.9703297840855105,1.0,0.0
LINC01978,-0.037194677,-20.23218,0.9703297840855105,1.0,0.0
AC009163.7,-0.037194677,-20.585276,0.9703297840855105,1.0,0.0
DRAXIN,-0.037194677,-20.890902,0.9703297840855105,1.0,0.0
AC073534.2,-0.037194677,-20.61325,0.9703297840855105,1.0,0.0
DYNLRB2,-0.037194677,-20.490797,0.9703297840855105,1.0,0.0
SLAMF7,-0.037194677,-20.358078,0.9703297840855105,1.0,0.0
AC087752.4,-0.037194677,-20.34331,0.9703297840855105,1.0,0.0
ARMC12,-0.037194677,-20.475286,0.9703297840855105,1.0,0.0
AP002812.2,-0.037194677,-20.568844,0.9703297840855105,1.0,0.0
RSF1-IT2,-0.037194677,-20.419338,0.9703297840855105,1.0,0.0
CREG2,-0.037194677,-20.272701,0.9703297840855105,1.0,0.0
AP000320.1,-0.037194677,-20.290037,0.9703297840855105,1.0,0.0
RNF125,-0.037194677,-20.440945,0.9703297840855105,1.0,0.0
LRRC46,-0.037194677,-20.493126,0.9703297840855105,1.0,0.0
AC015674.1,-0.037194677,-20.311563,0.9703297840855105,1.0,0.0
AL590560.2,-0.037194677,-20.389378,0.9703297840855105,1.0,0.0
PDE11A,-0.037194677,-20.606205,0.9703297840855105,1.0,0.0
AC116407.1,-0.037194677,-20.71277,0.9703297840855105,1.0,0.0
RCSD1,-0.037194677,-20.60265,0.9703297840855105,1.0,0.0
AC022916.1,-0.037194677,-20.575636,0.9703297840855105,1.0,0.0
RCOR2,-0.037194677,-20.325912,0.9703297840855105,1.0,0.0
AC244093.4,-0.037194677,-20.187836,0.9703297840855105,1.0,0.0
AL020997.3,-0.037194677,-20.570927,0.9703297840855105,1.0,0.0
FP700111.1,-0.037194677,-20.336874,0.9703297840855105,1.0,0.0
DDIT4L,-0.037194677,-20.371359,0.9703297840855105,1.0,0.0
C2orf15,-0.037194677,-20.270517,0.9703297840855105,1.0,0.0
AL021707.5,-0.037194677,-20.624655,0.9703297840855105,1.0,0.0
PTPRR,-0.037194677,-20.312325,0.9703297840855105,1.0,0.0
KRT17,-0.037194677,-20.610128,0.9703297840855105,1.0,0.0
AC025419.1,-0.037194677,-20.644135,0.9703297840855105,1.0,0.0
AC010776.2,-0.037194677,-20.501537,0.9703297840855105,1.0,0.0
CYP27B1,-0.037194677,-20.382738,0.9703297840855105,1.0,0.0
PTGES3L,-0.037194677,-20.418272,0.9703297840855105,1.0,0.0
AL121987.2,-0.037194677,-20.580397,0.9703297840855105,1.0,0.0
AP000763.3,-0.037194677,-20.461378,0.9703297840855105,1.0,0.0
TNFRSF13C,-0.037194677,-20.540535,0.9703297840855105,1.0,0.0
LINC01315,-0.037194677,-20.746946,0.9703297840855105,1.0,0.0
AC006059.5,-0.037194677,-20.531471,0.9703297840855105,1.0,0.0
AC044810.2,-0.037194677,-20.538803,0.9703297840855105,1.0,0.0
IRF5,-0.037194677,-20.444546,0.9703297840855105,1.0,0.0
AC021236.1,-0.037194677,-20.67103,0.9703297840855105,1.0,0.0
FP565260.6,-0.037194677,-20.234245,0.9703297840855105,1.0,0.0
AL450344.3,-0.037194677,-20.50568,0.9703297840855105,1.0,0.0
IGF2BP2-AS1,-0.037194677,-20.811663,0.9703297840855105,1.0,0.0
AL354712.1,-0.037194677,-20.584517,0.9703297840855105,1.0,0.0
WDFY3-AS1,-0.037194677,-20.54113,0.9703297840855105,1.0,0.0
SCIMP,-0.037194677,-20.546108,0.9703297840855105,1.0,0.0
LINC00330,-0.037194677,-20.54867,0.9703297840855105,1.0,0.0
LINC00571,-0.037194677,-20.51366,0.9703297840855105,1.0,0.0
KIAA1614-AS1,-0.037194677,-20.28298,0.9703297840855105,1.0,0.0
OR7G2,-0.037194677,-20.475576,0.9703297840855105,1.0,0.0
AC053513.2,-0.037194677,-20.513489,0.9703297840855105,1.0,0.0
AC004528.1,-0.037194677,-20.372208,0.9703297840855105,1.0,0.0
CSF2RA,-0.037194677,-20.477875,0.9703297840855105,1.0,0.0
SLC25A41,-0.037194677,-20.327217,0.9703297840855105,1.0,0.0
AL049795.2,-0.037194677,-20.584091,0.9703297840855105,1.0,0.0
AC016027.3,-0.037194677,-20.4031,0.9703297840855105,1.0,0.0
AC024896.1,-0.037194677,-20.549543,0.9703297840855105,1.0,0.0
NAV2-AS1,-0.037194677,-20.567303,0.9703297840855105,1.0,0.0
AC021205.3,-0.037194677,-20.362312,0.9703297840855105,1.0,0.0
AC011753.2,-0.037194677,-20.351938,0.9703297840855105,1.0,0.0
JSRP1,-0.037194677,-20.666132,0.9703297840855105,1.0,0.0
AL109936.6,-0.037194677,-20.403929,0.9703297840855105,1.0,0.0
AC068196.1,-0.037194677,-20.53716,0.9703297840855105,1.0,0.0
C3orf49,-0.037194677,-20.305906,0.9703297840855105,1.0,0.0
DYNC1I1,-0.037194677,-20.491108,0.9703297840855105,1.0,0.0
RHOA-IT1,-0.037194677,-20.49002,0.9703297840855105,1.0,0.0
AC008537.4,-0.037194677,-20.551426,0.9703297840855105,1.0,0.0
SCNN1D,-0.037194677,-20.480343,0.9703297840855105,1.0,0.0
BTBD3,-0.037194677,-0.090014674,0.9703297840855105,1.0,0.15476190476190477
AC174065.1,-0.037194677,-20.672476,0.9703297840855105,1.0,0.0
SIGLEC6,-0.037194677,-20.390648,0.9703297840855105,1.0,0.0
RBM44,-0.037194677,-20.691353,0.9703297840855105,1.0,0.0
SMYD3-IT1,-0.037194677,-20.423172,0.9703297840855105,1.0,0.0
SCIN,-0.037194677,-20.482883,0.9703297840855105,1.0,0.0
FAM228A,-0.037194677,-20.241524,0.9703297840855105,1.0,0.0
BMP8B,-0.037194677,-20.58138,0.9703297840855105,1.0,0.0
OSCAR,-0.037194677,-20.418613,0.9703297840855105,1.0,0.0
AL023881.1,-0.037194677,-20.56387,0.9703297840855105,1.0,0.0
SRRM3,-0.037194677,-20.564877,0.9703297840855105,1.0,0.0
SIRPG,-0.037194677,-20.67902,0.9703297840855105,1.0,0.0
FIBCD1,-0.037194677,-20.63443,0.9703297840855105,1.0,0.0
AC020741.1,-0.037194677,-20.435318,0.9703297840855105,1.0,0.0
AC090164.5,-0.037194677,-20.436827,0.9703297840855105,1.0,0.0
PRDM12,-0.037194677,-20.401308,0.9703297840855105,1.0,0.0
AC211486.2,-0.037194677,-20.418194,0.9703297840855105,1.0,0.0
BDKRB1,-0.037194677,-20.3989,0.9703297840855105,1.0,0.0
AC008781.3,-0.037194677,-20.44745,0.9703297840855105,1.0,0.0
POLH-AS1,-0.037194677,-20.656994,0.9703297840855105,1.0,0.0
AC012613.2,-0.037194677,-20.643213,0.9703297840855105,1.0,0.0
SPINT1-AS1,-0.037194677,-20.392588,0.9703297840855105,1.0,0.0
GIPR,-0.037194677,-20.683573,0.9703297840855105,1.0,0.0
AC010864.1,-0.037194677,-20.334553,0.9703297840855105,1.0,0.0
AL109917.1,-0.037194677,-20.691221,0.9703297840855105,1.0,0.0
PNMA8A,-0.037194677,-20.376629,0.9703297840855105,1.0,0.0
TMEM273,-0.037194677,-20.292875,0.9703297840855105,1.0,0.0
AC004039.1,-0.037194677,-20.468246,0.9703297840855105,1.0,0.0
ID2,-0.037194677,-20.79398,0.9703297840855105,1.0,0.0
GOLGA8M-1,-0.037194677,-20.440584,0.9703297840855105,1.0,0.0
AC017104.3,-0.037194677,-20.378513,0.9703297840855105,1.0,0.0
AC090970.2,-0.037194677,-20.939283,0.9703297840855105,1.0,0.0
LINC01376,-0.037194677,-20.468138,0.9703297840855105,1.0,0.0
SMIM31,-0.037194677,-20.59881,0.9703297840855105,1.0,0.0
TEDC2,-0.037194677,-0.79187655,0.9703297840855105,1.0,0.011904761904761904
AL606760.2,-0.037194677,-20.45939,0.9703297840855105,1.0,0.0
AL356056.2,-0.037194677,-20.56523,0.9703297840855105,1.0,0.0
TMC4,-0.037194677,-20.44603,0.9703297840855105,1.0,0.0
EMILIN1,-0.037194677,-20.258247,0.9703297840855105,1.0,0.0
AC072054.1,-0.037194677,-20.7082,0.9703297840855105,1.0,0.0
NAT8L,-0.037194677,-20.405344,0.9703297840855105,1.0,0.0
CARD11,-0.037194677,-20.53763,0.9703297840855105,1.0,0.0
AC004974.1,-0.037194677,-20.719349,0.9703297840855105,1.0,0.0
ZNF497,-0.037194677,-20.629625,0.9703297840855105,1.0,0.0
WWTR1-IT1,-0.037194677,-20.557663,0.9703297840855105,1.0,0.0
AC004825.3,-0.037194677,-20.639568,0.9703297840855105,1.0,0.0
AC109466.1,-0.037194677,-20.284334,0.9703297840855105,1.0,0.0
RIOX1,-0.037262797,-0.2726909,0.9702754681542208,1.0,0.03571428571428571
RAB10,-0.037262797,-0.008858279,0.9702754681542208,1.0,0.6309523809523809
MKLN1-AS,-0.037364982,-0.08475951,0.9701939945158835,1.0,0.011904761904761904
KAT5,-0.037399042,-0.009762196,0.9701668367055227,1.0,0.05952380952380952
SLC35F2,-0.037603408,-0.102448,0.9700038905709543,1.0,0.2619047619047619
CORT,-0.037603408,-0.76238567,0.9700038905709543,1.0,0.011904761904761904
PRELID2,-0.03767153,-0.065444544,0.9699495754706993,1.0,0.07142857142857142
PTGS1,-0.037705593,-0.00828454,0.969922417972826,1.0,0.11904761904761904
AC046134.2,-0.037705593,0.20839447,0.969922417972826,1.0,0.03571428571428571
AC245060.6,-0.037705593,-0.15193145,0.969922417972826,1.0,0.011904761904761904
CCDC25,-0.037739653,-0.004512219,0.9698952605098309,1.0,0.75
SOWAHC,-0.037739653,-0.4893374,0.9698952605098309,1.0,0.023809523809523808
MIEF2,-0.0378759,0.12717506,0.9697866310072613,1.0,0.023809523809523808
KDM4A-AS1,-0.03797808,0.28450683,0.9697051592480961,1.0,0.03571428571428571
ACSF3,-0.03801214,-0.022196563,0.9696780020652588,1.0,0.11904761904761904
WDR83,-0.038148385,-0.115441754,0.9695693736858372,1.0,0.07142857142857142
TRAPPC2B,-0.038182445,-0.14835882,0.9695422166791209,1.0,0.09523809523809523
MERTK,-0.038454935,-0.12832701,0.9693249618995036,1.0,0.03571428571428571
ZSCAN22,-0.03896585,0.30999485,0.9689176153362564,1.0,0.011904761904761904
ACSL5,-0.03896585,0.30728683,0.9689176153362564,1.0,0.011904761904761904
AC079305.1,-0.03896585,0.27995113,0.9689176153362564,1.0,0.011904761904761904
TMEM102,-0.03903397,-0.6223595,0.9688633030715561,1.0,0.03571428571428571
RBKS,-0.039170217,0.17330164,0.968754678975668,1.0,0.011904761904761904
AL591895.1,-0.039204277,-0.4758727,0.9687275230421946,1.0,0.011904761904761904
ST6GALNAC1,-0.03930646,0.24041241,0.9686460554594742,1.0,0.011904761904761904
ANO8,-0.039408643,-0.46116406,0.9685645882039645,1.0,0.011904761904761904
MAP3K7CL,-0.039476767,-0.5878995,0.9685102768824945,1.0,0.011904761904761904
HMGN3-AS1,-0.039510828,0.10559137,0.9684831212765146,1.0,0.023809523809523808
PARD6G,-0.039510828,0.15207581,0.9684831212765146,1.0,0.023809523809523808
AC108488.3,-0.03957895,0.05926973,0.9684288101742229,1.0,0.011904761904761904
JAZF1,-0.039681133,0.069927715,0.9683473437954269,1.0,0.17857142857142858
LRRC8A,-0.039749254,0.017571978,0.9682930330596907,1.0,0.2857142857142857
AIFM2,-0.039953623,-0.33659688,0.9681301017358643,1.0,0.03571428571428571
LTK,-0.040055804,-20.48487,0.9680486365724106,1.0,0.0
AL023581.2,-0.040055804,-20.446922,0.9680486365724106,1.0,0.0
GOLGA6L10,-0.040055804,-20.337753,0.9680486365724106,1.0,0.0
FGF22,-0.040055804,-20.510586,0.9680486365724106,1.0,0.0
AC109347.2,-0.040055804,-20.67737,0.9680486365724106,1.0,0.0
AP003059.1,-0.040055804,-20.686073,0.9680486365724106,1.0,0.0
AL355304.1,-0.040055804,-20.792707,0.9680486365724106,1.0,0.0
AC017104.1,-0.040055804,-20.591314,0.9680486365724106,1.0,0.0
AC019254.1,-0.040055804,-20.616646,0.9680486365724106,1.0,0.0
AC138207.4,-0.040055804,-20.75392,0.9680486365724106,1.0,0.0
AP000842.3,-0.040055804,-20.594408,0.9680486365724106,1.0,0.0
HIST2H2AA4,-0.040055804,-20.610779,0.9680486365724106,1.0,0.0
AC027575.2,-0.040055804,-20.535593,0.9680486365724106,1.0,0.0
RNF144A,-0.040055804,-20.667301,0.9680486365724106,1.0,0.0
BIK,-0.040055804,-20.725504,0.9680486365724106,1.0,0.0
LRP4,-0.040055804,-20.529604,0.9680486365724106,1.0,0.0
CYP2W1,-0.040055804,-20.63974,0.9680486365724106,1.0,0.0
AC048382.6,-0.040055804,-20.706264,0.9680486365724106,1.0,0.0
AC013468.1,-0.040055804,-20.582182,0.9680486365724106,1.0,0.0
HUNK,-0.040055804,-20.698671,0.9680486365724106,1.0,0.0
LINC02725,-0.040055804,-20.745436,0.9680486365724106,1.0,0.0
AC092171.5,-0.040055804,-20.583147,0.9680486365724106,1.0,0.0
AC073593.2,-0.040055804,-20.581886,0.9680486365724106,1.0,0.0
WDR93,-0.040055804,-20.633413,0.9680486365724106,1.0,0.0
SLC26A1,-0.040055804,-20.666496,0.9680486365724106,1.0,0.0
RNFT1-DT,-0.040055804,-20.3691,0.9680486365724106,1.0,0.0
LRRC66,-0.040055804,-20.67334,0.9680486365724106,1.0,0.0
AC009315.1,-0.040055804,-20.805159,0.9680486365724106,1.0,0.0
AC068189.2,-0.040055804,-20.847565,0.9680486365724106,1.0,0.0
P2RX7,-0.040055804,-20.484163,0.9680486365724106,1.0,0.0
ALDH3A1,-0.040055804,-20.386932,0.9680486365724106,1.0,0.0
LINC02130,-0.040055804,-20.604082,0.9680486365724106,1.0,0.0
AP001160.4,-0.040055804,-20.66235,0.9680486365724106,1.0,0.0
ITIH5,-0.040055804,-20.538216,0.9680486365724106,1.0,0.0
NTN5,-0.040055804,-20.505163,0.9680486365724106,1.0,0.0
TINAG,-0.040055804,-20.710106,0.9680486365724106,1.0,0.0
AC112491.1,-0.040055804,-20.762253,0.9680486365724106,1.0,0.0
PDIA2,-0.040055804,-20.64798,0.9680486365724106,1.0,0.0
AC012213.3,-0.040055804,-20.585835,0.9680486365724106,1.0,0.0
NHLH1,-0.040055804,-20.387695,0.9680486365724106,1.0,0.0
NMNAT3,-0.040055804,-20.609503,0.9680486365724106,1.0,0.0
HIST1H2BJ,-0.040055804,-20.63937,0.9680486365724106,1.0,0.0
LINC02611,-0.040055804,-20.401478,0.9680486365724106,1.0,0.0
SAMD11,-0.040055804,-20.863869,0.9680486365724106,1.0,0.0
AC097460.1,-0.040055804,-20.757694,0.9680486365724106,1.0,0.0
ATP8A1,-0.040055804,-20.86334,0.9680486365724106,1.0,0.0
AC010201.1,-0.040055804,-20.73151,0.9680486365724106,1.0,0.0
AL591848.4,-0.040055804,-20.732742,0.9680486365724106,1.0,0.0
AC092620.2,-0.040055804,-20.679262,0.9680486365724106,1.0,0.0
AC116447.1,-0.040055804,-20.58473,0.9680486365724106,1.0,0.0
RBP5,-0.040055804,-20.572247,0.9680486365724106,1.0,0.0
AP003501.1,-0.040055804,-20.287495,0.9680486365724106,1.0,0.0
AC024361.2,-0.040055804,-20.696095,0.9680486365724106,1.0,0.0
AC092354.1,-0.040055804,-20.421734,0.9680486365724106,1.0,0.0
OVCH1-AS1,-0.040055804,-20.45372,0.9680486365724106,1.0,0.0
AL592463.1,-0.040055804,-20.387781,0.9680486365724106,1.0,0.0
AC145207.4,-0.040055804,-20.51799,0.9680486365724106,1.0,0.0
CELA3B,-0.040055804,-20.634562,0.9680486365724106,1.0,0.0
ZNF660,-0.040055804,-20.891886,0.9680486365724106,1.0,0.0
AP006248.6,-0.040055804,-20.730509,0.9680486365724106,1.0,0.0
SMIM33,-0.040055804,-20.595594,0.9680486365724106,1.0,0.0
PYHIN1,-0.040055804,-20.752567,0.9680486365724106,1.0,0.0
MAK,-0.040055804,-20.755457,0.9680486365724106,1.0,0.0
AC008972.2,-0.040055804,-20.685888,0.9680486365724106,1.0,0.0
KLHL41,-0.040055804,-20.662561,0.9680486365724106,1.0,0.0
LINC02541,-0.040055804,-20.673918,0.9680486365724106,1.0,0.0
AL627308.3,-0.040055804,-20.87129,0.9680486365724106,1.0,0.0
LINC01843,-0.040055804,-20.53483,0.9680486365724106,1.0,0.0
AC005837.1,-0.040055804,-20.661882,0.9680486365724106,1.0,0.0
HIST1H2BI,-0.040055804,-20.718811,0.9680486365724106,1.0,0.0
AC078962.3,-0.040055804,-20.612957,0.9680486365724106,1.0,0.0
AP003419.3,-0.040055804,-20.679502,0.9680486365724106,1.0,0.0
ANKRD34A,-0.040055804,-20.439531,0.9680486365724106,1.0,0.0
ARHGEF4,-0.040055804,-20.446472,0.9680486365724106,1.0,0.0
LINC01483,-0.040055804,-20.46184,0.9680486365724106,1.0,0.0
AC009961.4,-0.040055804,-20.526377,0.9680486365724106,1.0,0.0
LINC01465,-0.040055804,-20.453978,0.9680486365724106,1.0,0.0
AC010542.4,-0.040055804,-20.747046,0.9680486365724106,1.0,0.0
KHDRBS3,-0.040055804,-20.490166,0.9680486365724106,1.0,0.0
AC007378.1,-0.040055804,-20.49519,0.9680486365724106,1.0,0.0
AC098818.2,-0.040055804,-20.621593,0.9680486365724106,1.0,0.0
SYCP2,-0.040055804,-20.599648,0.9680486365724106,1.0,0.0
LMNTD2,-0.040055804,-20.482912,0.9680486365724106,1.0,0.0
PLXNA4,-0.040055804,-20.525406,0.9680486365724106,1.0,0.0
EML5,-0.040055804,-20.653456,0.9680486365724106,1.0,0.0
AC093433.2,-0.040055804,-20.720541,0.9680486365724106,1.0,0.0
BCAS1,-0.040055804,-20.656206,0.9680486365724106,1.0,0.0
UTS2B,-0.040055804,-20.66465,0.9680486365724106,1.0,0.0
AL158825.2,-0.040055804,-20.5826,0.9680486365724106,1.0,0.0
CEACAM16,-0.040055804,-20.695858,0.9680486365724106,1.0,0.0
AC072061.1,-0.040055804,-20.487997,0.9680486365724106,1.0,0.0
AC072028.1,-0.040055804,-20.746248,0.9680486365724106,1.0,0.0
AL356608.3,-0.040055804,-20.540827,0.9680486365724106,1.0,0.0
AL049780.2,-0.040055804,-20.750937,0.9680486365724106,1.0,0.0
ITCH-AS1,-0.040055804,-20.680332,0.9680486365724106,1.0,0.0
CLDN16,-0.040055804,-20.414005,0.9680486365724106,1.0,0.0
ADPRH,-0.040055804,-20.48064,0.9680486365724106,1.0,0.0
SLC22A17,-0.040055804,-20.486965,0.9680486365724106,1.0,0.0
AL117344.2,-0.040055804,-20.515722,0.9680486365724106,1.0,0.0
CLDN4,-0.040055804,-20.755754,0.9680486365724106,1.0,0.0
AC106786.2,-0.040055804,-20.504074,0.9680486365724106,1.0,0.0
CFHR1,-0.040055804,-20.715464,0.9680486365724106,1.0,0.0
AC092944.3,-0.040055804,-20.4526,0.9680486365724106,1.0,0.0
SPATA9,-0.040055804,-20.628057,0.9680486365724106,1.0,0.0
CCDC168,-0.040055804,-20.384321,0.9680486365724106,1.0,0.0
AC004492.1,-0.040055804,-20.52387,0.9680486365724106,1.0,0.0
AC134312.5,-0.040055804,-20.454624,0.9680486365724106,1.0,0.0
LINC02595,-0.040055804,-20.5923,0.9680486365724106,1.0,0.0
AL354707.1,-0.040055804,-20.564997,0.9680486365724106,1.0,0.0
AL109811.1,-0.040055804,-20.550943,0.9680486365724106,1.0,0.0
AC092650.1,-0.040055804,-20.625841,0.9680486365724106,1.0,0.0
AC112496.1,-0.040055804,-20.601234,0.9680486365724106,1.0,0.0
CATIP-AS1,-0.040055804,-20.5755,0.9680486365724106,1.0,0.0
EFCAB10,-0.040055804,-20.546087,0.9680486365724106,1.0,0.0
PRMT5-AS1,-0.040055804,-20.343916,0.9680486365724106,1.0,0.0
AC092718.5,-0.040055804,-20.57525,0.9680486365724106,1.0,0.0
GOLGA8O,-0.040055804,-20.71167,0.9680486365724106,1.0,0.0
AL353743.2,-0.040055804,-20.53738,0.9680486365724106,1.0,0.0
SPART-AS1,-0.040055804,-20.658144,0.9680486365724106,1.0,0.0
AC244034.2,-0.040055804,-20.74832,0.9680486365724106,1.0,0.0
AL034417.4,-0.040055804,-20.612452,0.9680486365724106,1.0,0.0
KLLN,-0.040055804,-20.650331,0.9680486365724106,1.0,0.0
ANKRD44-IT1,-0.040055804,-20.561705,0.9680486365724106,1.0,0.0
ITGB1BP2,-0.040055804,-20.723707,0.9680486365724106,1.0,0.0
NRN1L,-0.040055804,-20.656855,0.9680486365724106,1.0,0.0
LRP3,-0.040055804,-20.576294,0.9680486365724106,1.0,0.0
AC020978.5,-0.040055804,-20.718878,0.9680486365724106,1.0,0.0
AL035458.2,-0.040055804,-20.63055,0.9680486365724106,1.0,0.0
HIF1A-AS1,-0.040055804,-20.706842,0.9680486365724106,1.0,0.0
OR52I1,-0.040055804,-20.604862,0.9680486365724106,1.0,0.0
AC091769.2,-0.040055804,-20.798767,0.9680486365724106,1.0,0.0
BMP4,-0.040055804,-20.56729,0.9680486365724106,1.0,0.0
GSTM2,-0.040055804,-20.61754,0.9680486365724106,1.0,0.0
FAM155A,-0.040123925,-0.022048568,0.9679943266486327,1.0,0.14285714285714285
ANKRD46,-0.040123925,-0.15056942,0.9679943266486327,1.0,0.10714285714285714
RNF208,-0.04015799,-0.7106444,0.9679671717423954,1.0,0.011904761904761904
AC002467.1,-0.04019205,0.16954641,0.9679400168733013,1.0,0.023809523809523808
UBE2L3,-0.04022611,-0.034060344,0.9679128620413817,1.0,0.6904761904761905
C1GALT1C1L,-0.040328294,-0.12650877,0.9678313977689849,1.0,0.011904761904761904
ZNF57,-0.040396415,-0.27001897,0.9677770884405029,1.0,0.023809523809523808
ERICH6-AS1,-0.04060078,-0.27588943,0.9676141613527819,1.0,0.011904761904761904
SLC27A1,-0.040668905,0.09917592,0.967559852623622,1.0,0.047619047619047616
SREBF2,-0.040668905,-0.099595554,0.967559852623622,1.0,0.34523809523809523
LCMT2,-0.04090733,-1.1695806,0.9673697732580817,1.0,0.011904761904761904
CLPTM1,-0.04090733,-0.08464102,0.9673697732580817,1.0,0.20238095238095238
ANKRD35,-0.04094139,-0.25794995,0.967342619214093,1.0,0.03571428571428571
GLUL,-0.04094139,-0.12697767,0.967342619214093,1.0,0.25
AP002851.1,-0.041282002,-0.2862885,0.9670710808620521,1.0,0.023809523809523808
CFD,-0.041418247,-0.116797,0.9669624665885419,1.0,0.023809523809523808
ABRAXAS1,-0.04152043,0.047179397,0.9668810062855202,1.0,0.23809523809523808
CORO2A,-0.041622613,-0.14239176,0.9667995463281086,1.0,0.08333333333333333
DDIT4-AS1,-0.041758858,-0.4710018,0.966690933590643,1.0,0.011904761904761904
FAM182A,-0.041963223,-0.4989537,0.9665280156437107,1.0,0.011904761904761904
AGA,-0.042031344,0.09283473,0.9664737099715439,1.0,0.07142857142857142
ARHGAP32,-0.04209947,-0.4143703,0.9664194044548684,1.0,0.023809523809523808
VCPKMT,-0.04216759,-0.025017465,0.9663650990939358,1.0,0.03571428571428571
SH3BP5-AS1,-0.042303834,-0.042321883,0.9662564888403051,1.0,0.023809523809523808
MAMLD1,-0.04244008,0.01585341,0.9661478792126647,1.0,0.023809523809523808
LINC01547,-0.042576324,-0.6104454,0.9660392702130265,1.0,0.011904761904761904
AL031705.1,-0.042916935,-20.610718,0.9657677504746487,1.0,0.0
AC013564.1,-0.042916935,-20.33858,0.9657677504746487,1.0,0.0
AC073389.2,-0.042916935,-20.858616,0.9657677504746487,1.0,0.0
SPIB,-0.042916935,-20.775442,0.9657677504746487,1.0,0.0
AL590560.3,-0.042916935,-20.548086,0.9657677504746487,1.0,0.0
AC137630.3,-0.042916935,-20.638609,0.9657677504746487,1.0,0.0
PCDH11Y,-0.042916935,-20.680956,0.9657677504746487,1.0,0.0
AL132765.2,-0.042916935,-20.801708,0.9657677504746487,1.0,0.0
AC079313.1,-0.042916935,-20.699959,0.9657677504746487,1.0,0.0
MIR3945HG,-0.042916935,-20.780731,0.9657677504746487,1.0,0.0
TAS2R19,-0.042916935,-20.67872,0.9657677504746487,1.0,0.0
FP326651.1,-0.042916935,-20.665333,0.9657677504746487,1.0,0.0
ANKLE1,-0.042916935,-20.701988,0.9657677504746487,1.0,0.0
AC091173.1,-0.042916935,-20.658623,0.9657677504746487,1.0,0.0
CEP295NL,-0.042916935,-20.56072,0.9657677504746487,1.0,0.0
LIF,-0.042916935,-20.752092,0.9657677504746487,1.0,0.0
LINC01289,-0.042916935,-20.70533,0.9657677504746487,1.0,0.0
SMAD5-AS1,-0.042916935,-20.802269,0.9657677504746487,1.0,0.0
KCNMB1,-0.042916935,-20.580206,0.9657677504746487,1.0,0.0
AC100830.3,-0.042916935,-20.713285,0.9657677504746487,1.0,0.0
AL031118.1,-0.042916935,-20.898983,0.9657677504746487,1.0,0.0
AP002907.1,-0.042916935,-20.641508,0.9657677504746487,1.0,0.0
AC004158.1,-0.042916935,-20.66524,0.9657677504746487,1.0,0.0
AC011479.3,-0.042916935,-20.855612,0.9657677504746487,1.0,0.0
AC108472.1,-0.042916935,-20.736286,0.9657677504746487,1.0,0.0
AL591846.2,-0.042916935,-20.789896,0.9657677504746487,1.0,0.0
AL590666.3,-0.042916935,-20.547796,0.9657677504746487,1.0,0.0
AC025287.3,-0.042916935,-20.633837,0.9657677504746487,1.0,0.0
NPAS3,-0.042916935,-20.882208,0.9657677504746487,1.0,0.0
AC010273.2,-0.042916935,-20.7843,0.9657677504746487,1.0,0.0
CA9,-0.042916935,-20.860498,0.9657677504746487,1.0,0.0
CCNB3,-0.042916935,-20.751282,0.9657677504746487,1.0,0.0
SMIM6,-0.042916935,-20.798588,0.9657677504746487,1.0,0.0
TMED6,-0.042916935,-20.67678,0.9657677504746487,1.0,0.0
AL353770.4,-0.042916935,-20.609196,0.9657677504746487,1.0,0.0
AC073869.3,-0.042916935,-20.624914,0.9657677504746487,1.0,0.0
ANK1,-0.042916935,-20.85698,0.9657677504746487,1.0,0.0
HIST1H3C,-0.042916935,-20.687323,0.9657677504746487,1.0,0.0
SPINT2,-0.042916935,-20.592466,0.9657677504746487,1.0,0.0
CRABP2,-0.042916935,-20.65682,0.9657677504746487,1.0,0.0
AL358472.3,-0.042916935,-20.701624,0.9657677504746487,1.0,0.0
IL1RL1,-0.042916935,-20.793072,0.9657677504746487,1.0,0.0
GLRB,-0.042916935,-20.632387,0.9657677504746487,1.0,0.0
KCNAB1-AS1,-0.042916935,-20.832779,0.9657677504746487,1.0,0.0
AC092354.2,-0.042916935,-20.89326,0.9657677504746487,1.0,0.0
NUDT4B,-0.042916935,-20.732721,0.9657677504746487,1.0,0.0
AC003086.1,-0.042916935,-20.77637,0.9657677504746487,1.0,0.0
AC036222.1,-0.042916935,-20.507645,0.9657677504746487,1.0,0.0
PCED1B-AS1,-0.042916935,-21.056234,0.9657677504746487,1.0,0.0
AL031670.1,-0.042916935,-20.588032,0.9657677504746487,1.0,0.0
PKDCC,-0.042916935,-20.7241,0.9657677504746487,1.0,0.0
AL357140.2,-0.042916935,-20.735044,0.9657677504746487,1.0,0.0
HRH4,-0.042916935,-20.609676,0.9657677504746487,1.0,0.0
SULT1C4,-0.042916935,-20.813843,0.9657677504746487,1.0,0.0
ZMIZ1-AS1,-0.042916935,-20.712084,0.9657677504746487,1.0,0.0
AL008628.1,-0.042916935,-20.603283,0.9657677504746487,1.0,0.0
UBOX5-AS1,-0.042916935,-20.81101,0.9657677504746487,1.0,0.0
AF121898.1,-0.042916935,-20.772497,0.9657677504746487,1.0,0.0
AC130456.5,-0.042916935,-20.717007,0.9657677504746487,1.0,0.0
FAM81A,-0.042916935,-20.520432,0.9657677504746487,1.0,0.0
LINC02452,-0.042916935,-20.725172,0.9657677504746487,1.0,0.0
PRRX1,-0.042916935,-20.76178,0.9657677504746487,1.0,0.0
GP1BA,-0.042916935,-20.547434,0.9657677504746487,1.0,0.0
AC008149.1,-0.042916935,-20.600866,0.9657677504746487,1.0,0.0
SEZ6,-0.042916935,-20.669176,0.9657677504746487,1.0,0.0
AC013565.3,-0.042916935,-20.870018,0.9657677504746487,1.0,0.0
AL589794.2,-0.042916935,-20.657263,0.9657677504746487,1.0,0.0
RBFADN,-0.042916935,-20.74521,0.9657677504746487,1.0,0.0
ANKDD1B,-0.042916935,-20.829945,0.9657677504746487,1.0,0.0
AC015849.3,-0.042916935,-20.735178,0.9657677504746487,1.0,0.0
SIM2,-0.042916935,-20.69219,0.9657677504746487,1.0,0.0
AC127024.4,-0.042916935,-20.562449,0.9657677504746487,1.0,0.0
AC022210.2,-0.042916935,-20.59256,0.9657677504746487,1.0,0.0
CEP83-DT,-0.042916935,-20.68593,0.9657677504746487,1.0,0.0
AC012464.2,-0.042916935,-20.76526,0.9657677504746487,1.0,0.0
LINC00824,-0.042916935,-20.637941,0.9657677504746487,1.0,0.0
AC106739.1,-0.042916935,-20.685425,0.9657677504746487,1.0,0.0
AL121749.1,-0.042916935,-20.713884,0.9657677504746487,1.0,0.0
AC093157.2,-0.042916935,-20.570486,0.9657677504746487,1.0,0.0
AL135791.1,-0.042916935,-20.463175,0.9657677504746487,1.0,0.0
C6orf201,-0.042916935,-21.015732,0.9657677504746487,1.0,0.0
AC007106.2,-0.042916935,-20.55471,0.9657677504746487,1.0,0.0
CSF2,-0.042916935,-20.786264,0.9657677504746487,1.0,0.0
AL645940.1,-0.042916935,-20.897522,0.9657677504746487,1.0,0.0
AC099518.1,-0.042916935,-20.579304,0.9657677504746487,1.0,0.0
AL360270.3,-0.042916935,-20.661148,0.9657677504746487,1.0,0.0
AC093484.4,-0.042916935,-20.743267,0.9657677504746487,1.0,0.0
LINC00840,-0.042916935,-20.983387,0.9657677504746487,1.0,0.0
C4orf36,-0.042916935,-20.567097,0.9657677504746487,1.0,0.0
AL513314.2,-0.042916935,-20.527304,0.9657677504746487,1.0,0.0
GNG7,-0.042916935,-20.740168,0.9657677504746487,1.0,0.0
AC078909.2,-0.042916935,-20.79329,0.9657677504746487,1.0,0.0
AC012557.2,-0.042916935,-20.73826,0.9657677504746487,1.0,0.0
AC016727.3,-0.042916935,-20.901314,0.9657677504746487,1.0,0.0
RAG1,-0.042916935,-20.662855,0.9657677504746487,1.0,0.0
AC040173.1,-0.042916935,-20.659998,0.9657677504746487,1.0,0.0
AL590807.1,-0.042916935,-20.534958,0.9657677504746487,1.0,0.0
ATP6V1G2,-0.042916935,-20.691275,0.9657677504746487,1.0,0.0
AC106820.4,-0.042916935,-20.846933,0.9657677504746487,1.0,0.0
Z69733.1,-0.042916935,-20.77272,0.9657677504746487,1.0,0.0
AC234775.3,-0.042916935,-20.67866,0.9657677504746487,1.0,0.0
AC013726.1,-0.042916935,-20.630365,0.9657677504746487,1.0,0.0
PKIA-AS1,-0.042916935,-20.83828,0.9657677504746487,1.0,0.0
AL162293.1,-0.042916935,-20.685755,0.9657677504746487,1.0,0.0
LINC00449,-0.042916935,-20.670923,0.9657677504746487,1.0,0.0
AC013643.2,-0.042916935,-20.93101,0.9657677504746487,1.0,0.0
PLGLB2,-0.042916935,-20.762602,0.9657677504746487,1.0,0.0
TRPM3,-0.042916935,-20.617994,0.9657677504746487,1.0,0.0
ZBTB46,-0.042916935,-20.78195,0.9657677504746487,1.0,0.0
AC130343.2,-0.042916935,-20.792147,0.9657677504746487,1.0,0.0
CDC42BPG,-0.042916935,-20.842527,0.9657677504746487,1.0,0.0
PIWIL2,-0.042916935,-20.592394,0.9657677504746487,1.0,0.0
AC092802.1,-0.042916935,-20.69544,0.9657677504746487,1.0,0.0
C1QTNF3,-0.042916935,-20.606764,0.9657677504746487,1.0,0.0
TLL1,-0.042916935,-20.644218,0.9657677504746487,1.0,0.0
RAB40A,-0.042916935,-20.753323,0.9657677504746487,1.0,0.0
SH3RF2,-0.042916935,-20.849579,0.9657677504746487,1.0,0.0
LINP1,-0.042916935,-20.638205,0.9657677504746487,1.0,0.0
METTL25,-0.04318942,-0.28720167,0.9655505375401431,1.0,0.03571428571428571
F2RL2,-0.043291606,-0.16888204,0.9654690833478802,1.0,0.011904761904761904
BAHD1,-0.04346191,-0.3054666,0.9653333271619188,1.0,0.03571428571428571
PLPP2,-0.043530032,-0.95375836,0.9652790249686681,1.0,0.011904761904761904
AC007998.4,-0.043632217,-0.09382915,0.9651975719807929,1.0,0.03571428571428571
KCTD17,-0.043870643,-0.1521686,0.965007516422823,1.0,0.10714285714285714
GPC2,-0.04404095,-0.19060151,0.9648717636693364,1.0,0.03571428571428571
AC022613.1,-0.044211254,0.24006271,0.9647360119340468,1.0,0.023809523809523808
PCDH1,-0.044211254,-0.03076524,0.9647360119340468,1.0,0.08333333333333333
NAPRT,-0.044279374,0.05240594,0.9646817115259064,1.0,0.2857142857142857
RPP25,-0.04444968,0.16972288,0.9645459612226944,1.0,0.03571428571428571
TRIM38,-0.044551864,-0.015075105,0.9644645115337772,1.0,0.2976190476190476
SETD9,-0.044551864,0.024164937,0.9644645115337772,1.0,0.11904761904761904
ZGRF1,-0.044619985,0.3222427,0.9644102119471105,1.0,0.011904761904761904
SRD5A1,-0.044619985,0.09750907,0.9644102119471105,1.0,0.07142857142857142
TCF12,-0.044619985,-0.004334247,0.9644102119471105,1.0,0.27380952380952384
LINC00997,-0.044619985,0.27855408,0.9644102119471105,1.0,0.011904761904761904
ECHDC1,-0.04472217,0.0023972527,0.9643287628766563,1.0,0.30952380952380953
SELENOF,-0.04479029,-0.037556984,0.964274463703084,1.0,0.6428571428571429
TXNIP,-0.04482435,0.039805863,0.9642473141784115,1.0,0.5238095238095238
MCM2,-0.04482435,-0.5519816,0.9642473141784115,1.0,0.023809523809523808
CAPN10,-0.04509684,0.2246755,0.9640301194759039,1.0,0.05952380952380952
AC023509.2,-0.04516496,0.04380611,0.963975821216672,1.0,0.011904761904761904
FARP1,-0.045233086,-0.011275935,0.9639215231245013,1.0,0.30952380952380953
C3orf14,-0.04536933,0.11929342,0.9638129274423485,1.0,0.13095238095238096
SLC35G2,-0.04536933,-0.027935171,0.9638129274423485,1.0,0.13095238095238096
NUBP1,-0.04536933,-0.036831904,0.9638129274423485,1.0,0.11904761904761904
AC027373.1,-0.04547151,-0.6879392,0.9637314811211392,1.0,0.011904761904761904
BMP2K,-0.045573696,-0.04661766,0.963650035178363,1.0,0.14285714285714285
SCHIP1,-0.045641817,0.023645107,0.9635957380938388,1.0,0.023809523809523808
AC135050.6,-0.04570994,-0.0032398035,0.9635414411781357,1.0,0.023809523809523808
MFSD3,-0.045744002,0.011911434,0.9635142927836706,1.0,0.23809523809523808
IFIT1,-0.045778062,-20.770805,0.9634871444315051,1.0,0.0
TTLL7-IT1,-0.045778062,-20.719122,0.9634871444315051,1.0,0.0
BACH2,-0.045778062,-20.82364,0.9634871444315051,1.0,0.0
ZNF571-AS1,-0.045778062,-20.768572,0.9634871444315051,1.0,0.0
AP001596.1,-0.045778062,-20.757774,0.9634871444315051,1.0,0.0
PLIN5,-0.045778062,-20.495161,0.9634871444315051,1.0,0.0
DENND2C,-0.045778062,-20.688576,0.9634871444315051,1.0,0.0
AL158071.5,-0.045778062,-20.877459,0.9634871444315051,1.0,0.0
FAM201A,-0.045778062,-20.624071,0.9634871444315051,1.0,0.0
VSTM4,-0.045778062,-20.806929,0.9634871444315051,1.0,0.0
AL021368.1,-0.045778062,-20.690086,0.9634871444315051,1.0,0.0
AC108047.1,-0.045778062,-20.681181,0.9634871444315051,1.0,0.0
C10orf55,-0.045778062,-21.023415,0.9634871444315051,1.0,0.0
AC245884.8,-0.045778062,-20.71297,0.9634871444315051,1.0,0.0
AL136982.3,-0.045778062,-20.760067,0.9634871444315051,1.0,0.0
PDZK1,-0.045778062,-20.896395,0.9634871444315051,1.0,0.0
AC078883.2,-0.045778062,-20.855215,0.9634871444315051,1.0,0.0
AC022387.2,-0.045778062,-20.69061,0.9634871444315051,1.0,0.0
POU5F1B,-0.045778062,-20.74915,0.9634871444315051,1.0,0.0
MMP24,-0.045778062,-20.85631,0.9634871444315051,1.0,0.0
AP001437.1,-0.045778062,-20.88297,0.9634871444315051,1.0,0.0
AC010996.1,-0.045778062,-20.72406,0.9634871444315051,1.0,0.0
AC136475.1,-0.045778062,-20.889425,0.9634871444315051,1.0,0.0
AL353740.1,-0.045778062,-20.90235,0.9634871444315051,1.0,0.0
AC026316.5,-0.045778062,-20.74539,0.9634871444315051,1.0,0.0
ZNF367,-0.045778062,-20.710966,0.9634871444315051,1.0,0.0
ADAMTS16,-0.045778062,-20.792704,0.9634871444315051,1.0,0.0
RASGEF1A,-0.045778062,-20.942047,0.9634871444315051,1.0,0.0
AP001330.1,-0.045778062,-20.678528,0.9634871444315051,1.0,0.0
ZNF451-AS1,-0.045778062,-20.496391,0.9634871444315051,1.0,0.0
AC010327.8,-0.045778062,-20.561346,0.9634871444315051,1.0,0.0
CCDC84-DT,-0.045778062,-20.587753,0.9634871444315051,1.0,0.0
ALKBH3-AS1,-0.045778062,-20.694565,0.9634871444315051,1.0,0.0
AC092071.1,-0.045778062,-20.797836,0.9634871444315051,1.0,0.0
AC004490.1,-0.045778062,-20.77917,0.9634871444315051,1.0,0.0
RETREG1,-0.045778062,-20.776459,0.9634871444315051,1.0,0.0
AP004147.1,-0.045778062,-20.737413,0.9634871444315051,1.0,0.0
ICAM4,-0.045778062,-20.757244,0.9634871444315051,1.0,0.0
GPR63,-0.045778062,-20.666576,0.9634871444315051,1.0,0.0
AL049552.1,-0.045778062,-20.88722,0.9634871444315051,1.0,0.0
AL136418.1,-0.045778062,-20.947886,0.9634871444315051,1.0,0.0
AL008729.1,-0.045778062,-20.885145,0.9634871444315051,1.0,0.0
PART1,-0.045778062,-20.84743,0.9634871444315051,1.0,0.0
AC104561.4,-0.045778062,-20.885933,0.9634871444315051,1.0,0.0
C1orf61,-0.045778062,-20.576221,0.9634871444315051,1.0,0.0
AC144450.1,-0.045778062,-20.794575,0.9634871444315051,1.0,0.0
RFPL3S,-0.045778062,-20.756714,0.9634871444315051,1.0,0.0
AF131215.6,-0.045778062,-20.602388,0.9634871444315051,1.0,0.0
AC115284.4,-0.045778062,-20.58936,0.9634871444315051,1.0,0.0
AL583722.2,-0.045778062,-21.089012,0.9634871444315051,1.0,0.0
CAPN3,-0.045778062,-20.883171,0.9634871444315051,1.0,0.0
MRTFA-AS1,-0.045778062,-20.713894,0.9634871444315051,1.0,0.0
ACSBG1,-0.045778062,-20.944052,0.9634871444315051,1.0,0.0
AC130324.3,-0.045778062,-20.908108,0.9634871444315051,1.0,0.0
AC211476.2,-0.045778062,-20.529133,0.9634871444315051,1.0,0.0
AC105001.1,-0.045778062,-20.834846,0.9634871444315051,1.0,0.0
CYB561D2-1,-0.045778062,-20.718708,0.9634871444315051,1.0,0.0
AC021097.2,-0.045778062,-20.856794,0.9634871444315051,1.0,0.0
AC020651.1,-0.045778062,-20.994814,0.9634871444315051,1.0,0.0
AC023906.5,-0.045778062,-20.87498,0.9634871444315051,1.0,0.0
AC133919.1,-0.045778062,-20.777529,0.9634871444315051,1.0,0.0
AC113410.4,-0.045778062,-20.922232,0.9634871444315051,1.0,0.0
AC107081.2,-0.045778062,-20.714231,0.9634871444315051,1.0,0.0
TRIM58,-0.045778062,-20.750864,0.9634871444315051,1.0,0.0
LYG2,-0.045778062,-20.880482,0.9634871444315051,1.0,0.0
AC110792.3,-0.045778062,-20.87335,0.9634871444315051,1.0,0.0
INTS9-AS1,-0.045778062,-20.710312,0.9634871444315051,1.0,0.0
PPM1H,-0.045778062,-20.683638,0.9634871444315051,1.0,0.0
AC010883.3,-0.045778062,-20.693747,0.9634871444315051,1.0,0.0
IRS2,-0.045778062,-20.69012,0.9634871444315051,1.0,0.0
AC016722.2,-0.045778062,-20.8621,0.9634871444315051,1.0,0.0
AC018695.2,-0.045778062,-20.902222,0.9634871444315051,1.0,0.0
MUSTN1,-0.045778062,-20.614956,0.9634871444315051,1.0,0.0
PRKY,-0.045778062,-21.04137,0.9634871444315051,1.0,0.0
AC009318.4,-0.045778062,-20.903673,0.9634871444315051,1.0,0.0
NRXN3,-0.045778062,-20.753473,0.9634871444315051,1.0,0.0
AC039056.2,-0.045778062,-20.763994,0.9634871444315051,1.0,0.0
AC007216.2,-0.045778062,-20.77827,0.9634871444315051,1.0,0.0
ACSL6,-0.045778062,-20.722775,0.9634871444315051,1.0,0.0
DND1,-0.045778062,-21.017479,0.9634871444315051,1.0,0.0
AC107308.1,-0.045778062,-20.88478,0.9634871444315051,1.0,0.0
XKR4,-0.045778062,-20.828741,0.9634871444315051,1.0,0.0
AC138969.1,-0.045778062,-20.643652,0.9634871444315051,1.0,0.0
RRS1-AS1,-0.045778062,-20.755674,0.9634871444315051,1.0,0.0
AL024498.1,-0.045778062,-20.628424,0.9634871444315051,1.0,0.0
AL031600.3,-0.045778062,-20.876194,0.9634871444315051,1.0,0.0
BX284668.6,-0.045778062,-20.956408,0.9634871444315051,1.0,0.0
HIST1H4J,-0.045778062,-20.86598,0.9634871444315051,1.0,0.0
BAIAP3,-0.045778062,-20.703993,0.9634871444315051,1.0,0.0
EMID1,-0.045778062,-20.956755,0.9634871444315051,1.0,0.0
TNFRSF4,-0.045778062,-20.982811,0.9634871444315051,1.0,0.0
LINC00632,-0.045778062,-20.81372,0.9634871444315051,1.0,0.0
AC132825.3,-0.045778062,-20.849699,0.9634871444315051,1.0,0.0
NPIPA2,-0.045778062,-20.69009,0.9634871444315051,1.0,0.0
MIXL1,-0.045778062,-20.664387,0.9634871444315051,1.0,0.0
FP325332.1,-0.045778062,-20.712952,0.9634871444315051,1.0,0.0
LINC00173,-0.045778062,-20.919226,0.9634871444315051,1.0,0.0
AC026462.3,-0.045778062,-20.752611,0.9634871444315051,1.0,0.0
KLRD1,-0.045778062,-20.834385,0.9634871444315051,1.0,0.0
AC073592.1,-0.045778062,-20.794485,0.9634871444315051,1.0,0.0
LCMT1-AS2,-0.045778062,-20.756853,0.9634871444315051,1.0,0.0
AL136038.5,-0.045812123,0.005036856,0.9634599961216707,1.0,0.05952380952380952
ZBTB8A,-0.045812123,0.0751284,0.9634599961216707,1.0,0.13095238095238096
HSF4,-0.045914307,-0.15304719,0.9633785514464677,1.0,0.011904761904761904
CDHR3,-0.045948368,-0.79002106,0.9633514033062716,1.0,0.011904761904761904
FOXO3,-0.046220858,-0.010988833,0.9631342197169168,1.0,0.20238095238095238
IFT172,-0.046527404,-0.20267272,0.9628898914492731,1.0,0.047619047619047616
TMEM161A,-0.046527404,0.06433764,0.9628898914492731,1.0,0.16666666666666666
AC007098.1,-0.046527404,-0.20061725,0.9628898914492731,1.0,0.011904761904761904
ABCA3,-0.046527404,-0.052347705,0.9628898914492731,1.0,0.15476190476190477
AL512662.2,-0.04666365,-0.2511772,0.9627813022253198,1.0,0.011904761904761904
NASP,-0.046868015,-0.035743874,0.9626184196844629,1.0,0.6190476190476191
SUPT20H,-0.046868015,-0.09837973,0.9626184196844629,1.0,0.2857142857142857
CCNJ,-0.046868015,-0.21558209,0.9626184196844629,1.0,0.03571428571428571
STRN4,-0.046868015,-0.0075372714,0.9626184196844629,1.0,0.2261904761904762
KDM4B,-0.046902075,-0.17230973,0.9625912727458152,1.0,0.15476190476190477
ING3,-0.04693614,-0.085568376,0.9625641258505357,1.0,0.09523809523809523
ASB6,-0.04700426,0.21444242,0.9625098321902068,1.0,0.047619047619047616
CHML,-0.04703832,-0.17988409,0.9624826854252202,1.0,0.03571428571428571
MKKS,-0.04703832,-0.0024816063,0.9624826854252202,1.0,0.08333333333333333
AL354822.1,-0.047208626,-0.2225403,0.9623469522533233,1.0,0.05952380952380952
SPANXA2-OT1,-0.04734487,-0.5437022,0.9622383665013345,1.0,0.011904761904761904
KIFAP3,-0.04761736,-0.12663342,0.9620211971006472,1.0,0.2857142857142857
AL022162.1,-0.04768548,-0.5071951,0.9619669051901271,1.0,0.011904761904761904
AC012467.2,-0.047855787,0.11951834,0.9618311761859674,1.0,0.011904761904761904
OSBPL3,-0.047889847,0.018462757,0.9618040305177536,1.0,0.21428571428571427
RECQL4,-0.047957968,-0.59555215,0.9617497393141959,1.0,0.011904761904761904
AC025857.2,-0.047957968,-0.5233994,0.9617497393141959,1.0,0.023809523809523808
ZMYND8,-0.048060153,0.045491677,0.9616683028415047,1.0,0.5833333333333334
HIST1H4E,-0.048230458,-0.61221117,0.9615325762761684,1.0,0.011904761904761904
RAD51B,-0.048366703,-0.18902111,0.9614239958263958,1.0,0.023809523809523808
ZNF550,-0.048366703,0.04105593,0.9614239958263958,1.0,0.023809523809523808
MED14OS,-0.04860513,-0.1671566,0.9612339817621957,1.0,0.011904761904761904
HSD17B13,-0.04863919,-20.833776,0.9612068370753869,1.0,0.0
SRGAP3,-0.04863919,-20.772787,0.9612068370753869,1.0,0.0
ACSS1,-0.04863919,-20.93899,0.9612068370753869,1.0,0.0
ARHGAP11B,-0.04863919,-20.771576,0.9612068370753869,1.0,0.0
LINC00929,-0.04863919,-20.710747,0.9612068370753869,1.0,0.0
APOD,-0.04863919,-21.064625,0.9612068370753869,1.0,0.0
CCDC144A,-0.04863919,-21.072762,0.9612068370753869,1.0,0.0
AC104024.4,-0.04863919,-20.901415,0.9612068370753869,1.0,0.0
ZNF883,-0.04863919,-20.536793,0.9612068370753869,1.0,0.0
AC010491.1,-0.04863919,-20.836313,0.9612068370753869,1.0,0.0
MEGF11,-0.04863919,-20.788927,0.9612068370753869,1.0,0.0
AC122129.1,-0.04863919,-20.884308,0.9612068370753869,1.0,0.0
AL008730.1,-0.04863919,-20.830753,0.9612068370753869,1.0,0.0
EPN2-AS1,-0.04863919,-20.854374,0.9612068370753869,1.0,0.0
AC026202.2,-0.04863919,-20.934116,0.9612068370753869,1.0,0.0
AL023806.2,-0.04863919,-21.104677,0.9612068370753869,1.0,0.0
LINC01068,-0.04863919,-20.687054,0.9612068370753869,1.0,0.0
AL390195.1,-0.04863919,-20.753847,0.9612068370753869,1.0,0.0
SCN11A,-0.04863919,-20.927248,0.9612068370753869,1.0,0.0
AC099791.2,-0.04863919,-20.854631,0.9612068370753869,1.0,0.0
ADD3-AS1,-0.04863919,-20.989721,0.9612068370753869,1.0,0.0
AL355377.4,-0.04863919,-21.042166,0.9612068370753869,1.0,0.0
CFAP58,-0.04863919,-20.991837,0.9612068370753869,1.0,0.0
NYAP2,-0.04863919,-20.810781,0.9612068370753869,1.0,0.0
AC007613.1,-0.04863919,-20.981873,0.9612068370753869,1.0,0.0
LINC00640,-0.04863919,-20.900799,0.9612068370753869,1.0,0.0
RIPOR3,-0.04863919,-20.763733,0.9612068370753869,1.0,0.0
AC007240.3,-0.04863919,-21.060574,0.9612068370753869,1.0,0.0
AC016743.1,-0.04863919,-20.708532,0.9612068370753869,1.0,0.0
AC020910.2,-0.04863919,-20.841738,0.9612068370753869,1.0,0.0
NPIPA5,-0.04863919,-20.955624,0.9612068370753869,1.0,0.0
AD000090.1,-0.04863919,-20.882692,0.9612068370753869,1.0,0.0
AC114939.1,-0.04863919,-20.85093,0.9612068370753869,1.0,0.0
PLEKHH1,-0.04863919,-20.90231,0.9612068370753869,1.0,0.0
MSMB,-0.04863919,-20.819643,0.9612068370753869,1.0,0.0
AC074024.1,-0.04863919,-20.873379,0.9612068370753869,1.0,0.0
TMEM178A,-0.04863919,-20.785492,0.9612068370753869,1.0,0.0
JAK3,-0.04863919,-20.799759,0.9612068370753869,1.0,0.0
FCHO1,-0.04863919,-20.87269,0.9612068370753869,1.0,0.0
GATA3,-0.04863919,-20.80467,0.9612068370753869,1.0,0.0
AC068733.3,-0.04863919,-20.825293,0.9612068370753869,1.0,0.0
FAM182B,-0.04863919,-20.878344,0.9612068370753869,1.0,0.0
ICAM5,-0.04863919,-20.88831,0.9612068370753869,1.0,0.0
SOHLH2,-0.04863919,-20.954447,0.9612068370753869,1.0,0.0
LINC02341,-0.04863919,-20.831236,0.9612068370753869,1.0,0.0
AC092943.2,-0.04863919,-20.836412,0.9612068370753869,1.0,0.0
AL359711.2,-0.04863919,-21.115568,0.9612068370753869,1.0,0.0
AL691432.4,-0.04863919,-20.855196,0.9612068370753869,1.0,0.0
CIITA,-0.04863919,-21.196747,0.9612068370753869,1.0,0.0
P2RX1,-0.04863919,-20.91799,0.9612068370753869,1.0,0.0
LRRC39,-0.04863919,-20.928886,0.9612068370753869,1.0,0.0
SLC11A1,-0.04863919,-20.878008,0.9612068370753869,1.0,0.0
AC005785.1,-0.04863919,-20.97581,0.9612068370753869,1.0,0.0
BHLHE40-AS1,-0.04863919,-20.909512,0.9612068370753869,1.0,0.0
DUSP10,-0.04863919,-21.061052,0.9612068370753869,1.0,0.0
AC063960.2,-0.04863919,-20.904865,0.9612068370753869,1.0,0.0
C21orf62,-0.04863919,-20.803688,0.9612068370753869,1.0,0.0
ARHGEF26-AS1,-0.04863919,-21.077602,0.9612068370753869,1.0,0.0
SPATA21,-0.04863919,-20.984926,0.9612068370753869,1.0,0.0
Z69666.1,-0.04863919,-20.899746,0.9612068370753869,1.0,0.0
PTCH2,-0.04863919,-20.924767,0.9612068370753869,1.0,0.0
AL583856.2,-0.04863919,-20.953232,0.9612068370753869,1.0,0.0
AC068620.1,-0.04863919,-20.552523,0.9612068370753869,1.0,0.0
AC103739.3,-0.04863919,-20.877604,0.9612068370753869,1.0,0.0
MYO15B,-0.04863919,-20.947586,0.9612068370753869,1.0,0.0
SORL1,-0.04863919,-20.73908,0.9612068370753869,1.0,0.0
AC105094.2,-0.04863919,-20.826233,0.9612068370753869,1.0,0.0
LSMEM2,-0.04863919,-20.875563,0.9612068370753869,1.0,0.0
ERFE,-0.04863919,-20.807926,0.9612068370753869,1.0,0.0
MYOZ3,-0.04863919,-21.217886,0.9612068370753869,1.0,0.0
AC099811.4,-0.04863919,-21.11141,0.9612068370753869,1.0,0.0
AC005618.1,-0.04863919,-20.819326,0.9612068370753869,1.0,0.0
AL096701.4,-0.04863919,-20.798126,0.9612068370753869,1.0,0.0
AC016355.1,-0.04863919,-20.947643,0.9612068370753869,1.0,0.0
AC007655.2,-0.04863919,-20.874966,0.9612068370753869,1.0,0.0
AC025048.4,-0.04863919,-20.892086,0.9612068370753869,1.0,0.0
AC103853.2,-0.04863919,-20.835865,0.9612068370753869,1.0,0.0
AL365181.1,-0.04863919,-20.667515,0.9612068370753869,1.0,0.0
LINC00589,-0.04863919,-21.108446,0.9612068370753869,1.0,0.0
C1QL1,-0.04863919,-20.806202,0.9612068370753869,1.0,0.0
AC138150.2,-0.04863919,-21.019604,0.9612068370753869,1.0,0.0
ASS1,-0.04863919,-20.94775,0.9612068370753869,1.0,0.0
AC090772.3,-0.04863919,-20.913399,0.9612068370753869,1.0,0.0
RPRML,-0.04863919,-20.805052,0.9612068370753869,1.0,0.0
AL020997.2,-0.04863919,-20.727983,0.9612068370753869,1.0,0.0
IGF1R,-0.04863919,-20.767435,0.9612068370753869,1.0,0.0
MIR600HG,-0.04863919,-20.907518,0.9612068370753869,1.0,0.0
AC068338.3,-0.04863919,-20.77241,0.9612068370753869,1.0,0.0
LINC01909,-0.04863919,-20.94968,0.9612068370753869,1.0,0.0
AC137630.4,-0.04863919,-20.792168,0.9612068370753869,1.0,0.0
LINC01515,-0.04863919,-20.773184,0.9612068370753869,1.0,0.0
PATE2,-0.04863919,-21.006432,0.9612068370753869,1.0,0.0
NKAPL,-0.04863919,-20.899069,0.9612068370753869,1.0,0.0
MIAT,-0.04863919,-20.861286,0.9612068370753869,1.0,0.0
AC018529.1,-0.04863919,-20.956045,0.9612068370753869,1.0,0.0
AC078795.1,-0.04863919,-20.94737,0.9612068370753869,1.0,0.0
ZNF727,-0.04863919,-20.639984,0.9612068370753869,1.0,0.0
LINC02397,-0.04863919,-20.9204,0.9612068370753869,1.0,0.0
LINC02540,-0.04863919,-20.83449,0.9612068370753869,1.0,0.0
AL365226.2,-0.04863919,-20.8757,0.9612068370753869,1.0,0.0
AL450992.2,-0.04863919,-21.033903,0.9612068370753869,1.0,0.0
CAMTA1,-0.048673254,-0.019792283,0.9611796924335487,1.0,0.7142857142857143
ELK3,-0.049013864,0.004935804,0.9609082484954633,1.0,0.6190476190476191
MYO5B,-0.049013864,-0.05896955,0.9609082484954633,1.0,0.03571428571428571
MAP3K3,-0.049116045,-0.03565549,0.9608268161962743,1.0,0.2619047619047619
SHLD3,-0.049116045,-0.7937207,0.9608268161962743,1.0,0.011904761904761904
GCAT,-0.049150106,-0.011776187,0.9607996721873237,1.0,0.2857142857142857
ZNF709,-0.04918417,0.051288143,0.960772528223815,1.0,0.023809523809523808
ERCC6L,-0.04925229,-0.99425906,0.9607182404332487,1.0,0.011904761904761904
NCKIPSD,-0.049388535,-0.17754714,0.960609665398801,1.0,0.03571428571428571
MPST,-0.049388535,0.028420303,0.960609665398801,1.0,0.5
MOAP1,-0.049388535,-0.2711923,0.960609665398801,1.0,0.05952380952380952
AL139317.5,-0.049524777,-0.2921798,0.9605010910949418,1.0,0.023809523809523808
ORC5,-0.049524777,-0.07984878,0.9605010910949418,1.0,0.07142857142857142
FAM217B,-0.0495929,-0.051608343,0.960446804217611,1.0,0.19047619047619047
ACOT11,-0.049729146,-0.762332,0.960338231013404,1.0,0.023809523809523808
TYW1,-0.049797267,-0.25678483,0.9602839446870303,1.0,0.07142857142857142
AUP1,-0.049831327,0.026990466,0.9602568015928857,1.0,0.40476190476190477
AL080317.2,-0.049831327,-0.34623992,0.9602568015928857,1.0,0.011904761904761904
AC004918.1,-0.04989945,-0.40211755,0.9602025155428386,1.0,0.011904761904761904
CBX7,-0.050103817,-0.52649665,0.9600396585008938,1.0,0.023809523809523808
CNOT9,-0.050205998,-0.032853123,0.9599582306048368,1.0,0.23809523809523808
KIF4B,-0.050342243,0.07257156,0.9598496607267265,1.0,0.047619047619047616
HRAS,-0.050444428,0.00017880235,0.9597682338067177,1.0,0.4166666666666667
GDF15,-0.050444428,-0.0134440595,0.9597682338067177,1.0,0.5714285714285714
ZBTB47,-0.05051255,-0.13784714,0.9597139494265038,1.0,0.07142857142857142
LINC01270,-0.050682854,0.10716508,0.9595782392937398,1.0,0.011904761904761904
YY2,-0.050682854,-0.22223504,0.9595782392937398,1.0,0.023809523809523808
MED7,-0.050955344,-0.1743659,0.9593611055194311,1.0,0.09523809523809523
NAV2-AS3,-0.050989404,-0.6562255,0.9593339640092927,1.0,0.011904761904761904
SMAD6,-0.051295955,-0.055846743,0.9590896925430283,1.0,0.011904761904761904
PRPF40B,-0.051364075,-0.12270166,0.9590354105157914,1.0,0.08333333333333333
WWTR1-AS1,-0.05150032,-21.051449,0.9589268470313709,1.0,0.0
ZNF641,-0.05150032,-20.885124,0.9589268470313709,1.0,0.0
AC007218.3,-0.05150032,-20.953276,0.9589268470313709,1.0,0.0
ACAN,-0.05150032,-20.997519,0.9589268470313709,1.0,0.0
GPR1,-0.05150032,-20.862389,0.9589268470313709,1.0,0.0
AC007563.2,-0.05150032,-20.982033,0.9589268470313709,1.0,0.0
PRKG1-AS1,-0.05150032,-20.928667,0.9589268470313709,1.0,0.0
AC099535.2,-0.05150032,-21.343906,0.9589268470313709,1.0,0.0
AP001527.2,-0.05150032,-20.960163,0.9589268470313709,1.0,0.0
AC008011.2,-0.05150032,-21.06152,0.9589268470313709,1.0,0.0
AC005840.2,-0.05150032,-21.070953,0.9589268470313709,1.0,0.0
MDH1B,-0.05150032,-20.907986,0.9589268470313709,1.0,0.0
AL133346.1,-0.05150032,-20.785765,0.9589268470313709,1.0,0.0
LINC00240,-0.05150032,-21.108316,0.9589268470313709,1.0,0.0
AL590822.3,-0.05150032,-20.953835,0.9589268470313709,1.0,0.0
CXCL11,-0.05150032,-20.883993,0.9589268470313709,1.0,0.0
LINC00534,-0.05150032,-20.972015,0.9589268470313709,1.0,0.0
CELSR3,-0.05150032,-20.85607,0.9589268470313709,1.0,0.0
PIANP,-0.05150032,-21.093512,0.9589268470313709,1.0,0.0
SMARCA5-AS1,-0.05150032,-20.94987,0.9589268470313709,1.0,0.0
LINC02840,-0.05150032,-20.897942,0.9589268470313709,1.0,0.0
MYH7B,-0.05150032,-21.10086,0.9589268470313709,1.0,0.0
AC002044.1,-0.05150032,-20.982906,0.9589268470313709,1.0,0.0
AC097641.2,-0.05150032,-20.836458,0.9589268470313709,1.0,0.0
TUBB1,-0.05150032,-21.170256,0.9589268470313709,1.0,0.0
VGF,-0.05150032,-21.124868,0.9589268470313709,1.0,0.0
AL139099.1,-0.05150032,-21.05636,0.9589268470313709,1.0,0.0
TLR1,-0.05150032,-21.22935,0.9589268470313709,1.0,0.0
AC009053.2,-0.05150032,-20.907654,0.9589268470313709,1.0,0.0
AC008914.1,-0.05150032,-21.236725,0.9589268470313709,1.0,0.0
MORN5,-0.05150032,-20.891033,0.9589268470313709,1.0,0.0
AL391335.1,-0.05150032,-20.91593,0.9589268470313709,1.0,0.0
LINC00211,-0.05150032,-20.968025,0.9589268470313709,1.0,0.0
AL356356.1,-0.05150032,-21.076427,0.9589268470313709,1.0,0.0
ADRB2,-0.05150032,-0.044889066,0.9589268470313709,1.0,0.09523809523809523
TMEM232,-0.05150032,-20.82549,0.9589268470313709,1.0,0.0
ADGRE2,-0.05150032,-21.040207,0.9589268470313709,1.0,0.0
SPDYE5,-0.05150032,-21.041788,0.9589268470313709,1.0,0.0
CAMK2N1,-0.05150032,-21.113787,0.9589268470313709,1.0,0.0
AC012485.1,-0.05150032,-21.06594,0.9589268470313709,1.0,0.0
MTCP1,-0.05150032,-20.955647,0.9589268470313709,1.0,0.0
AC008443.8,-0.05150032,-20.985779,0.9589268470313709,1.0,0.0
AL355312.2,-0.05150032,-20.990108,0.9589268470313709,1.0,0.0
PCDHGA1,-0.05150032,-20.88439,0.9589268470313709,1.0,0.0
LINC02669,-0.05150032,-21.060852,0.9589268470313709,1.0,0.0
LINC01433,-0.05150032,-20.803349,0.9589268470313709,1.0,0.0
PGM5,-0.05150032,-20.909407,0.9589268470313709,1.0,0.0
AC015971.1,-0.05150032,-21.076702,0.9589268470313709,1.0,0.0
AC089984.1,-0.05150032,-21.077026,0.9589268470313709,1.0,0.0
ANGPTL1,-0.05150032,-20.872324,0.9589268470313709,1.0,0.0
AC012065.4,-0.05150032,-21.088318,0.9589268470313709,1.0,0.0
AC104118.1,-0.05150032,-20.979221,0.9589268470313709,1.0,0.0
C7orf57,-0.05150032,-20.977575,0.9589268470313709,1.0,0.0
AC025165.2,-0.05150032,-20.84851,0.9589268470313709,1.0,0.0
AC092681.3,-0.05150032,-20.823421,0.9589268470313709,1.0,0.0
CASC11,-0.05150032,-20.96223,0.9589268470313709,1.0,0.0
CCDC26,-0.05150032,-20.894733,0.9589268470313709,1.0,0.0
PJVK,-0.05150032,-20.955435,0.9589268470313709,1.0,0.0
AC104964.3,-0.05150032,-20.917767,0.9589268470313709,1.0,0.0
CHRD,-0.05150032,-20.919378,0.9589268470313709,1.0,0.0
FSIP2-AS1,-0.05150032,-20.900015,0.9589268470313709,1.0,0.0
AC068790.2,-0.05150032,-20.991608,0.9589268470313709,1.0,0.0
SLC1A2,-0.05150032,-20.985323,0.9589268470313709,1.0,0.0
RABGAP1L-DT,-0.05150032,-21.074833,0.9589268470313709,1.0,0.0
AL136146.2,-0.05150032,-21.047691,0.9589268470313709,1.0,0.0
TP73,-0.05150032,-21.131428,0.9589268470313709,1.0,0.0
AL158214.2,-0.05150032,-20.987284,0.9589268470313709,1.0,0.0
STARD13-IT1,-0.05150032,-21.012484,0.9589268470313709,1.0,0.0
RRP8,-0.05150032,0.046912394,0.9589268470313709,1.0,0.27380952380952384
LINC02656,-0.05150032,-21.034883,0.9589268470313709,1.0,0.0
HCG27,-0.05150032,-20.806953,0.9589268470313709,1.0,0.0
AC012358.1,-0.05150032,-20.89164,0.9589268470313709,1.0,0.0
COL11A1,-0.05150032,-20.876823,0.9589268470313709,1.0,0.0
IL7R,-0.05150032,-20.902084,0.9589268470313709,1.0,0.0
MAST1,-0.05150032,-20.864834,0.9589268470313709,1.0,0.0
LINC01771,-0.05150032,-21.048939,0.9589268470313709,1.0,0.0
LYPD5,-0.05150032,-20.92928,0.9589268470313709,1.0,0.0
LINC02099,-0.05150032,-20.958755,0.9589268470313709,1.0,0.0
RPS6KA2-IT1,-0.05150032,-21.067524,0.9589268470313709,1.0,0.0
OR1I1,-0.05150032,-21.02578,0.9589268470313709,1.0,0.0
LKAAEAR1,-0.05150032,-20.988499,0.9589268470313709,1.0,0.0
AL390208.1,-0.05150032,-21.101349,0.9589268470313709,1.0,0.0
ALDH1L1,-0.05150032,-20.99447,0.9589268470313709,1.0,0.0
PEX5L,-0.05150032,-21.1508,0.9589268470313709,1.0,0.0
PI16,-0.05150032,-21.079407,0.9589268470313709,1.0,0.0
METTL14-DT,-0.05150032,-21.108517,0.9589268470313709,1.0,0.0
AC109587.1,-0.05150032,-20.99707,0.9589268470313709,1.0,0.0
LINC02749,-0.05150032,-21.07229,0.9589268470313709,1.0,0.0
IL20RB,-0.05150032,-20.810701,0.9589268470313709,1.0,0.0
TLR7,-0.05150032,-21.141756,0.9589268470313709,1.0,0.0
PNPLA4,-0.05150032,-20.94464,0.9589268470313709,1.0,0.0
EEPD1,-0.05153438,-0.7338696,0.9588997062792102,1.0,0.011904761904761904
PTPN12,-0.05156844,-0.0030239243,0.9588725655746899,1.0,0.47619047619047616
VEGFC,-0.051636565,-0.021010585,0.9588182843086966,1.0,0.11904761904761904
Z82215.1,-0.05184093,0.31688625,0.9586554416573558,1.0,0.023809523809523808
NOA1,-0.051977176,-0.07423302,0.95854688084784,1.0,0.14285714285714285
AC064836.4,-0.051977176,-0.29592133,0.95854688084784,1.0,0.011904761904761904
ZSCAN21,-0.052079357,-0.18094653,0.9584654607451054,1.0,0.047619047619047616
NGDN,-0.052181542,-0.12461085,0.9583840410756577,1.0,0.11904761904761904
HMGN1,-0.052249663,0.009704442,0.9583297615371594,1.0,1.0
TMEM170A,-0.052317787,-0.12846601,0.9582754821918611,1.0,0.16666666666666666
PUSL1,-0.052488092,0.026133271,0.9581397846755135,1.0,0.10714285714285714
SLC25A22,-0.05276058,-0.12134663,0.9579226711740191,1.0,0.08333333333333333
CHURC1,-0.05276058,0.013808843,0.9579226711740191,1.0,0.8214285714285714
NSDHL,-0.05279464,-0.07130093,0.957895532205472,1.0,0.21428571428571427
SLC25A35,-0.052862763,-0.3854147,0.9578412544148163,1.0,0.047619047619047616
TRIM13,-0.052896824,-0.027390536,0.9578141155927704,1.0,0.23809523809523808
CDRT4,-0.052930884,-0.51436925,0.9577869768196212,1.0,0.023809523809523808
SERPINB8,-0.05303307,0.10024482,0.9577055607938667,1.0,0.13095238095238096
MINDY1,-0.05306713,0.1024311,0.9576784222166177,1.0,0.023809523809523808
CCDC58,-0.05306713,0.073531054,0.9576784222166177,1.0,0.19047619047619047
AC132192.2,-0.05310119,0.14330716,0.9576512836884222,1.0,0.011904761904761904
ZNF224,-0.053271495,0.43535423,0.9575155917843469,1.0,0.08333333333333333
ZNF670,-0.05340774,0.1310165,0.9574070391472527,1.0,0.023809523809523808
CCNH,-0.0534418,-0.05245326,0.9573799011113194,1.0,0.21428571428571427
ZNF707,-0.05350992,0.1293772,0.9573256251876809,1.0,0.011904761904761904
ZNF222,-0.053612106,-0.53799975,0.9572442116732645,1.0,0.011904761904761904
ZBTB37,-0.053680226,0.020915557,0.9571899362447137,1.0,0.07142857142857142
CDK5R1,-0.05371429,-0.016521964,0.9571627986048507,1.0,0.011904761904761904
PLK1,-0.05371429,0.010070012,0.9571627986048507,1.0,0.05952380952380952
TCTEX1D1,-0.05374835,-0.08657146,0.9571356610146375,1.0,0.07142857142857142
SUSD1,-0.05381647,-0.13884926,0.9570813859832872,1.0,0.047619047619047616
APEH,-0.053952716,0.04389529,0.9569728365177683,1.0,0.27380952380952384
NPTN-IT1,-0.053952716,0.11220033,0.9569728365177683,1.0,0.023809523809523808
ELAC1,-0.054020837,-0.46093598,0.9569185620841021,1.0,0.047619047619047616
SCAMP1-AS1,-0.05408896,-0.18564218,0.9568642878501661,1.0,0.07142857142857142
SNHG20,-0.05408896,-0.1450688,0.9568642878501661,1.0,0.09523809523809523
WDR12,-0.05408896,-0.092227355,0.9568642878501661,1.0,0.30952380952380953
AC067930.8,-0.05412302,-0.06565736,0.9568371508081754,1.0,0.011904761904761904
AC011287.1,-0.054361448,-21.010681,0.9566471929167476,1.0,0.0
AL022345.4,-0.054361448,-20.992716,0.9566471929167476,1.0,0.0
AC068831.1,-0.054361448,-20.99293,0.9566471929167476,1.0,0.0
AC068870.2,-0.054361448,-21.217161,0.9566471929167476,1.0,0.0
AC092171.4,-0.054361448,-21.162199,0.9566471929167476,1.0,0.0
C9orf106,-0.054361448,-21.137491,0.9566471929167476,1.0,0.0
ZNF525,-0.054361448,-21.149176,0.9566471929167476,1.0,0.0
AC090510.1,-0.054361448,-20.945292,0.9566471929167476,1.0,0.0
SHISA9,-0.054361448,-21.084747,0.9566471929167476,1.0,0.0
B3GNT7,-0.054361448,-21.118612,0.9566471929167476,1.0,0.0
SEPTIN7-AS1,-0.054361448,-20.917969,0.9566471929167476,1.0,0.0
GOLGA6L7,-0.054361448,-21.045137,0.9566471929167476,1.0,0.0
IGFL2,-0.054361448,-21.224987,0.9566471929167476,1.0,0.0
PTOV1-AS1,-0.054361448,-21.025599,0.9566471929167476,1.0,0.0
AC069277.1,-0.054361448,-21.227968,0.9566471929167476,1.0,0.0
AC003965.1,-0.054361448,-20.96658,0.9566471929167476,1.0,0.0
LINC01285,-0.054361448,-20.938187,0.9566471929167476,1.0,0.0
AL031673.1,-0.054361448,-21.01024,0.9566471929167476,1.0,0.0
GET4,-0.054361448,-21.126387,0.9566471929167476,1.0,0.0
AL021155.5,-0.054361448,-21.181688,0.9566471929167476,1.0,0.0
AP002884.3,-0.054361448,-21.251478,0.9566471929167476,1.0,0.0
LINC01206,-0.054361448,-20.978447,0.9566471929167476,1.0,0.0
RAMP2,-0.054361448,-21.017143,0.9566471929167476,1.0,0.0
PRR22,-0.054361448,-21.240976,0.9566471929167476,1.0,0.0
WNT4,-0.054361448,-20.912977,0.9566471929167476,1.0,0.0
RSPH4A,-0.054361448,-20.884466,0.9566471929167476,1.0,0.0
PWP2,-0.054361448,-20.967638,0.9566471929167476,1.0,0.0
AL138824.1,-0.054361448,-21.051527,0.9566471929167476,1.0,0.0
MEDAG,-0.054361448,-21.05247,0.9566471929167476,1.0,0.0
C1orf162,-0.054361448,-20.957157,0.9566471929167476,1.0,0.0
AC044849.1,-0.054361448,-20.886187,0.9566471929167476,1.0,0.0
DSG2,-0.054361448,-21.11218,0.9566471929167476,1.0,0.0
VDR,-0.054361448,-21.040346,0.9566471929167476,1.0,0.0
AC024940.6,-0.054361448,-21.136425,0.9566471929167476,1.0,0.0
DRD4,-0.054361448,-21.03783,0.9566471929167476,1.0,0.0
RNASEH2B-AS1,-0.054361448,-20.913752,0.9566471929167476,1.0,0.0
CU633967.1,-0.054361448,-20.898748,0.9566471929167476,1.0,0.0
C17orf113,-0.054361448,-21.112673,0.9566471929167476,1.0,0.0
SAMD5,-0.054361448,-21.098625,0.9566471929167476,1.0,0.0
AC004839.2,-0.054361448,-21.179388,0.9566471929167476,1.0,0.0
AC090921.1,-0.054361448,-20.847443,0.9566471929167476,1.0,0.0
AC104564.3,-0.054361448,-20.991613,0.9566471929167476,1.0,0.0
ANKS1B,-0.054361448,-20.82676,0.9566471929167476,1.0,0.0
MMP28,-0.054361448,-21.140059,0.9566471929167476,1.0,0.0
AC097478.2,-0.054361448,-21.166689,0.9566471929167476,1.0,0.0
AC009403.2,-0.054361448,-21.052927,0.9566471929167476,1.0,0.0
LINC02716,-0.054361448,-20.886673,0.9566471929167476,1.0,0.0
Z97989.1,-0.054361448,-20.913149,0.9566471929167476,1.0,0.0
PRR34,-0.054361448,-20.969826,0.9566471929167476,1.0,0.0
UBXN10,-0.054361448,-20.903875,0.9566471929167476,1.0,0.0
AC007952.5,-0.054361448,-21.12056,0.9566471929167476,1.0,0.0
CELSR1,-0.054361448,-20.878656,0.9566471929167476,1.0,0.0
AC016575.1,-0.054361448,-20.957794,0.9566471929167476,1.0,0.0
AC010623.1,-0.054361448,-21.289675,0.9566471929167476,1.0,0.0
AC131571.1,-0.054361448,-21.156689,0.9566471929167476,1.0,0.0
ELOVL2,-0.054361448,-21.012115,0.9566471929167476,1.0,0.0
AL359094.1,-0.054361448,-21.023697,0.9566471929167476,1.0,0.0
AP001160.3,-0.054361448,-21.144037,0.9566471929167476,1.0,0.0
WFDC1,-0.054361448,-21.047646,0.9566471929167476,1.0,0.0
AC124319.1,-0.054361448,-20.871307,0.9566471929167476,1.0,0.0
AL157400.3,-0.054361448,-21.169058,0.9566471929167476,1.0,0.0
LEMD1-DT,-0.054361448,-20.938719,0.9566471929167476,1.0,0.0
AL355334.2,-0.054361448,-20.992605,0.9566471929167476,1.0,0.0
FOXL2,-0.054361448,-21.098717,0.9566471929167476,1.0,0.0
AL049775.2,-0.054361448,-21.124329,0.9566471929167476,1.0,0.0
SGSM1,-0.054361448,-21.100786,0.9566471929167476,1.0,0.0
OXCT2,-0.054361448,-21.268002,0.9566471929167476,1.0,0.0
FAM27E3,-0.054361448,-21.007868,0.9566471929167476,1.0,0.0
S100A5,-0.054361448,-21.058895,0.9566471929167476,1.0,0.0
AL022151.1,-0.054361448,-21.011494,0.9566471929167476,1.0,0.0
AL627230.1,-0.054361448,-20.950253,0.9566471929167476,1.0,0.0
AC093677.2,-0.054361448,-21.080479,0.9566471929167476,1.0,0.0
AL133367.1,-0.054361448,-21.239763,0.9566471929167476,1.0,0.0
AC016821.1,-0.054361448,-20.997713,0.9566471929167476,1.0,0.0
HIST1H3I,-0.054361448,-21.150816,0.9566471929167476,1.0,0.0
GRIP2,-0.054361448,-21.047085,0.9566471929167476,1.0,0.0
EAF1-AS1,-0.054361448,-21.032223,0.9566471929167476,1.0,0.0
LRRC36,-0.054361448,-21.115309,0.9566471929167476,1.0,0.0
NEURL1,-0.054361448,-21.070229,0.9566471929167476,1.0,0.0
AL139286.3,-0.054361448,-20.985537,0.9566471929167476,1.0,0.0
TAS2R31,-0.054361448,-21.104263,0.9566471929167476,1.0,0.0
AL121929.2,-0.054361448,-21.050869,0.9566471929167476,1.0,0.0
AL158163.1,-0.054361448,-20.974092,0.9566471929167476,1.0,0.0
AC012306.3,-0.054361448,-20.916458,0.9566471929167476,1.0,0.0
SPDYA,-0.054361448,-21.024645,0.9566471929167476,1.0,0.0
KLF8,-0.054361448,-20.794199,0.9566471929167476,1.0,0.0
AC022211.3,-0.054361448,-20.922855,0.9566471929167476,1.0,0.0
AC025171.5,-0.054361448,-20.997568,0.9566471929167476,1.0,0.0
FUT8-AS1,-0.054361448,-21.016663,0.9566471929167476,1.0,0.0
CLDN20,-0.054361448,-21.07572,0.9566471929167476,1.0,0.0
AC083836.1,-0.054361448,-20.91216,0.9566471929167476,1.0,0.0
ARSG,-0.054565813,-0.046701554,0.9564843738261571,1.0,0.10714285714285714
AC093525.4,-0.054599877,-0.18113299,0.9564572374873974,1.0,0.011904761904761904
CDH24,-0.054599877,-0.41863066,0.9564572374873974,1.0,0.03571428571428571
ZMYM5,-0.054633938,-0.07014052,0.956430101199104,1.0,0.11904761904761904
ZG16B,-0.05470206,0.08942291,0.9563758287740411,1.0,0.023809523809523808
COX10,-0.054770183,0.013032984,0.9563215565512199,1.0,0.08333333333333333
UBE3B,-0.054770183,0.06784917,0.9563215565512199,1.0,0.14285714285714285
SMARCD3,-0.054838303,-0.42766657,0.9562672845308912,1.0,0.023809523809523808
PHC1,-0.05494049,-0.28626963,0.956185876880621,1.0,0.05952380952380952
LARS,-0.05507673,0.044699643,0.9560773340579949,1.0,0.8452380952380952
ZDHHC2,-0.05507673,0.036498476,0.9560773340579949,1.0,0.15476190476190477
ANGPTL2,-0.055110794,0.0701303,0.956050198479524,1.0,0.11904761904761904
AC021092.1,-0.05538328,-1.1154566,0.9558331156881255,1.0,0.011904761904761904
MELK,-0.05538328,0.00080422754,0.9558331156881255,1.0,0.047619047619047616
RAVER1,-0.05538328,-0.14799134,0.9558331156881255,1.0,0.11904761904761904
ZNF736,-0.055860136,0.21397997,0.9554532286958105,1.0,0.023809523809523808
ARPC1A,-0.055860136,-0.036323138,0.9554532286958105,1.0,0.6904761904761905
SEC16A,-0.055894196,-0.03426656,0.9554260942968311,1.0,0.15476190476190477
ZFP41,-0.055928256,-0.37181005,0.9553989599495106,1.0,0.03571428571428571
ZNF609,-0.05599638,0.026908036,0.9553446914099717,1.0,0.2976190476190476
CCND3,-0.05603044,-0.12214065,0.955317557217816,1.0,0.2857142857142857
INTS6-AS1,-0.05609856,-0.5329846,0.955263288988889,1.0,0.011904761904761904
RND2,-0.056166686,-0.45378014,0.9552090209673506,1.0,0.011904761904761904
EIF3J,-0.056234807,-0.020910006,0.9551547531534517,1.0,0.7380952380952381
S100P,-0.056405112,0.0928887,0.9550190845287749,1.0,0.03571428571428571
BX664615.2,-0.056813844,-0.3931472,0.9546934851542324,1.0,0.023809523809523808
ORMDL3,-0.056847908,0.07220704,0.9546663522135622,1.0,0.03571428571428571
CCDC22,-0.056847908,-0.086232625,0.9546663522135622,1.0,0.05952380952380952
SPATC1L,-0.05695009,0.07150477,0.9545849537069019,1.0,0.5357142857142857
FOXN3-AS1,-0.057018213,0.103425466,0.9545306882989006,1.0,0.023809523809523808
ZNF615,-0.057018213,-0.4705425,0.9545306882989006,1.0,0.023809523809523808
CAMLG,-0.057052273,-0.03174173,0.9545035556739259,1.0,0.7738095238095238
SLC41A3,-0.057086334,-0.09091803,0.9544764231016768,1.0,0.19047619047619047
FER1L6,-0.057154454,-0.12565167,0.9544221581154813,1.0,0.011904761904761904
LRRD1,-0.05722258,-20.960339,0.9543678933405652,1.0,0.0
LINC00852,-0.05722258,-20.927328,0.9543678933405652,1.0,0.0
AL133230.1,-0.05722258,-21.017141,0.9543678933405652,1.0,0.0
AC104211.1,-0.05722258,-20.963345,0.9543678933405652,1.0,0.0
GLUD2,-0.05722258,-21.29685,0.9543678933405652,1.0,0.0
AC137630.2,-0.05722258,-21.31436,0.9543678933405652,1.0,0.0
ENO1-AS1,-0.05722258,-21.152332,0.9543678933405652,1.0,0.0
CYP4A22-AS1,-0.05722258,-21.196747,0.9543678933405652,1.0,0.0
Z95114.4,-0.05722258,-21.000845,0.9543678933405652,1.0,0.0
AP003465.1,-0.05722258,-21.322903,0.9543678933405652,1.0,0.0
FAAH,-0.05722258,-21.167456,0.9543678933405652,1.0,0.0
AC006252.1,-0.05722258,-21.14345,0.9543678933405652,1.0,0.0
CU634019.5,-0.05722258,-21.096487,0.9543678933405652,1.0,0.0
C9orf43,-0.05722258,-21.159065,0.9543678933405652,1.0,0.0
ARSD-AS1,-0.05722258,-21.112015,0.9543678933405652,1.0,0.0
AC084125.2,-0.05722258,-21.096668,0.9543678933405652,1.0,0.0
AC083880.1,-0.05722258,-21.033379,0.9543678933405652,1.0,0.0
LINC01715,-0.05722258,-21.115599,0.9543678933405652,1.0,0.0
SLC16A10,-0.05722258,-21.046139,0.9543678933405652,1.0,0.0
AL391244.2,-0.05722258,-21.251085,0.9543678933405652,1.0,0.0
VIPR1,-0.05722258,-21.093813,0.9543678933405652,1.0,0.0
AC090192.2,-0.05722258,-21.148127,0.9543678933405652,1.0,0.0
ADAMTS3,-0.05722258,-21.150864,0.9543678933405652,1.0,0.0
NAT2,-0.05722258,-21.007374,0.9543678933405652,1.0,0.0
XKR9,-0.05722258,-20.973948,0.9543678933405652,1.0,0.0
AL359921.2,-0.05722258,-21.146238,0.9543678933405652,1.0,0.0
AC073195.1,-0.05722258,-21.157677,0.9543678933405652,1.0,0.0
AC008798.2,-0.05722258,-21.086208,0.9543678933405652,1.0,0.0
LINC01476,-0.05722258,-21.002165,0.9543678933405652,1.0,0.0
SEPTIN4,-0.05722258,-21.082195,0.9543678933405652,1.0,0.0
LRRC71,-0.05722258,-21.161219,0.9543678933405652,1.0,0.0
UNC13A,-0.05722258,-21.13717,0.9543678933405652,1.0,0.0
AC091180.2,-0.05722258,-21.063187,0.9543678933405652,1.0,0.0
AL592546.3,-0.05722258,-20.892698,0.9543678933405652,1.0,0.0
AL352979.4,-0.05722258,-21.179571,0.9543678933405652,1.0,0.0
ZNF486,-0.05722258,-21.19411,0.9543678933405652,1.0,0.0
AC012676.4,-0.05722258,-21.104187,0.9543678933405652,1.0,0.0
FGF7,-0.05722258,-21.199385,0.9543678933405652,1.0,0.0
AL162274.1,-0.05722258,-21.051544,0.9543678933405652,1.0,0.0
TMEM169,-0.05722258,-21.155918,0.9543678933405652,1.0,0.0
WDR63,-0.05722258,-21.214813,0.9543678933405652,1.0,0.0
TNNI3K,-0.05722258,-21.172462,0.9543678933405652,1.0,0.0
AL133551.1,-0.05722258,-21.23054,0.9543678933405652,1.0,0.0
DNM3,-0.05722258,-21.24598,0.9543678933405652,1.0,0.0
AC006213.4,-0.05722258,-21.092594,0.9543678933405652,1.0,0.0
IL12RB2,-0.05722258,-21.017134,0.9543678933405652,1.0,0.0
KLC3,-0.05722258,-21.307402,0.9543678933405652,1.0,0.0
AC008532.1,-0.05722258,-20.917505,0.9543678933405652,1.0,0.0
WDR11-AS1,-0.05722258,-21.004112,0.9543678933405652,1.0,0.0
KIAA2012,-0.05722258,-21.053528,0.9543678933405652,1.0,0.0
AC036108.3,-0.05722258,-21.127106,0.9543678933405652,1.0,0.0
AL049780.1,-0.05722258,-21.120827,0.9543678933405652,1.0,0.0
AP000919.2,-0.05722258,-21.209024,0.9543678933405652,1.0,0.0
AP005136.4,-0.05722258,-21.026316,0.9543678933405652,1.0,0.0
AP003119.2,-0.05722258,-20.96967,0.9543678933405652,1.0,0.0
AP003392.1,-0.05722258,-20.90482,0.9543678933405652,1.0,0.0
POU5F1,-0.05722258,-21.117357,0.9543678933405652,1.0,0.0
SLC37A2,-0.05722258,-20.987955,0.9543678933405652,1.0,0.0
AC239799.2,-0.05722258,-21.061203,0.9543678933405652,1.0,0.0
BCL2,-0.05722258,-21.182617,0.9543678933405652,1.0,0.0
ZNF165,-0.05722258,-21.055729,0.9543678933405652,1.0,0.0
ZNF236-DT,-0.05722258,-21.11864,0.9543678933405652,1.0,0.0
AC091978.1,-0.05722258,-21.089409,0.9543678933405652,1.0,0.0
AC027329.1,-0.05722258,-21.162533,0.9543678933405652,1.0,0.0
ADAM20,-0.05722258,-21.10176,0.9543678933405652,1.0,0.0
AL035078.1,-0.05722258,-21.311018,0.9543678933405652,1.0,0.0
EBI3,-0.05722258,-21.063793,0.9543678933405652,1.0,0.0
AC010186.3,-0.05722258,-20.849028,0.9543678933405652,1.0,0.0
LCP2,-0.05722258,-21.164404,0.9543678933405652,1.0,0.0
AC022613.2,-0.05722258,-21.072464,0.9543678933405652,1.0,0.0
LINC02067,-0.05722258,-21.15892,0.9543678933405652,1.0,0.0
AC010168.2,-0.05722258,-21.097664,0.9543678933405652,1.0,0.0
AC135012.1,-0.05722258,-21.220285,0.9543678933405652,1.0,0.0
AC099811.5,-0.05722258,-21.133684,0.9543678933405652,1.0,0.0
GJA3,-0.05722258,-21.21715,0.9543678933405652,1.0,0.0
AC093915.1,-0.05722258,-20.944159,0.9543678933405652,1.0,0.0
AC021739.2,-0.05722258,-21.166954,0.9543678933405652,1.0,0.0
AC126696.3,-0.05722258,-21.085844,0.9543678933405652,1.0,0.0
KCNT2,-0.05722258,-21.047565,0.9543678933405652,1.0,0.0
HASPIN,-0.05722258,-21.19121,0.9543678933405652,1.0,0.0
AC008280.3,-0.05722258,-21.114058,0.9543678933405652,1.0,0.0
AC012409.3,-0.05722258,-21.075138,0.9543678933405652,1.0,0.0
CHRNE,-0.05722258,-21.291307,0.9543678933405652,1.0,0.0
AC105339.3,-0.05722258,-21.037607,0.9543678933405652,1.0,0.0
SMIM2-AS1,-0.05722258,-21.073275,0.9543678933405652,1.0,0.0
AC006387.1,-0.057529125,-0.8423063,0.9541237044747544,1.0,0.011904761904761904
CENPP,-0.05769943,-0.00060127466,0.9539880458530576,1.0,0.023809523809523808
PLEKHH2,-0.057835676,-0.32026336,0.9538795199153047,1.0,0.023809523809523808
CIB1,-0.057869736,0.0024495607,0.9538523885644064,1.0,0.75
LINC00641,-0.057869736,-0.36903432,0.9538523885644064,1.0,0.05952380952380952
RSRP1,-0.05804004,-0.022573438,0.9537167326127219,1.0,0.35714285714285715
MCM5,-0.058176287,-0.27759126,0.9536082088166258,1.0,0.07142857142857142
ZNF816,-0.058210347,-1.169101,0.9535810780019257,1.0,0.011904761904761904
AAR2,-0.058210347,-0.004390365,0.9535810780019257,1.0,0.13095238095238096
AP003486.1,-0.058380652,-0.5070305,0.953445424735939,1.0,0.011904761904761904
PSPH,-0.058448777,-0.12829453,0.9533911638069692,1.0,0.16666666666666666
PRPF40A,-0.058482837,-0.023665136,0.9533640334234865,1.0,0.6666666666666666
WDR90,-0.058516897,-0.3404639,0.9533369030940473,1.0,0.023809523809523808
FH,-0.058516897,-0.01164702,0.9533369030940473,1.0,0.21428571428571427
TRIR,-0.058857508,-0.02102819,0.953065602778938,1.0,0.7380952380952381
SHMT1,-0.058993753,0.1539269,0.9529570841740118,1.0,0.023809523809523808
OIP5-AS1,-0.05926624,-0.05056568,0.9527400495828303,1.0,0.40476190476190477
AP1G2,-0.059300303,-0.03818808,0.9527129205050445,1.0,0.011904761904761904
CLIP2,-0.059334364,-0.093278944,0.9526857914820549,1.0,0.08333333333333333
AP003068.2,-0.059402484,-0.59672755,0.9526315336005895,1.0,0.011904761904761904
LINC00893,-0.059436545,-0.11625333,0.9526044047421763,1.0,0.011904761904761904
AHR,-0.05950467,-0.020678885,0.9525501471901461,1.0,0.08333333333333333
LINC00476,-0.059674975,-0.059652742,0.952414504272844,1.0,0.09523809523809523
ZNF101,-0.05981122,-0.33586904,0.9523059909313536,1.0,0.03571428571428571
PRR4,-0.05984528,-0.2357738,0.9522788627340689,1.0,0.011904761904761904
EFR3B,-0.05987934,-0.7312224,0.9522517345920821,1.0,0.011904761904761904
CAPN7,-0.060049646,-0.058359087,0.9521160947127141,1.0,0.14285714285714285
PDE6A,-0.060083706,-21.35363,0.9520889669031731,1.0,0.0
NPAS1,-0.060083706,-21.208384,0.9520889669031731,1.0,0.0
CAMK2B,-0.060083706,-21.152798,0.9520889669031731,1.0,0.0
Z84485.1,-0.060083706,-21.151379,0.9520889669031731,1.0,0.0
LINC00102,-0.060083706,-21.267733,0.9520889669031731,1.0,0.0
AL358472.5,-0.060083706,-21.31908,0.9520889669031731,1.0,0.0
AL359715.2,-0.060083706,-21.08303,0.9520889669031731,1.0,0.0
TMEM229B,-0.060083706,-21.035471,0.9520889669031731,1.0,0.0
TIGD4,-0.060083706,-21.160429,0.9520889669031731,1.0,0.0
INCA1,-0.060083706,-21.055382,0.9520889669031731,1.0,0.0
RASGRP1,-0.060083706,-21.20598,0.9520889669031731,1.0,0.0
MATR3,-0.060083706,-21.285711,0.9520889669031731,1.0,0.0
ABCA6,-0.060083706,-21.217735,0.9520889669031731,1.0,0.0
AL358074.1,-0.060083706,-21.299147,0.9520889669031731,1.0,0.0
CST4,-0.060083706,-21.255466,0.9520889669031731,1.0,0.0
TSPAN1,-0.060083706,-21.23743,0.9520889669031731,1.0,0.0
FAM71D,-0.060083706,-21.110388,0.9520889669031731,1.0,0.0
AL096701.3,-0.060083706,-21.174274,0.9520889669031731,1.0,0.0
AL158175.1,-0.060083706,-21.105598,0.9520889669031731,1.0,0.0
AC127024.2,-0.060083706,-21.138239,0.9520889669031731,1.0,0.0
AC005632.6,-0.060083706,-21.174986,0.9520889669031731,1.0,0.0
CORO6,-0.060083706,-21.15706,0.9520889669031731,1.0,0.0
LINC02211,-0.060083706,-21.227196,0.9520889669031731,1.0,0.0
RBFOX3,-0.060083706,-21.172548,0.9520889669031731,1.0,0.0
AL606491.1,-0.060083706,-21.266907,0.9520889669031731,1.0,0.0
GREB1L,-0.060083706,-21.26065,0.9520889669031731,1.0,0.0
AC109347.1,-0.060083706,-21.211168,0.9520889669031731,1.0,0.0
APOA1,-0.060083706,-21.33629,0.9520889669031731,1.0,0.0
AC068790.9,-0.060083706,-21.02171,0.9520889669031731,1.0,0.0
RSF1-IT1,-0.060083706,-21.13024,0.9520889669031731,1.0,0.0
AC002310.2,-0.060083706,-21.116138,0.9520889669031731,1.0,0.0
LINC00355,-0.060083706,-21.220661,0.9520889669031731,1.0,0.0
LINC01238,-0.060083706,-21.120184,0.9520889669031731,1.0,0.0
LINC02773,-0.060083706,-20.979237,0.9520889669031731,1.0,0.0
AP000926.2,-0.060083706,-21.178102,0.9520889669031731,1.0,0.0
ZNF608,-0.060083706,-21.123182,0.9520889669031731,1.0,0.0
VWA5A,-0.060083706,-21.340803,0.9520889669031731,1.0,0.0
MYLK3,-0.060083706,-21.129835,0.9520889669031731,1.0,0.0
AL137785.1,-0.060083706,-21.213814,0.9520889669031731,1.0,0.0
ZNF219,-0.060083706,0.0055865413,0.9520889669031731,1.0,0.023809523809523808
AP002813.1,-0.060083706,-21.051609,0.9520889669031731,1.0,0.0
SSC4D,-0.060083706,-21.178085,0.9520889669031731,1.0,0.0
AL132712.2,-0.060083706,-21.120552,0.9520889669031731,1.0,0.0
AF129408.1,-0.060083706,-21.430437,0.9520889669031731,1.0,0.0
AC040904.1,-0.060083706,-20.99703,0.9520889669031731,1.0,0.0
TMEM37,-0.060083706,-21.057995,0.9520889669031731,1.0,0.0
DPEP2,-0.060083706,-21.022007,0.9520889669031731,1.0,0.0
OR6A2,-0.060083706,-21.1092,0.9520889669031731,1.0,0.0
SMIM10L2A,-0.060083706,-21.298481,0.9520889669031731,1.0,0.0
SNHG27,-0.060083706,-21.04375,0.9520889669031731,1.0,0.0
AC091917.3,-0.060083706,-21.21591,0.9520889669031731,1.0,0.0
HOMER3-AS1,-0.060083706,-21.238747,0.9520889669031731,1.0,0.0
CCIN,-0.060083706,-21.20158,0.9520889669031731,1.0,0.0
AC105020.1,-0.060083706,-21.22259,0.9520889669031731,1.0,0.0
RGPD2,-0.060083706,-21.28264,0.9520889669031731,1.0,0.0
AL138966.2,-0.060083706,-21.274555,0.9520889669031731,1.0,0.0
AC121761.1,-0.060083706,-21.268715,0.9520889669031731,1.0,0.0
AL135905.1,-0.060083706,-21.06064,0.9520889669031731,1.0,0.0
ABCC2,-0.060083706,-21.098063,0.9520889669031731,1.0,0.0
IZUMO2,-0.060083706,-21.16779,0.9520889669031731,1.0,0.0
AC092953.2,-0.060083706,-21.276684,0.9520889669031731,1.0,0.0
AC027288.3,-0.060083706,-21.169456,0.9520889669031731,1.0,0.0
NRL,-0.060083706,-21.388319,0.9520889669031731,1.0,0.0
AL161668.3,-0.060083706,-21.021355,0.9520889669031731,1.0,0.0
AL023803.3,-0.060083706,-21.109743,0.9520889669031731,1.0,0.0
ENO4,-0.060083706,-21.336163,0.9520889669031731,1.0,0.0
AC067817.2,-0.060083706,-21.173286,0.9520889669031731,1.0,0.0
AC084740.1,-0.060083706,-21.319195,0.9520889669031731,1.0,0.0
AL035461.2,-0.060083706,-21.13355,0.9520889669031731,1.0,0.0
AL136366.1,-0.060083706,-21.14673,0.9520889669031731,1.0,0.0
AC010319.4,-0.060083706,-21.379501,0.9520889669031731,1.0,0.0
MYH11,-0.060083706,-21.170534,0.9520889669031731,1.0,0.0
AL132780.1,-0.060083706,-21.046535,0.9520889669031731,1.0,0.0
AC078845.1,-0.060083706,-21.330866,0.9520889669031731,1.0,0.0
VTN,-0.060083706,-21.28959,0.9520889669031731,1.0,0.0
SEC16B,-0.060083706,-21.27553,0.9520889669031731,1.0,0.0
CALCRL,-0.06018589,-0.022983357,0.9520075838077803,1.0,0.7142857142857143
AL359715.1,-0.060322136,-0.36379254,0.9518990737926301,1.0,0.011904761904761904
SIRT1,-0.0605265,-0.25332826,0.9517363104426391,1.0,0.05952380952380952
ERBB2,-0.060628682,-0.041255254,0.9516549295222085,1.0,0.09523809523809523
TOMM70,-0.060764927,0.0332593,0.951546422412715,1.0,0.38095238095238093
PAIP2B,-0.060798988,-0.614213,0.9515192957756247,1.0,0.03571428571428571
PROSER1,-0.060935233,0.035684075,0.9514107897893355,1.0,0.09523809523809523
TMEM216,-0.061241783,-0.102410145,0.9511666546168687,1.0,0.11904761904761904
SH3RF1,-0.061275844,-0.03415674,0.951139528769094,1.0,0.20238095238095238
DERA,-0.061343964,-0.11488242,0.9510852772434205,1.0,0.15476190476190477
NIPBL,-0.061343964,9.521169e-05,0.9510852772434205,1.0,0.39285714285714285
TTC4,-0.061343964,-0.13059676,0.9510852772434205,1.0,0.15476190476190477
AL049840.5,-0.061650515,-0.028358217,0.9508411481870493,1.0,0.05952380952380952
ZSWIM1,-0.06178676,-0.2265039,0.9507326478638115,1.0,0.023809523809523808
SWI5,-0.061923005,-0.005250091,0.9506241484539353,1.0,0.5238095238095238
SF3B5,-0.062059246,-0.013703392,0.950515649959427,1.0,0.7738095238095238
DENND5A,-0.06212737,-0.119006485,0.9504614010560626,1.0,0.20238095238095238
SREK1,-0.06222955,-0.04091889,0.950380028131584,1.0,0.39285714285714285
SLC35E1,-0.06222955,-0.074908435,0.950380028131584,1.0,0.2261904761904762
PPRC1,-0.062263615,0.0136471465,0.9503529039383679,1.0,0.10714285714285714
F8A1,-0.06246798,-0.08146276,0.9501901599881716,1.0,0.011904761904761904
AC109460.2,-0.06250204,-0.7508823,0.9501630361982816,1.0,0.011904761904761904
APLP2,-0.06274047,0.0098788105,0.9499731712876212,1.0,0.9880952380952381
YJEFN3,-0.062876716,-0.14749,0.9498646783274499,1.0,0.011904761904761904
CCDC84,-0.06291077,-0.057993546,0.9498375552325492,1.0,0.08333333333333333
ASMTL-AS1,-0.06294484,-21.321949,0.949810432195768,1.0,0.0
LINC00971,-0.06294484,-21.250536,0.949810432195768,1.0,0.0
PLB1,-0.06294484,-21.493092,0.949810432195768,1.0,0.0
GNAZ,-0.06294484,-21.215559,0.949810432195768,1.0,0.0
RAB11FIP4,-0.06294484,-21.215654,0.949810432195768,1.0,0.0
C1orf220,-0.06294484,-21.146097,0.949810432195768,1.0,0.0
AC018797.3,-0.06294484,-21.245296,0.949810432195768,1.0,0.0
HIST1H2AE,-0.06294484,-21.134338,0.949810432195768,1.0,0.0
AUNIP,-0.06294484,-21.030119,0.949810432195768,1.0,0.0
TFEC,-0.06294484,-21.104763,0.949810432195768,1.0,0.0
EIF4E3,-0.06294484,-21.249506,0.949810432195768,1.0,0.0
AC090186.1,-0.06294484,-21.16984,0.949810432195768,1.0,0.0
AC092115.2,-0.06294484,-21.204988,0.949810432195768,1.0,0.0
EFHC2,-0.06294484,-21.108744,0.949810432195768,1.0,0.0
RFPL1S,-0.06294484,-21.26878,0.949810432195768,1.0,0.0
AC012184.1,-0.06294484,-21.26473,0.949810432195768,1.0,0.0
LBX2-AS1,-0.06294484,-21.208035,0.949810432195768,1.0,0.0
SOX2-OT,-0.06294484,-21.136654,0.949810432195768,1.0,0.0
GNAL,-0.06294484,-21.346457,0.949810432195768,1.0,0.0
AC055822.1,-0.06294484,-21.305408,0.949810432195768,1.0,0.0
PILRA,-0.06294484,-21.216219,0.949810432195768,1.0,0.0
LINC01204,-0.06294484,-21.16478,0.949810432195768,1.0,0.0
AC010226.1,-0.06294484,-21.424875,0.949810432195768,1.0,0.0
CDHR4,-0.06294484,-21.18733,0.949810432195768,1.0,0.0
AC084018.2,-0.06294484,-21.354315,0.949810432195768,1.0,0.0
INE2,-0.06294484,-21.318275,0.949810432195768,1.0,0.0
LINC01186,-0.06294484,-21.344376,0.949810432195768,1.0,0.0
DOCK9-DT,-0.06294484,-21.129135,0.949810432195768,1.0,0.0
LRRC17,-0.06294484,-21.370684,0.949810432195768,1.0,0.0
GNAO1,-0.06294484,-21.304438,0.949810432195768,1.0,0.0
REEP1,-0.06294484,-21.37916,0.949810432195768,1.0,0.0
AC078983.1,-0.06294484,-20.988728,0.949810432195768,1.0,0.0
AC009093.6,-0.06294484,-21.254618,0.949810432195768,1.0,0.0
MYCBP2-AS1,-0.06294484,-21.37473,0.949810432195768,1.0,0.0
AP000240.1,-0.06294484,-21.143225,0.949810432195768,1.0,0.0
ZBTB8B,-0.06294484,-21.18887,0.949810432195768,1.0,0.0
MARC1,-0.06294484,-21.299574,0.949810432195768,1.0,0.0
SPEG,-0.06294484,-21.14016,0.949810432195768,1.0,0.0
DIRAS3,-0.06294484,-21.141459,0.949810432195768,1.0,0.0
ALDH3B1,-0.06294484,-21.100868,0.949810432195768,1.0,0.0
TEX22,-0.06294484,-21.133823,0.949810432195768,1.0,0.0
AC011468.5,-0.06294484,-21.395586,0.949810432195768,1.0,0.0
PDZD2,-0.06294484,-21.364565,0.949810432195768,1.0,0.0
AC006942.1,-0.06294484,-21.345932,0.949810432195768,1.0,0.0
SLC19A3,-0.06294484,-21.385548,0.949810432195768,1.0,0.0
LINC01135,-0.06294484,-21.31447,0.949810432195768,1.0,0.0
AC004854.2,-0.06294484,-21.35729,0.949810432195768,1.0,0.0
AC068338.2,-0.06294484,-21.303152,0.949810432195768,1.0,0.0
TMEM71,-0.06294484,-21.42325,0.949810432195768,1.0,0.0
AL035448.1,-0.06294484,-21.07223,0.949810432195768,1.0,0.0
AP000692.2,-0.06294484,-21.186275,0.949810432195768,1.0,0.0
LRRC73,-0.06294484,-21.358908,0.949810432195768,1.0,0.0
AL138955.1,-0.06294484,-21.01988,0.949810432195768,1.0,0.0
AC020661.4,-0.06294484,-21.250639,0.949810432195768,1.0,0.0
CCDC194,-0.06294484,-21.235641,0.949810432195768,1.0,0.0
FO704657.1,-0.06294484,-21.347076,0.949810432195768,1.0,0.0
AL133338.1,-0.06294484,-21.331806,0.949810432195768,1.0,0.0
CFAP157,-0.06294484,-21.2511,0.949810432195768,1.0,0.0
LINC00886,-0.06294484,-21.043922,0.949810432195768,1.0,0.0
AC022167.2,-0.06294484,-21.311886,0.949810432195768,1.0,0.0
AC114763.1,-0.06294484,-21.319735,0.949810432195768,1.0,0.0
AS3MT,-0.06294484,-21.140985,0.949810432195768,1.0,0.0
LINC02265,-0.06294484,-21.21596,0.949810432195768,1.0,0.0
TMIE,-0.06294484,-21.233404,0.949810432195768,1.0,0.0
AP001330.4,-0.06294484,-21.285055,0.949810432195768,1.0,0.0
AL031847.1,-0.06294484,-21.359987,0.949810432195768,1.0,0.0
LINC01985,-0.06294484,-21.446754,0.949810432195768,1.0,0.0
AP002761.3,-0.06294484,-21.446407,0.949810432195768,1.0,0.0
AL590226.2,-0.06294484,-21.31199,0.949810432195768,1.0,0.0
UBE2E2,-0.06311514,-0.047516003,0.9496748178847515,1.0,0.34523809523809523
RNF26,-0.0631492,-0.12355407,0.9496476951973455,1.0,0.07142857142857142
AC097634.1,-0.06321733,-0.29463628,0.9495934499975816,1.0,0.011904761904761904
STAC3,-0.06335357,-0.26333985,0.9494849602991235,1.0,0.011904761904761904
TRAF3IP1,-0.06335357,-0.040258996,0.9494849602991235,1.0,0.20238095238095238
XRCC3,-0.06355794,-0.4089642,0.9493222275078714,1.0,0.011904761904761904
NSF,-0.06372824,-0.0043417923,0.9491866184628694,1.0,0.20238095238095238
FAM120A,-0.0637623,-0.0017525844,0.9491594968303586,1.0,0.7380952380952381
DUSP8,-0.064068854,1.324453,0.9489154047921576,1.0,0.011904761904761904
RUNDC1,-0.06410291,0.2786821,0.9488882837500872,1.0,0.08333333333333333
DAGLB,-0.06423916,0.0040297084,0.9487798001742821,1.0,0.047619047619047616
TBC1D19,-0.06451164,-0.31050757,0.9485628358730794,1.0,0.047619047619047616
RBM18,-0.06461383,0.075538695,0.948481475242541,1.0,0.25
TCTN2,-0.06485225,-0.09271932,0.9482916358617701,1.0,0.047619047619047616
TM6SF1,-0.06502256,-0.006974419,0.948156038100621,1.0,0.19047619047619047
AC068888.2,-0.06512474,-0.67498547,0.948074680164429,1.0,0.011904761904761904
PCED1B,-0.06512474,-0.11263518,0.948074680164429,1.0,0.047619047619047616
CDC42BPA,-0.06522693,0.032848008,0.947993322769644,1.0,0.5595238095238095
RYBP,-0.06529505,-0.12480821,0.9479390848076534,1.0,0.2261904761904762
STAMBP,-0.06532911,0.047588594,0.9479119659171119,1.0,0.2619047619047619
DUSP23,-0.06536317,-0.12360076,0.9478848470869148,1.0,0.27380952380952384
THAP7-AS1,-0.06539723,-0.6934363,0.9478577283170933,1.0,0.011904761904761904
MEGF9,-0.06546535,-0.023865182,0.9478034909587023,1.0,0.07142857142857142
SIPA1,-0.065533474,0.2722106,0.94774925384219,1.0,0.07142857142857142
LRRC69,-0.065601595,-0.3053301,0.9476950169678067,1.0,0.023809523809523808
CCDC69,-0.065601595,-0.034611657,0.9476950169678067,1.0,0.2619047619047619
HRCT1,-0.06566972,-0.14480598,0.947640780335803,1.0,0.047619047619047616
CBX4,-0.06570378,-0.20084533,0.9476136621107719,1.0,0.07142857142857142
SKA1,-0.06573784,0.3631739,0.9475865439464297,1.0,0.023809523809523808
TRAF1,-0.065805964,-21.341614,0.9475323077999374,1.0,0.0
AC023302.1,-0.065805964,-21.340767,0.9475323077999374,1.0,0.0
AC012368.1,-0.065805964,-21.46931,0.9475323077999374,1.0,0.0
AC027796.1,-0.065805964,-21.22603,0.9475323077999374,1.0,0.0
AC020909.3,-0.065805964,-21.217318,0.9475323077999374,1.0,0.0
AC093635.1,-0.065805964,-21.289585,0.9475323077999374,1.0,0.0
C9orf163,-0.065805964,-21.252151,0.9475323077999374,1.0,0.0
COX6B2,-0.065805964,-21.337702,0.9475323077999374,1.0,0.0
AC109597.2,-0.065805964,-21.217604,0.9475323077999374,1.0,0.0
LINC00639,-0.065805964,-21.112688,0.9475323077999374,1.0,0.0
ITPR1-DT,-0.065805964,-21.192938,0.9475323077999374,1.0,0.0
SGIP1,-0.065805964,-21.3664,0.9475323077999374,1.0,0.0
AC015726.1,-0.065805964,-21.087868,0.9475323077999374,1.0,0.0
ADM5,-0.065805964,-21.36136,0.9475323077999374,1.0,0.0
PCA3,-0.065805964,-21.327896,0.9475323077999374,1.0,0.0
LOXL3,-0.065805964,-21.310677,0.9475323077999374,1.0,0.0
AC092757.3,-0.065805964,-21.167948,0.9475323077999374,1.0,0.0
PPP6R1,-0.065805964,0.0032967855,0.9475323077999374,1.0,0.25
CCL5,-0.065805964,-21.487236,0.9475323077999374,1.0,0.0
ZRANB2-AS2,-0.065805964,-21.205702,0.9475323077999374,1.0,0.0
TFAP2A-AS2,-0.065805964,-21.338655,0.9475323077999374,1.0,0.0
MME,-0.065805964,-21.190275,0.9475323077999374,1.0,0.0
LCTL,-0.065805964,-21.37187,0.9475323077999374,1.0,0.0
KCNK12,-0.065805964,-21.258184,0.9475323077999374,1.0,0.0
STX17-AS1,-0.065805964,-21.244509,0.9475323077999374,1.0,0.0
AL590822.2,-0.065805964,-21.218672,0.9475323077999374,1.0,0.0
AC024588.1,-0.065805964,-21.324055,0.9475323077999374,1.0,0.0
AC132872.5,-0.065805964,-21.369068,0.9475323077999374,1.0,0.0
DOK4,-0.065805964,-0.036939867,0.9475323077999374,1.0,0.07142857142857142
AP000350.7,-0.065805964,-21.4346,0.9475323077999374,1.0,0.0
UPB1,-0.065805964,-21.191366,0.9475323077999374,1.0,0.0
TINCR,-0.065805964,-21.07016,0.9475323077999374,1.0,0.0
AC098617.1,-0.065805964,-21.309828,0.9475323077999374,1.0,0.0
GRIN2C,-0.065805964,-21.435802,0.9475323077999374,1.0,0.0
AC007292.2,-0.065805964,-21.24182,0.9475323077999374,1.0,0.0
AC000065.2,-0.065805964,-21.364191,0.9475323077999374,1.0,0.0
ARC,-0.065805964,-21.185333,0.9475323077999374,1.0,0.0
CCDC39,-0.065805964,-21.3262,0.9475323077999374,1.0,0.0
AC069243.1,-0.065805964,-21.168762,0.9475323077999374,1.0,0.0
HCN2,-0.065805964,-21.315607,0.9475323077999374,1.0,0.0
AC087645.2,-0.065805964,-21.278584,0.9475323077999374,1.0,0.0
AC009948.2,-0.065805964,-21.235155,0.9475323077999374,1.0,0.0
KCNE1,-0.065805964,-21.175245,0.9475323077999374,1.0,0.0
HSPA1L,-0.065805964,-21.34139,0.9475323077999374,1.0,0.0
AC005342.1,-0.065805964,-21.300337,0.9475323077999374,1.0,0.0
LRRN4CL,-0.065805964,-21.102451,0.9475323077999374,1.0,0.0
TNIP3,-0.065805964,-21.244186,0.9475323077999374,1.0,0.0
LTF,-0.065805964,-21.18656,0.9475323077999374,1.0,0.0
RHPN1-AS1,-0.065805964,-21.333801,0.9475323077999374,1.0,0.0
FXYD2,-0.065805964,-21.580145,0.9475323077999374,1.0,0.0
ZNF843,-0.065805964,-21.305687,0.9475323077999374,1.0,0.0
AL121933.2,-0.065805964,-21.211548,0.9475323077999374,1.0,0.0
IL18,-0.065805964,-21.204975,0.9475323077999374,1.0,0.0
TSTD1,-0.065805964,-21.503637,0.9475323077999374,1.0,0.0
AC091152.2,-0.065805964,-21.445896,0.9475323077999374,1.0,0.0
KCNN1,-0.065805964,-21.38472,0.9475323077999374,1.0,0.0
AL355073.2,-0.065805964,-21.35162,0.9475323077999374,1.0,0.0
NEURL1B,-0.065805964,-21.02973,0.9475323077999374,1.0,0.0
AL391834.1,-0.065805964,-21.376465,0.9475323077999374,1.0,0.0
GRK5-IT1,-0.065805964,-21.437593,0.9475323077999374,1.0,0.0
GDAP1,-0.065805964,-21.215364,0.9475323077999374,1.0,0.0
PCDH7,-0.065805964,0.15323804,0.9475323077999374,1.0,0.03571428571428571
TREH,-0.065805964,-21.323462,0.9475323077999374,1.0,0.0
AC027682.4,-0.065805964,-21.348932,0.9475323077999374,1.0,0.0
FZD8,-0.065874085,-1.0324074,0.9474780718965764,1.0,0.011904761904761904
LRIG2,-0.06590815,-0.08374437,0.9474509540361485,1.0,0.13095238095238096
ZNF485,-0.06601033,-0.81691456,0.9473696008202515,1.0,0.011904761904761904
SNRNP70,-0.066282816,0.01737526,0.9471526615962058,1.0,0.4523809523809524
ZNF417,-0.066282816,-0.9971746,0.9471526615962058,1.0,0.011904761904761904
HPF1,-0.066487186,-0.036544394,0.9469899597485935,1.0,0.34523809523809523
AL121832.2,-0.06652125,-0.37797222,0.9469628429887413,1.0,0.011904761904761904
HOMEZ,-0.06662343,-0.07313883,0.9468814930779542,1.0,0.047619047619047616
HSBP1,-0.06672561,0.0067209573,0.9468001437209785,1.0,0.9166666666666666
CPNE5,-0.0668278,-0.5607859,0.9467187949186601,1.0,0.023809523809523808
WDR25,-0.0668278,-0.07785989,0.9467187949186601,1.0,0.05952380952380952
URM1,-0.06686186,-0.02462544,0.9466916787746239,1.0,0.23809523809523808
EHBP1,-0.06689592,0.13286348,0.9466645626923414,1.0,0.15476190476190477
LINC01128,-0.06706622,-0.35414225,0.9465289832083336,1.0,0.08333333333333333
VPS16,-0.06713434,-0.05481822,0.9464747518481034,1.0,0.16666666666666666
MATR3-1,-0.06737278,0.18163188,0.9462849440420801,1.0,0.08333333333333333
BAALC,-0.06740683,0.20724085,0.9462578288898635,1.0,0.03571428571428571
RPGR,-0.0674409,-0.042580523,0.9462307137999018,1.0,0.15476190476190477
OTUD7B,-0.06750902,-0.004062895,0.9461764838068684,1.0,0.11904761904761904
PPP1R3C,-0.06771338,-0.12132236,0.9460137953251426,1.0,0.011904761904761904
SLC16A7,-0.06778151,0.02975891,0.9459595663311939,1.0,0.11904761904761904
LRIG1,-0.06784963,-0.0981854,0.9459053375876427,1.0,0.05952380952380952
NAA25,-0.06784963,-0.0910145,0.9459053375876427,1.0,0.25
MRVI1-AS1,-0.06805399,-0.17696854,0.9457426528618785,1.0,0.011904761904761904
SNAI3-AS1,-0.06805399,-0.3132204,0.9457426528618785,1.0,0.047619047619047616
WDR61,-0.068088055,0.09912098,0.9457155389607097,1.0,0.2619047619047619
UQCRHL,-0.06812212,-0.16632509,0.945688425122422,1.0,0.011904761904761904
BCL6B,-0.06832648,-0.12384876,0.9455257434149535,1.0,0.25
MZT2A,-0.068496786,-0.022421334,0.9453901770603688,1.0,0.6666666666666666
NR2C1,-0.06856491,-0.23522596,0.9453359509611138,1.0,0.08333333333333333
CBLN3,-0.06866709,-21.362438,0.9452546122872056,1.0,0.0
APOB,-0.06866709,-21.35838,0.9452546122872056,1.0,0.0
LINC01353,-0.06866709,-21.272055,0.9452546122872056,1.0,0.0
AC019127.1,-0.06866709,-21.516563,0.9452546122872056,1.0,0.0
SPTBN5,-0.06866709,-21.445112,0.9452546122872056,1.0,0.0
AC110048.2,-0.06866709,-21.473858,0.9452546122872056,1.0,0.0
AC009090.1,-0.06866709,-21.516125,0.9452546122872056,1.0,0.0
TBX20,-0.06866709,-21.128254,0.9452546122872056,1.0,0.0
AL049840.6,-0.06866709,-21.362333,0.9452546122872056,1.0,0.0
AC027237.3,-0.06866709,-21.45809,0.9452546122872056,1.0,0.0
AC145285.2,-0.06866709,-21.48138,0.9452546122872056,1.0,0.0
AL022341.1,-0.06866709,-21.435284,0.9452546122872056,1.0,0.0
PCDHB11,-0.06866709,-21.346506,0.9452546122872056,1.0,0.0
AL022069.1,-0.06866709,-21.447735,0.9452546122872056,1.0,0.0
ARNT2,-0.06866709,-21.469316,0.9452546122872056,1.0,0.0
SIX2,-0.06866709,-21.488235,0.9452546122872056,1.0,0.0
ALG13-AS1,-0.06866709,-21.252968,0.9452546122872056,1.0,0.0
HIST1H3G,-0.06866709,-21.48879,0.9452546122872056,1.0,0.0
MAP3K14-AS1,-0.06866709,-21.521309,0.9452546122872056,1.0,0.0
AC005343.1,-0.06866709,-21.463234,0.9452546122872056,1.0,0.0
HAP1,-0.06866709,-21.424139,0.9452546122872056,1.0,0.0
SLC23A3,-0.06866709,-21.290752,0.9452546122872056,1.0,0.0
WWC2-AS2,-0.06866709,-21.463503,0.9452546122872056,1.0,0.0
AL136162.1,-0.06866709,-21.30296,0.9452546122872056,1.0,0.0
CATSPERG,-0.06866709,-21.475313,0.9452546122872056,1.0,0.0
AC090409.2,-0.06866709,-21.223402,0.9452546122872056,1.0,0.0
AL031663.3,-0.06866709,-21.362865,0.9452546122872056,1.0,0.0
C10orf95,-0.06866709,-21.367224,0.9452546122872056,1.0,0.0
CYP17A1,-0.06866709,-21.309467,0.9452546122872056,1.0,0.0
ZNF724,-0.06866709,-21.539505,0.9452546122872056,1.0,0.0
AC025175.2,-0.06866709,-21.413752,0.9452546122872056,1.0,0.0
AC127496.1,-0.06866709,-21.337471,0.9452546122872056,1.0,0.0
AC011450.1,-0.06866709,-21.335331,0.9452546122872056,1.0,0.0
AC009812.3,-0.06866709,-21.551474,0.9452546122872056,1.0,0.0
CCDC15-DT,-0.06866709,-21.352894,0.9452546122872056,1.0,0.0
AC011446.2,-0.06866709,-21.478462,0.9452546122872056,1.0,0.0
AC011511.5,-0.06866709,-21.401398,0.9452546122872056,1.0,0.0
AP003119.3,-0.06866709,-21.478855,0.9452546122872056,1.0,0.0
AC011444.2,-0.06866709,-21.463736,0.9452546122872056,1.0,0.0
NEB,-0.06866709,-21.26698,0.9452546122872056,1.0,0.0
CACNB4,-0.06866709,-21.39857,0.9452546122872056,1.0,0.0
AC079329.1,-0.06866709,-21.38125,0.9452546122872056,1.0,0.0
AC104248.1,-0.06866709,-21.449512,0.9452546122872056,1.0,0.0
GALR1,-0.06866709,-21.375198,0.9452546122872056,1.0,0.0
LAMP3,-0.06866709,-21.394243,0.9452546122872056,1.0,0.0
CNIH2,-0.06866709,-21.314344,0.9452546122872056,1.0,0.0
AC093726.2,-0.06866709,-21.399359,0.9452546122872056,1.0,0.0
ZMYND15,-0.06866709,-21.335985,0.9452546122872056,1.0,0.0
PNPLA7,-0.06866709,-21.450457,0.9452546122872056,1.0,0.0
AL589935.1,-0.06866709,-21.281864,0.9452546122872056,1.0,0.0
AL078581.2,-0.06866709,-21.621237,0.9452546122872056,1.0,0.0
ATP8A2,-0.06866709,-21.27576,0.9452546122872056,1.0,0.0
FILIP1,-0.06866709,-21.208363,0.9452546122872056,1.0,0.0
AC127070.2,-0.06866709,-21.271196,0.9452546122872056,1.0,0.0
AC083870.1,-0.06866709,-21.476479,0.9452546122872056,1.0,0.0
MLPH,-0.06866709,-21.611723,0.9452546122872056,1.0,0.0
AFAP1-AS1,-0.06866709,-21.411083,0.9452546122872056,1.0,0.0
WASF3,-0.06866709,-21.407288,0.9452546122872056,1.0,0.0
AC093110.1,-0.06866709,-21.383263,0.9452546122872056,1.0,0.0
CYSRT1,-0.06866709,-21.327116,0.9452546122872056,1.0,0.0
IRAK1BP1,-0.06866709,0.16040507,0.9452546122872056,1.0,0.11904761904761904
AC034111.1,-0.06866709,-21.369461,0.9452546122872056,1.0,0.0
SPIN3,-0.06887146,-0.35698888,0.9450919366523969,1.0,0.023809523809523808
ZNF432,-0.068973646,0.5255726,0.9450105996931867,1.0,0.03571428571428571
AP002381.2,-0.06914395,-0.39049655,0.9448750393688237,1.0,0.011904761904761904
ZNF117,-0.06917801,0.012075136,0.9448479274953809,1.0,0.05952380952380952
CLCN5,-0.06948456,-0.18613969,0.9446039235128867,1.0,0.09523809523809523
TMEM107,-0.06951862,-0.12133589,0.9445768122796824,1.0,0.16666666666666666
CRK,-0.06951862,0.027654005,0.9445768122796824,1.0,0.32142857142857145
TMEM265,-0.069961414,-0.07163433,0.944224372101257,1.0,0.023809523809523808
MMP25-AS1,-0.0700636,-0.04296884,0.9441430413003553,1.0,0.05952380952380952
NELFCD,-0.0700636,-0.020379636,0.9441430413003553,1.0,0.36904761904761907
UBA7,-0.070097655,0.1538807,0.9441159311627401,1.0,0.047619047619047616
KLHDC2,-0.07013172,-0.09353147,0.9440888210898528,1.0,0.23809523809523808
CASK,-0.07040421,-0.013840563,0.9438719428407221,1.0,0.23809523809523808
POLR3K,-0.070574515,-0.025939751,0.9437363960468156,1.0,0.25
GARNL3,-0.07122167,-0.2233907,0.9432213331211694,1.0,0.011904761904761904
DUSP22,-0.071255736,-0.04134257,0.9431942252018659,1.0,0.23809523809523808
IL21R,-0.07149416,-0.2507279,0.9430044716106711,1.0,0.011904761904761904
LINC00115,-0.07152822,-21.434687,0.9429773642185804,1.0,0.0
DRAIC,-0.07152822,-21.48067,0.9429773642185804,1.0,0.0
BX255925.1,-0.07152822,-21.522732,0.9429773642185804,1.0,0.0
AC009005.1,-0.07152822,-21.493423,0.9429773642185804,1.0,0.0
AC135893.1,-0.07152822,-21.553102,0.9429773642185804,1.0,0.0
AC044839.1,-0.07152822,-21.490118,0.9429773642185804,1.0,0.0
DLG5-AS1,-0.07152822,-21.40658,0.9429773642185804,1.0,0.0
AC103591.3,-0.07152822,-21.480082,0.9429773642185804,1.0,0.0
AC069360.1,-0.07152822,-21.524498,0.9429773642185804,1.0,0.0
CCDC183,-0.07152822,-21.520302,0.9429773642185804,1.0,0.0
LINC02795,-0.07152822,-21.367794,0.9429773642185804,1.0,0.0
ATAD3C,-0.07152822,-21.556698,0.9429773642185804,1.0,0.0
SLC24A5,-0.07152822,-21.448,0.9429773642185804,1.0,0.0
FAM149A,-0.07152822,-21.47273,0.9429773642185804,1.0,0.0
CFAP43,-0.07152822,-21.335833,0.9429773642185804,1.0,0.0
SCART1,-0.07152822,-21.338873,0.9429773642185804,1.0,0.0
AC023424.3,-0.07152822,-21.431816,0.9429773642185804,1.0,0.0
LINC02694,-0.07152822,-21.45832,0.9429773642185804,1.0,0.0
AC064836.3,-0.07152822,-21.451654,0.9429773642185804,1.0,0.0
ACER2,-0.07152822,-21.436035,0.9429773642185804,1.0,0.0
FAM209B,-0.07152822,-21.368303,0.9429773642185804,1.0,0.0
BVES-AS1,-0.07152822,-21.461216,0.9429773642185804,1.0,0.0
AC026401.2,-0.07152822,-21.344679,0.9429773642185804,1.0,0.0
PITRM1-AS1,-0.07152822,-21.468653,0.9429773642185804,1.0,0.0
DPH1,-0.07152822,-21.392935,0.9429773642185804,1.0,0.0
OPRD1,-0.07152822,-21.456434,0.9429773642185804,1.0,0.0
AC092645.2,-0.07152822,-21.386805,0.9429773642185804,1.0,0.0
AC000065.1,-0.07152822,-21.48316,0.9429773642185804,1.0,0.0
CISH,-0.07152822,-21.462402,0.9429773642185804,1.0,0.0
AC007529.2,-0.07152822,-21.459082,0.9429773642185804,1.0,0.0
AP000593.4,-0.07152822,-21.33683,0.9429773642185804,1.0,0.0
AC068792.1,-0.07152822,-21.542692,0.9429773642185804,1.0,0.0
AC137834.2,-0.07152822,-21.440296,0.9429773642185804,1.0,0.0
CDC42-AS1,-0.07152822,-21.57348,0.9429773642185804,1.0,0.0
AC099811.1,-0.07152822,-21.457928,0.9429773642185804,1.0,0.0
KLHL10,-0.07152822,-21.500547,0.9429773642185804,1.0,0.0
C8orf48,-0.07152822,-21.497202,0.9429773642185804,1.0,0.0
AC005899.5,-0.07152822,-21.512255,0.9429773642185804,1.0,0.0
F2RL1,-0.07152822,-21.377234,0.9429773642185804,1.0,0.0
RNFT2,-0.07152822,-21.340189,0.9429773642185804,1.0,0.0
AC027271.1,-0.07152822,-21.303284,0.9429773642185804,1.0,0.0
RABGAP1L-IT1,-0.07152822,-21.336885,0.9429773642185804,1.0,0.0
ADAMTS9-AS1,-0.07152822,-21.427994,0.9429773642185804,1.0,0.0
AC068631.1,-0.07152822,-21.347738,0.9429773642185804,1.0,0.0
AC087501.4,-0.07152822,-21.561506,0.9429773642185804,1.0,0.0
KCNAB3,-0.07152822,-21.446346,0.9429773642185804,1.0,0.0
A2M-AS1,-0.07152822,-21.330631,0.9429773642185804,1.0,0.0
AC104113.1,-0.07152822,-21.590595,0.9429773642185804,1.0,0.0
AP003696.1,-0.07152822,-21.543995,0.9429773642185804,1.0,0.0
ZSCAN23,-0.07152822,-21.50353,0.9429773642185804,1.0,0.0
FMO5,-0.07152822,-21.36071,0.9429773642185804,1.0,0.0
HMCN1,-0.07152822,-21.532036,0.9429773642185804,1.0,0.0
AC012066.2,-0.07152822,-21.430601,0.9429773642185804,1.0,0.0
AL138976.2,-0.07152822,-21.5018,0.9429773642185804,1.0,0.0
HIST2H2BE,-0.07152822,-21.42801,0.9429773642185804,1.0,0.0
LINC00896,-0.07152822,-21.461666,0.9429773642185804,1.0,0.0
DERL3,-0.07152822,-21.49327,0.9429773642185804,1.0,0.0
ZNF155,-0.07159635,-0.87113607,0.9429231496325571,1.0,0.011904761904761904
TMEM116,-0.0716304,-0.27512056,0.9428960424386872,1.0,0.011904761904761904
AL451165.2,-0.07173259,-0.20347908,0.9428147212540203,1.0,0.03571428571428571
AC078846.1,-0.07173259,-0.015470553,0.9428147212540203,1.0,0.047619047619047616
CLBA1,-0.07173259,-0.5504396,0.9428147212540203,1.0,0.023809523809523808
CITED4,-0.07180071,-0.19303681,0.9427605074620076,1.0,0.05952380952380952
MOB3C,-0.07186883,-0.928919,0.9427062939351655,1.0,0.011904761904761904
PDZD11,-0.07190289,-0.02219994,0.9426791872712617,1.0,0.35714285714285715
JMJD8,-0.07190289,0.054617018,0.9426791872712617,1.0,0.21428571428571427
SFRP1,-0.071971014,-0.37655196,0.942624974142645,1.0,0.011904761904761904
TIMM23B,-0.0720732,-0.5785478,0.9425436549481665,1.0,0.047619047619047616
WASF2,-0.072243504,-0.016307067,0.9424081242886455,1.0,0.6190476190476191
SCRN1,-0.07241381,-0.060376503,0.942272595296609,1.0,0.38095238095238093
AC127024.5,-0.07248193,-1.2456188,0.942218384167566,1.0,0.011904761904761904
ATXN1,-0.07248193,-0.09921536,0.942218384167566,1.0,0.20238095238095238
AC004803.1,-0.07275442,-1.296589,0.9420015423306307,1.0,0.011904761904761904
KIAA1257,-0.07282254,0.14553793,0.9419473325424573,1.0,0.011904761904761904
GDI1,-0.07289066,-0.040793728,0.9418931230232086,1.0,0.27380952380952384
FAM184B,-0.07295879,0.31511116,0.9418389137731347,1.0,0.023809523809523808
EFNA4,-0.07299285,-0.086096406,0.9418118092491166,1.0,0.08333333333333333
AC022150.4,-0.07299285,-0.5114539,0.9418118092491166,1.0,0.011904761904761904
ELL,-0.07302691,-0.3017716,0.9417847047924859,1.0,0.047619047619047616
FARSB,-0.073129095,-0.09071745,0.9417033918272322,1.0,0.2976190476190476
ALCAM,-0.07316315,-0.050527003,0.9416762876404645,1.0,0.42857142857142855
CCNK,-0.0732994,-0.048148062,0.9415678715691462,1.0,0.25
FEZ2,-0.07336752,0.02129321,0.9415136639393762,1.0,0.6904761904761905
AC011447.3,-0.07350376,-0.46820432,0.9414052494928655,1.0,0.023809523809523808
GFM1,-0.07353783,-0.042249147,0.9413781460508014,1.0,0.23809523809523808
ZNF597,-0.07360595,-0.7185063,0.9413239393703684,1.0,0.011904761904761904
ERCC6L2,-0.07364001,-0.07147384,0.9412968361320619,1.0,0.16666666666666666
GFOD2,-0.07370813,-0.027638862,0.9412426298594259,1.0,0.15476190476190477
FAM168B,-0.07387844,-0.19532119,0.9411071153691587,1.0,0.13095238095238096
AC009283.1,-0.074253105,-0.21462157,0.9408089894977361,1.0,0.011904761904761904
DNAJC8,-0.074321225,-0.055091273,0.9407547856837023,1.0,0.75
USP54,-0.074321225,-0.3685514,0.9407547856837023,1.0,0.011904761904761904
AP000892.3,-0.07438935,-21.553265,0.9407005821440972,1.0,0.0
SMIM3,-0.07438935,-21.57093,0.9407005821440972,1.0,0.0
AL117336.1,-0.07438935,-21.38772,0.9407005821440972,1.0,0.0
TMEM45B,-0.07438935,-21.566914,0.9407005821440972,1.0,0.0
NECTIN3-AS1,-0.07438935,-21.433247,0.9407005821440972,1.0,0.0
CD84,-0.07438935,-21.628077,0.9407005821440972,1.0,0.0
AC009118.2,-0.07438935,-21.364744,0.9407005821440972,1.0,0.0
AC106793.1,-0.07438935,-21.444107,0.9407005821440972,1.0,0.0
AL139011.1,-0.07438935,-21.512974,0.9407005821440972,1.0,0.0
AL353748.3,-0.07438935,-21.31032,0.9407005821440972,1.0,0.0
CFAP70,-0.07438935,-21.585588,0.9407005821440972,1.0,0.0
AC103760.1,-0.07438935,-21.473047,0.9407005821440972,1.0,0.0
AC020656.1,-0.07438935,-21.549204,0.9407005821440972,1.0,0.0
AC022400.4,-0.07438935,-21.533995,0.9407005821440972,1.0,0.0
AP001267.3,-0.07438935,-21.545343,0.9407005821440972,1.0,0.0
HLX,-0.07438935,-21.571047,0.9407005821440972,1.0,0.0
PAQR6,-0.07438935,-21.296585,0.9407005821440972,1.0,0.0
RIMS3,-0.07438935,-21.442171,0.9407005821440972,1.0,0.0
AL117379.1,-0.07438935,-21.308153,0.9407005821440972,1.0,0.0
ZSCAN12,-0.07438935,-21.357471,0.9407005821440972,1.0,0.0
GLIPR1L2,-0.07438935,-21.590431,0.9407005821440972,1.0,0.0
AC023590.1,-0.07438935,-21.369019,0.9407005821440972,1.0,0.0
AC106875.1,-0.07438935,-21.367027,0.9407005821440972,1.0,0.0
KDM4D,-0.07438935,-21.32958,0.9407005821440972,1.0,0.0
AC100847.1,-0.07438935,-21.497198,0.9407005821440972,1.0,0.0
PRSS27,-0.07438935,-21.432154,0.9407005821440972,1.0,0.0
EFNB3,-0.07438935,-21.32228,0.9407005821440972,1.0,0.0
TPBGL,-0.07438935,-21.383373,0.9407005821440972,1.0,0.0
AC090971.1,-0.07438935,-21.678381,0.9407005821440972,1.0,0.0
AC108925.1,-0.07438935,-21.4691,0.9407005821440972,1.0,0.0
PARD3-AS1,-0.07438935,-21.658695,0.9407005821440972,1.0,0.0
AL359532.1,-0.07438935,-21.624134,0.9407005821440972,1.0,0.0
ZNF235,-0.07438935,-21.433723,0.9407005821440972,1.0,0.0
AC116667.1,-0.07438935,-21.644587,0.9407005821440972,1.0,0.0
C1QTNF1,-0.07438935,-21.504314,0.9407005821440972,1.0,0.0
SMN2,-0.07438935,-21.429691,0.9407005821440972,1.0,0.0
MGAT5B,-0.07438935,-21.488428,0.9407005821440972,1.0,0.0
AC012181.1,-0.07438935,-21.412066,0.9407005821440972,1.0,0.0
AL356512.1,-0.07438935,-21.428843,0.9407005821440972,1.0,0.0
AP000442.1,-0.07438935,-21.5735,0.9407005821440972,1.0,0.0
AL109615.2,-0.07438935,-21.59408,0.9407005821440972,1.0,0.0
LCN1,-0.07438935,-21.486504,0.9407005821440972,1.0,0.0
ZNF442,-0.07438935,-21.588373,0.9407005821440972,1.0,0.0
AC092794.1,-0.07438935,-21.460178,0.9407005821440972,1.0,0.0
AC010336.1,-0.07438935,-21.470322,0.9407005821440972,1.0,0.0
GSN-AS1,-0.07438935,-21.426315,0.9407005821440972,1.0,0.0
BCL2L14,-0.07438935,-21.736305,0.9407005821440972,1.0,0.0
FAM53A,-0.07438935,-21.541433,0.9407005821440972,1.0,0.0
CYGB,-0.07438935,-21.588455,0.9407005821440972,1.0,0.0
ITPKA,-0.07438935,-21.412344,0.9407005821440972,1.0,0.0
AC093503.2,-0.07438935,-21.629251,0.9407005821440972,1.0,0.0
FRRS1L,-0.07438935,-21.345078,0.9407005821440972,1.0,0.0
AC025754.2,-0.07438935,-21.405043,0.9407005821440972,1.0,0.0
LINC02109,-0.07438935,-21.46797,0.9407005821440972,1.0,0.0
SCX,-0.07438935,-21.5126,0.9407005821440972,1.0,0.0
FSIP2,-0.07438935,-21.331856,0.9407005821440972,1.0,0.0
AP001160.1,-0.07438935,-21.399729,0.9407005821440972,1.0,0.0
C5orf66,-0.07438935,-21.509895,0.9407005821440972,1.0,0.0
PLEKHG6,-0.07438935,-21.62511,0.9407005821440972,1.0,0.0
AC020915.1,-0.07438935,-21.464363,0.9407005821440972,1.0,0.0
AL121718.1,-0.07438935,-21.5607,0.9407005821440972,1.0,0.0
U91328.1,-0.07438935,-21.295223,0.9407005821440972,1.0,0.0
ANKRD37,-0.074457474,-0.3320132,0.9406463788791714,1.0,0.011904761904761904
ZNF470,-0.07449153,-0.76873153,0.9406192773497911,1.0,0.011904761904761904
BYSL,-0.074525595,-0.041458,0.9405921758891745,1.0,0.14285714285714285
AP000873.2,-0.074593715,-0.1334876,0.940537973174357,1.0,0.05952380952380952
MX1,-0.07462778,-1.0205283,0.9405108719202186,1.0,0.011904761904761904
BABAM2,-0.07462778,0.014187378,0.9405108719202186,1.0,0.14285714285714285
SZT2,-0.074661836,-0.080880694,0.9404837707349689,1.0,0.10714285714285714
ELOA-AS1,-0.074661836,-0.616131,0.9404837707349689,1.0,0.03571428571428571
NOSIP,-0.07483214,-0.05239199,0.9403482658431437,1.0,0.35714285714285715
GBA,-0.07500245,-0.13155513,0.940212762678224,1.0,0.11904761904761904
ASF1A,-0.075070575,-0.26908863,0.9401585618966649,1.0,0.14285714285714285
FAM66C,-0.075138696,-0.46913484,0.9401043613922861,1.0,0.011904761904761904
HNRNPA1P48,-0.075206816,-0.09315841,0.9400501611653378,1.0,0.07142857142857142
MCM10,-0.07524088,-1.2525795,0.9400230611559781,1.0,0.011904761904761904
TSPAN17,-0.075309,0.060047742,0.9399688613456442,1.0,0.14285714285714285
AL353622.1,-0.07537712,0.24514519,0.9399146618133659,1.0,0.011904761904761904
LYRM4,-0.07537712,0.038417157,0.9399146618133659,1.0,0.5238095238095238
AC108488.1,-0.07554743,-0.029693898,0.9397791642008047,1.0,0.09523809523809523
RBMS3-AS3,-0.07554743,-0.2696846,0.9397791642008047,1.0,0.023809523809523808
TRIM66,-0.07564961,-0.23067299,0.9396978664698106,1.0,0.03571428571428571
SLC7A7,-0.0757518,-0.4152575,0.939616569367255,1.0,0.023809523809523808
RASSF7,-0.07585397,-0.14789599,0.9395352728939821,1.0,0.05952380952380952
RBL1,-0.07585397,-0.2946463,0.9395352728939821,1.0,0.05952380952380952
FAM89A,-0.07616053,-0.10300176,0.9392913872582981,1.0,0.05952380952380952
NTSR1,-0.07626271,-0.06538857,0.9392100933105949,1.0,0.17857142857142858
AC096921.2,-0.07650114,-0.7100718,0.939020409897699,1.0,0.011904761904761904
TALDO1,-0.07656926,-0.03048581,0.938966215271874,1.0,0.8095238095238095
ARMCX5-GPRASP2,-0.07663738,-0.48207337,0.9389120209287307,1.0,0.023809523809523808
TNFAIP2,-0.076739565,-0.04881549,0.9388307299445908,1.0,0.10714285714285714
SLC25A14,-0.07677363,-0.20394044,0.9388036330914892,1.0,0.05952380952380952
MIER3,-0.07677363,-0.28524926,0.9388036330914892,1.0,0.047619047619047616
AC048341.2,-0.07697799,-0.7237858,0.9386410534619899,1.0,0.011904761904761904
ARF4-AS1,-0.07711423,-0.28995517,0.9385326684628157,1.0,0.023809523809523808
ITGA4,-0.07721642,-0.09894866,0.9384513804606153,1.0,0.03571428571428571
ZNF547,-0.07725048,-21.492977,0.9384242846023684,1.0,0.0
AC139887.4,-0.07725048,-21.68196,0.9384242846023684,1.0,0.0
AURKC,-0.07725048,-21.600813,0.9384242846023684,1.0,0.0
DPH6-DT,-0.07725048,-21.587145,0.9384242846023684,1.0,0.0
AC009506.1,-0.07725048,-21.552591,0.9384242846023684,1.0,0.0
AL161714.1,-0.07725048,-21.601576,0.9384242846023684,1.0,0.0
AL133445.2,-0.07725048,-21.70598,0.9384242846023684,1.0,0.0
FMNL1,-0.07725048,-21.46352,0.9384242846023684,1.0,0.0
SSSCA1-AS1,-0.07725048,-21.627214,0.9384242846023684,1.0,0.0
C22orf34,-0.07725048,-21.533604,0.9384242846023684,1.0,0.0
AC011346.1,-0.07725048,-21.61252,0.9384242846023684,1.0,0.0
AL158154.3,-0.07725048,-21.606497,0.9384242846023684,1.0,0.0
MORF4L2-AS1,-0.07725048,-21.569885,0.9384242846023684,1.0,0.0
EPS8L2,-0.07725048,-21.428364,0.9384242846023684,1.0,0.0
PRR29-AS1,-0.07725048,-21.719618,0.9384242846023684,1.0,0.0
SLC6A9,-0.07725048,-21.567987,0.9384242846023684,1.0,0.0
AL731563.3,-0.07725048,-21.476706,0.9384242846023684,1.0,0.0
FP565260.1,-0.07725048,-21.534056,0.9384242846023684,1.0,0.0
AC025165.5,-0.07725048,-21.430481,0.9384242846023684,1.0,0.0
AXIN2,-0.07725048,-21.387072,0.9384242846023684,1.0,0.0
MACC1,-0.07725048,-21.48726,0.9384242846023684,1.0,0.0
FNDC11,-0.07725048,-21.48068,0.9384242846023684,1.0,0.0
AC005837.4,-0.07725048,-21.604708,0.9384242846023684,1.0,0.0
Z69706.1,-0.07725048,-21.389648,0.9384242846023684,1.0,0.0
AC239868.1,-0.07725048,-21.575056,0.9384242846023684,1.0,0.0
AC105206.3,-0.07725048,-21.623354,0.9384242846023684,1.0,0.0
AC069287.2,-0.07725048,-21.649294,0.9384242846023684,1.0,0.0
AC107027.1,-0.07725048,-21.437077,0.9384242846023684,1.0,0.0
AC018926.2,-0.07725048,-21.669865,0.9384242846023684,1.0,0.0
AC015917.2,-0.07725048,-21.569113,0.9384242846023684,1.0,0.0
AL353804.1,-0.07725048,-21.440313,0.9384242846023684,1.0,0.0
AKNAD1,-0.07725048,-21.616531,0.9384242846023684,1.0,0.0
LINC00659,-0.07725048,-21.620102,0.9384242846023684,1.0,0.0
AC024909.1,-0.07725048,-21.605568,0.9384242846023684,1.0,0.0
QPRT,-0.07725048,-21.445463,0.9384242846023684,1.0,0.0
AC090617.10,-0.07725048,-21.536982,0.9384242846023684,1.0,0.0
AC004918.4,-0.07725048,-21.578312,0.9384242846023684,1.0,0.0
AC017083.2,-0.07725048,-21.401804,0.9384242846023684,1.0,0.0
APOBEC3H,-0.07725048,-21.50501,0.9384242846023684,1.0,0.0
ZNF114,-0.07725048,-21.45483,0.9384242846023684,1.0,0.0
AC010336.8,-0.07725048,-21.61102,0.9384242846023684,1.0,0.0
EPN3,-0.07725048,-21.477903,0.9384242846023684,1.0,0.0
AC007938.2,-0.07725048,-21.486805,0.9384242846023684,1.0,0.0
CLEC4M,-0.07725048,-21.324076,0.9384242846023684,1.0,0.0
DUXAP8,-0.07725048,-21.631626,0.9384242846023684,1.0,0.0
AL355388.2,-0.07725048,-21.694763,0.9384242846023684,1.0,0.0
AC092902.4,-0.07725048,-21.626516,0.9384242846023684,1.0,0.0
LRRC3,-0.07725048,-21.618261,0.9384242846023684,1.0,0.0
AC044781.1,-0.07725048,-21.868359,0.9384242846023684,1.0,0.0
HOXB-AS3,-0.07725048,-21.511942,0.9384242846023684,1.0,0.0
AC027514.1,-0.07725048,-21.439764,0.9384242846023684,1.0,0.0
AC211486.5,-0.07725048,-21.576384,0.9384242846023684,1.0,0.0
MBNL1-AS1,-0.07728454,-0.2879575,0.938397188815417,1.0,0.011904761904761904
AL162390.1,-0.07738672,-0.7490572,0.9383159018826479,1.0,0.023809523809523808
MOSMO,-0.07752297,-0.06615358,0.938207520305654,1.0,0.30952380952380953
AC016831.1,-0.07786358,-0.35415137,0.9379365713757215,1.0,0.023809523809523808
RCCD1,-0.07786358,-0.27020848,0.9379365713757215,1.0,0.07142857142857142
KIFC2,-0.07806794,-0.27207342,0.9377740054649389,1.0,0.047619047619047616
ZNF286A,-0.078136064,-0.06164713,0.9377198174040405,1.0,0.16666666666666666
FGFRL1,-0.078136064,-0.11956205,0.9377198174040405,1.0,0.047619047619047616
DUSP5,-0.07817013,0.15952283,0.9376927234817374,1.0,0.13095238095238096
TMEFF1,-0.07820419,-0.86278826,0.9376656296315733,1.0,0.023809523809523808
ENTR1,-0.07820419,-0.06770547,0.9376656296315733,1.0,0.21428571428571427
C12orf60,-0.07820419,-1.4395605,0.9376656296315733,1.0,0.011904761904761904
ARRB2,-0.07827231,0.07795178,0.9376114421477871,1.0,0.13095238095238096
IFT81,-0.07851074,-0.03267798,0.937421788231507,1.0,0.16666666666666666
ATP2A3,-0.078681044,-0.58121604,0.9372863233213676,1.0,0.03571428571428571
FARP2,-0.07891947,0.400241,0.9370966754975668,1.0,0.08333333333333333
TRIM35,-0.079021655,-0.15601137,0.9370153989505643,1.0,0.05952380952380952
RASAL2,-0.079089776,0.02262978,0.9369612149504438,1.0,0.16666666666666666
ARL5B,-0.079089776,-0.053296965,0.9369612149504438,1.0,0.16666666666666666
SEMA4D,-0.079089776,0.03611452,0.9369612149504438,1.0,0.023809523809523808
ODF2,-0.07912384,0.18649088,0.9369341230598416,1.0,0.10714285714285714
ZNF621,-0.079226024,0.005838739,0.9368528478262419,1.0,0.11904761904761904
BAIAP2-DT,-0.079226024,-0.5019475,0.9368528478262419,1.0,0.047619047619047616
KIAA1549,-0.07953257,0.067030855,0.9366090260766142,1.0,0.08333333333333333
DNAJC27,-0.079566635,-0.52481675,0.9365819351376259,1.0,0.023809523809523808
IL6R,-0.079634756,-0.4395718,0.9365277534799397,1.0,0.03571428571428571
CENPL,-0.07970288,0.320111,0.9364735721161821,1.0,0.047619047619047616
NUDCD3,-0.07980506,0.04436257,0.9363923006222084,1.0,0.38095238095238093
RABGAP1L,-0.07997537,-0.14774032,0.9362568496054345,1.0,0.16666666666666666
TAF4B,-0.07997537,-0.23038895,0.9362568496054345,1.0,0.047619047619047616
KRT19,-0.08000942,-0.07977957,0.9362297596233382,1.0,0.9047619047619048
MTMR10,-0.08004349,-0.45433685,0.9362026697150676,1.0,0.03571428571428571
AL049775.3,-0.08011161,-21.501781,0.9361484901201281,1.0,0.0
AC007364.1,-0.08011161,-21.546486,0.9361484901201281,1.0,0.0
GBP4,-0.08011161,-21.644081,0.9361484901201281,1.0,0.0
AC009318.2,-0.08011161,-21.551756,0.9361484901201281,1.0,0.0
CD83,-0.08011161,-21.72906,0.9361484901201281,1.0,0.0
AL356966.1,-0.08011161,-21.552267,0.9361484901201281,1.0,0.0
PDE3A,-0.08011161,-21.520836,0.9361484901201281,1.0,0.0
CEBPB-AS1,-0.08011161,-21.570812,0.9361484901201281,1.0,0.0
AC024941.2,-0.08011161,-21.562944,0.9361484901201281,1.0,0.0
AC104779.1,-0.08011161,-21.751616,0.9361484901201281,1.0,0.0
DNLZ,-0.08011161,-21.70173,0.9361484901201281,1.0,0.0
AP003778.1,-0.08011161,-21.571943,0.9361484901201281,1.0,0.0
LINC02533,-0.08011161,-21.625952,0.9361484901201281,1.0,0.0
AL158212.2,-0.08011161,-21.54404,0.9361484901201281,1.0,0.0
AC127024.6,-0.08011161,-21.560238,0.9361484901201281,1.0,0.0
KCNA7,-0.08011161,-21.445518,0.9361484901201281,1.0,0.0
AC104825.1,-0.08011161,-21.626583,0.9361484901201281,1.0,0.0
SHANK1,-0.08011161,-21.606358,0.9361484901201281,1.0,0.0
AC092168.2,-0.08011161,-21.552244,0.9361484901201281,1.0,0.0
SYNPO2,-0.08011161,-21.527569,0.9361484901201281,1.0,0.0
AC004846.2,-0.08011161,-21.592562,0.9361484901201281,1.0,0.0
AL390198.1,-0.08011161,-21.521389,0.9361484901201281,1.0,0.0
LINC01176,-0.08011161,-21.75044,0.9361484901201281,1.0,0.0
ITPK1-AS1,-0.08011161,-21.757362,0.9361484901201281,1.0,0.0
LINC00882,-0.08011161,-21.574652,0.9361484901201281,1.0,0.0
RIPPLY3,-0.08011161,-21.523333,0.9361484901201281,1.0,0.0
AC021054.1,-0.08011161,-21.532764,0.9361484901201281,1.0,0.0
ZNF141,-0.08011161,-21.649555,0.9361484901201281,1.0,0.0
AC104653.1,-0.08011161,-21.592144,0.9361484901201281,1.0,0.0
HOMER2,-0.08011161,-21.636555,0.9361484901201281,1.0,0.0
HSD11B1-AS1,-0.08011161,-21.586792,0.9361484901201281,1.0,0.0
AC119674.1,-0.08011161,-21.4422,0.9361484901201281,1.0,0.0
Z93943.1,-0.08011161,-21.695644,0.9361484901201281,1.0,0.0
AC139100.2,-0.08011161,-21.594927,0.9361484901201281,1.0,0.0
AC003077.1,-0.08011161,-21.836485,0.9361484901201281,1.0,0.0
IPO9-AS1,-0.08011161,-21.365734,0.9361484901201281,1.0,0.0
AC008105.3,-0.08011161,-21.583632,0.9361484901201281,1.0,0.0
AC099066.2,-0.08011161,-21.64547,0.9361484901201281,1.0,0.0
AC008764.7,-0.08011161,-21.474852,0.9361484901201281,1.0,0.0
SLC2A12,-0.08011161,-21.701056,0.9361484901201281,1.0,0.0
PCDHGA2,-0.08011161,-21.623096,0.9361484901201281,1.0,0.0
BIRC3,-0.08011161,-21.714674,0.9361484901201281,1.0,0.0
FAM183A,-0.08011161,-21.48441,0.9361484901201281,1.0,0.0
IKBKE,-0.08017973,-0.263987,0.9360943108208661,1.0,0.05952380952380952
TMEM42,-0.08021379,0.11715084,0.9360672212821923,1.0,0.19047619047619047
AC027682.6,-0.08021379,-0.8697665,0.9360672212821923,1.0,0.011904761904761904
MPHOSPH10,-0.08031598,-0.06491202,0.9359859531103737,1.0,0.2261904761904762
STARD7,-0.080418155,-0.0746231,0.9359046856055154,1.0,0.38095238095238093
NEIL1,-0.08052034,-0.39835805,0.9358234187684606,1.0,0.011904761904761904
THAP7,-0.080690645,-0.15690194,0.9356879755263334,1.0,0.15476190476190477
RFTN2,-0.08072471,0.095502965,0.9356608871011336,1.0,0.03571428571428571
APOBEC3D,-0.08079283,-0.4440237,0.9356067104742094,1.0,0.011904761904761904
CHMP7,-0.08086095,-0.060885448,0.9355525341454605,1.0,0.13095238095238096
C3orf35,-0.08092907,-0.46951985,0.9354983581151366,1.0,0.011904761904761904
MYBL1,-0.080963135,-1.0909154,0.9354712702119622,1.0,0.011904761904761904
ARHGAP20,-0.081099376,0.44211495,0.935362919346576,1.0,0.011904761904761904
PPP1R14A,-0.081167504,-1.1673322,0.9353087443627068,1.0,0.011904761904761904
ZNF2,-0.08120156,-0.40583596,0.9352816569830875,1.0,0.023809523809523808
PARP11,-0.08133781,-0.6082047,0.9351733082141074,1.0,0.023809523809523808
AL928654.1,-0.081371866,-1.1779153,0.9351462212093926,1.0,0.011904761904761904
GAB2,-0.08147405,-0.46122095,0.9350649606458207,1.0,0.023809523809523808
G3BP1,-0.081576236,-0.03420798,0.9349837007587627,1.0,0.6904761904761905
CEP76,-0.08167842,0.2774502,0.9349024415490613,1.0,0.05952380952380952
USP12,-0.08171248,0.033840157,0.9348753552964969,1.0,0.19047619047619047
MAP2K6,-0.08181466,-0.018139992,0.9347940969912489,1.0,0.05952380952380952
APOL2,-0.081848726,-0.023178292,0.9347670110404187,1.0,0.11904761904761904
MITF,-0.08188278,-0.71838886,0.9347399251651,1.0,0.011904761904761904
PELP1,-0.0819509,-0.014005515,0.9346857536411223,1.0,0.2261904761904762
AC008982.2,-0.08212121,-0.13400309,0.9345503261548153,1.0,0.011904761904761904
PAXIP1-AS2,-0.08232558,-0.087642185,0.9343878156717123,1.0,0.08333333333333333
TRG-AS1,-0.08235964,-0.2571966,0.9343607308568329,1.0,0.07142857142857142
MED6,-0.0823937,0.011399874,0.9343336461179332,1.0,0.2261904761904762
DHRS4-AS1,-0.08242776,0.029037422,0.9343065614550445,1.0,0.11904761904761904
SPOCD1,-0.08252995,-0.07847907,0.9342253079227564,1.0,0.25
SSPN,-0.082632124,-0.06007653,0.9341440550756903,1.0,0.047619047619047616
LAMTOR5-AS1,-0.08276837,-0.8208199,0.9340357190136263,1.0,0.011904761904761904
ZNF474,-0.082972735,-21.613462,0.9338732172117814,1.0,0.0
AC023509.3,-0.082972735,-21.571218,0.9338732172117814,1.0,0.0
AP005432.1,-0.082972735,-21.47068,0.9338732172117814,1.0,0.0
AC093591.2,-0.082972735,-21.51837,0.9338732172117814,1.0,0.0
SYNPO2L,-0.082972735,-21.601006,0.9338732172117814,1.0,0.0
SPEGNB,-0.082972735,-21.620659,0.9338732172117814,1.0,0.0
AL662797.1,-0.082972735,-21.651276,0.9338732172117814,1.0,0.0
DDR1-DT,-0.082972735,-21.564169,0.9338732172117814,1.0,0.0
IL17RE,-0.082972735,-21.557192,0.9338732172117814,1.0,0.0
TNFSF8,-0.082972735,-21.687153,0.9338732172117814,1.0,0.0
PLEKHD1,-0.082972735,-21.59242,0.9338732172117814,1.0,0.0
AL159169.3,-0.082972735,-21.763325,0.9338732172117814,1.0,0.0
AL353708.3,-0.082972735,-21.56187,0.9338732172117814,1.0,0.0
TAPT1-AS1,-0.082972735,-21.590288,0.9338732172117814,1.0,0.0
PCDHGA12,-0.082972735,-21.719494,0.9338732172117814,1.0,0.0
C1QTNF12,-0.082972735,-21.790611,0.9338732172117814,1.0,0.0
TMEM86A,-0.082972735,-21.708635,0.9338732172117814,1.0,0.0
AL513217.1,-0.082972735,-21.755943,0.9338732172117814,1.0,0.0
AC102953.2,-0.082972735,-21.59015,0.9338732172117814,1.0,0.0
CLDN11,-0.082972735,-21.659245,0.9338732172117814,1.0,0.0
AC006547.3,-0.082972735,-21.648445,0.9338732172117814,1.0,0.0
MMEL1,-0.082972735,-21.700966,0.9338732172117814,1.0,0.0
AL354989.1,-0.082972735,-21.774685,0.9338732172117814,1.0,0.0
TTC34,-0.082972735,-21.514833,0.9338732172117814,1.0,0.0
AL008729.2,-0.082972735,-21.49838,0.9338732172117814,1.0,0.0
AL592211.1,-0.082972735,-21.60267,0.9338732172117814,1.0,0.0
AC100830.2,-0.082972735,-21.708248,0.9338732172117814,1.0,0.0
RLN2,-0.082972735,-21.662996,0.9338732172117814,1.0,0.0
LINC01002,-0.082972735,-21.685984,0.9338732172117814,1.0,0.0
SH2D2A,-0.082972735,-21.620716,0.9338732172117814,1.0,0.0
GREM1,-0.082972735,-21.587038,0.9338732172117814,1.0,0.0
AL132657.1,-0.082972735,-21.61374,0.9338732172117814,1.0,0.0
U47924.2,-0.082972735,-21.73067,0.9338732172117814,1.0,0.0
PABPC3,-0.0830068,-0.33092138,0.9338461338458537,1.0,0.011904761904761904
LIN7B,-0.08307492,0.08952392,0.9337919673437476,1.0,0.03571428571428571
TTLL4,-0.083108984,-0.3025263,0.9337648842076315,1.0,0.047619047619047616
PDGFA,-0.083177105,-0.04049566,0.9337107181654295,1.0,0.4880952380952381
NSUN4,-0.083177105,0.10256555,0.9337107181654295,1.0,0.10714285714285714
TENM3,-0.08348365,-0.53341013,0.9334669747771945,1.0,0.03571428571428571
SLC29A1,-0.08355177,0.013677485,0.9334128104261128,1.0,0.21428571428571427
SIMC1,-0.08372208,0.17959735,0.9332774008977129,1.0,0.023809523809523808
RUSC2,-0.08382426,-0.25917792,0.9331961561071582,1.0,0.08333333333333333
SRRT,-0.083858326,-0.11904975,0.9331690746649082,1.0,0.19047619047619047
SYT11,-0.08389238,-0.31793925,0.9331419933000107,1.0,0.15476190476190477
WDTC1,-0.08399457,-0.14407144,0.9330607496697465,1.0,0.09523809523809523
WDFY3,-0.08430112,-0.011616145,0.9328170229661078,1.0,0.20238095238095238
TMEM54,-0.08430112,-0.026611483,0.9328170229661078,1.0,0.4523809523809524
FABP5,-0.08430112,0.06987696,0.9328170229661078,1.0,0.08333333333333333
LRP11,-0.08460767,-0.07993338,0.9325733025608871,1.0,0.27380952380952384
GMIP,-0.08467579,-0.10778219,0.9325191433284663,1.0,0.03571428571428571
ZNF619,-0.08470985,-0.3624628,0.9324920638293924,1.0,0.023809523809523808
MTHFR,-0.08474391,-0.045368336,0.9324649844084509,1.0,0.2261904761904762
NFIL3,-0.08474391,-0.12555693,0.9324649844084509,1.0,0.03571428571428571
MT1F,-0.0850164,-0.16885652,0.9322483518574349,1.0,0.011904761904761904
TAZ,-0.085186705,0.033907317,0.9321129590604674,1.0,0.13095238095238096
HDHD2,-0.08522077,0.025114436,0.9320858807366568,1.0,0.14285714285714285
FITM2,-0.085254826,-0.2229808,0.9320588024914466,1.0,0.10714285714285714
ARMCX5,-0.08535701,0.23822542,0.93197756822773,1.0,0.03571428571428571
ELP2,-0.08535701,-0.12837815,0.93197756822773,1.0,0.27380952380952384
SNX9,-0.08556138,0.020339053,0.9318151018267179,1.0,0.34523809523809523
PLXNA2,-0.0856295,-0.025090864,0.9317609469906791,1.0,0.5
CDADC1,-0.085731685,-0.18918079,0.9316797153290086,1.0,0.05952380952380952
TMEM184A,-0.08583387,-21.76139,0.9315984843789517,1.0,0.0
AC099796.2,-0.08583387,-21.650972,0.9315984843789517,1.0,0.0
SERTAD4-AS1,-0.08583387,-21.91569,0.9315984843789517,1.0,0.0
NPTXR,-0.08583387,-21.82806,0.9315984843789517,1.0,0.0
AC022762.2,-0.08583387,-21.67434,0.9315984843789517,1.0,0.0
NUAK2,-0.08583387,-21.824507,0.9315984843789517,1.0,0.0
AC090197.1,-0.08583387,-21.66165,0.9315984843789517,1.0,0.0
AL162718.2,-0.08583387,-21.847073,0.9315984843789517,1.0,0.0
MX2,-0.08583387,-21.822674,0.9315984843789517,1.0,0.0
SLC6A4,-0.08583387,-21.612295,0.9315984843789517,1.0,0.0
DIP2A-IT1,-0.08583387,-21.759733,0.9315984843789517,1.0,0.0
C17orf53,-0.08583387,-21.64587,0.9315984843789517,1.0,0.0
KCP,-0.08583387,-21.851345,0.9315984843789517,1.0,0.0
AC025181.2,-0.08583387,-21.612938,0.9315984843789517,1.0,0.0
AL928970.1,-0.08583387,-21.769194,0.9315984843789517,1.0,0.0
AL031658.1,-0.08583387,-21.51556,0.9315984843789517,1.0,0.0
AF165147.1,-0.08583387,-21.702866,0.9315984843789517,1.0,0.0
AL359922.2,-0.08583387,-21.811905,0.9315984843789517,1.0,0.0
AC083843.3,-0.08583387,-21.655806,0.9315984843789517,1.0,0.0
LINC00957,-0.08583387,-21.791796,0.9315984843789517,1.0,0.0
FMO4,-0.08583387,-21.799377,0.9315984843789517,1.0,0.0
SLX1A,-0.08583387,-21.722282,0.9315984843789517,1.0,0.0
AL049543.1,-0.08583387,-21.757132,0.9315984843789517,1.0,0.0
PRR5,-0.08583387,-21.65016,0.9315984843789517,1.0,0.0
AC022540.1,-0.08583387,-21.712978,0.9315984843789517,1.0,0.0
AC027319.1,-0.08583387,-21.711304,0.9315984843789517,1.0,0.0
RN7SL832P,-0.08583387,-21.754353,0.9315984843789517,1.0,0.0
PODN,-0.08583387,-21.751677,0.9315984843789517,1.0,0.0
AC092171.3,-0.08583387,-21.60768,0.9315984843789517,1.0,0.0
AC006547.1,-0.08583387,-21.710526,0.9315984843789517,1.0,0.0
MPZ,-0.08583387,-21.655466,0.9315984843789517,1.0,0.0
SYNGAP1-AS1,-0.08583387,-21.782091,0.9315984843789517,1.0,0.0
VPS33B-DT,-0.08583387,-21.623425,0.9315984843789517,1.0,0.0
AL049795.1,-0.08583387,-21.606928,0.9315984843789517,1.0,0.0
AL049775.1,-0.08583387,-21.865858,0.9315984843789517,1.0,0.0
DNAJC9-AS1,-0.08583387,-21.79409,0.9315984843789517,1.0,0.0
AC090791.1,-0.08583387,-21.521597,0.9315984843789517,1.0,0.0
ZNF132,-0.08583387,-21.65746,0.9315984843789517,1.0,0.0
ADAMTS13,-0.08583387,-21.50467,0.9315984843789517,1.0,0.0
AC109322.2,-0.08583387,-21.662296,0.9315984843789517,1.0,0.0
AL136317.2,-0.08583387,-21.650066,0.9315984843789517,1.0,0.0
TEKT4,-0.08583387,-21.70959,0.9315984843789517,1.0,0.0
AC010680.3,-0.08583387,-21.56828,0.9315984843789517,1.0,0.0
AC124067.2,-0.08583387,-21.62487,0.9315984843789517,1.0,0.0
AC020917.3,-0.086004175,-0.8792256,0.93146310104584,1.0,0.011904761904761904
SYDE2,-0.08603823,-0.28234416,0.9314360246170458,1.0,0.023809523809523808
HIVEP2,-0.086072296,-0.06401812,0.9314089482676005,1.0,0.05952380952380952
STRADA,-0.08610635,-0.20449015,0.931381871997535,1.0,0.11904761904761904
GPR143,-0.08610635,-0.11345308,0.931381871997535,1.0,0.023809523809523808
RGMB,-0.08617448,-0.014409813,0.9313277196956689,1.0,0.15476190476190477
CERS6,-0.08620854,-0.07181965,0.9313006436639304,1.0,0.2261904761904762
LITAF,-0.08637884,-0.5391579,0.9311652646984324,1.0,0.011904761904761904
ZRANB2,-0.08654915,-0.034736887,0.9310298877244492,1.0,0.6547619047619048
MAST4,-0.08658321,-0.11237821,0.9310028125689773,1.0,0.19047619047619047
SAMHD1,-0.08658321,0.021591319,0.9310028125689773,1.0,0.2619047619047619
PCDHGC3,-0.086787574,-0.6396019,0.9308403633140374,1.0,0.023809523809523808
SEC31B,-0.086787574,-0.52245826,0.9308403633140374,1.0,0.03571428571428571
DTYMK,-0.086855695,-0.10562991,0.9307862142023359,1.0,0.4523809523809524
MT2A,-0.08688976,-0.014405661,0.9307591397666151,1.0,1.0
CRACR2A,-0.08692382,-0.10101393,0.9307320654110225,1.0,0.07142857142857142
SHROOM1,-0.08699194,0.061123136,0.9306779169403467,1.0,0.023809523809523808
SCN5A,-0.087060064,0.022826485,0.930623768790558,1.0,0.023809523809523808
WIPI1,-0.08709413,-0.057050616,0.9305966948360741,1.0,0.27380952380952384
AFDN-DT,-0.08716225,-0.038631335,0.9305425471680833,1.0,0.011904761904761904
MMP23B,-0.08716225,0.016714634,0.9305425471680833,1.0,0.011904761904761904
PFKFB4,-0.087196305,-0.32881817,0.9305154734546387,1.0,0.023809523809523808
LONRF1,-0.087196305,-0.1227423,0.9305154734546387,1.0,0.14285714285714285
EMCN,-0.08729849,-1.6032001,0.9304342527968822,1.0,0.011904761904761904
NBR1,-0.08750286,0.061718643,0.9302718136557724,1.0,0.30952380952380953
RFESD,-0.087536916,-0.30484012,0.9302447407478182,1.0,0.023809523809523808
WDR76,-0.087536916,-0.38224024,0.9302447407478182,1.0,0.03571428571428571
DNAJB2,-0.087741286,-0.0066332784,0.9300823049963134,1.0,0.047619047619047616
IQGAP3,-0.087741286,0.26789635,0.9300823049963134,1.0,0.047619047619047616
PGAP3,-0.08797971,-0.13442874,0.9298928003013202,1.0,0.011904761904761904
SAMD12,-0.088013776,-0.7291312,0.9298657285262886,1.0,0.011904761904761904
RECQL5,-0.08804783,-0.46907255,0.9298386568324137,1.0,0.03571428571428571
ATG4C,-0.08804783,0.007109,0.9298386568324137,1.0,0.09523809523809523
TMEM17,-0.0880819,-0.488157,0.929811585219727,1.0,0.023809523809523808
ZNF461,-0.08821814,-0.867807,0.9297032995814825,1.0,0.011904761904761904
FN3KRP,-0.08835439,-0.07010037,0.9295950152447383,1.0,0.05952380952380952
MTERF3,-0.08835439,-0.051745895,0.9295950152447383,1.0,0.10714285714285714
THAP10,-0.08852469,-0.3940452,0.9294596616570812,1.0,0.011904761904761904
PROB1,-0.088695,-21.842196,0.9293243101100296,1.0,0.0
RAMACL,-0.088695,-21.882406,0.9293243101100296,1.0,0.0
GGN,-0.088695,-21.767609,0.9293243101100296,1.0,0.0
KCTD19,-0.088695,-21.809868,0.9293243101100296,1.0,0.0
AC025682.1,-0.088695,-21.894787,0.9293243101100296,1.0,0.0
CNTN2,-0.088695,-21.836569,0.9293243101100296,1.0,0.0
AC018557.2,-0.088695,-21.821095,0.9293243101100296,1.0,0.0
AL031963.3,-0.088695,-21.751862,0.9293243101100296,1.0,0.0
SNHG22,-0.088695,-21.773123,0.9293243101100296,1.0,0.0
SMIM10,-0.088695,-21.821905,0.9293243101100296,1.0,0.0
HOGA1,-0.088695,-21.77294,0.9293243101100296,1.0,0.0
CADM4,-0.088695,-21.694445,0.9293243101100296,1.0,0.0
C7orf31,-0.088695,-21.69465,0.9293243101100296,1.0,0.0
AC231981.1,-0.088695,-21.723824,0.9293243101100296,1.0,0.0
AC016727.1,-0.088695,-21.730272,0.9293243101100296,1.0,0.0
LINC01873,-0.088695,-21.718666,0.9293243101100296,1.0,0.0
AC068025.2,-0.088695,-21.750631,0.9293243101100296,1.0,0.0
AC079305.3,-0.088695,-21.665655,0.9293243101100296,1.0,0.0
DRC1,-0.088695,-21.761711,0.9293243101100296,1.0,0.0
AC005534.1,-0.088695,-21.706625,0.9293243101100296,1.0,0.0
AP000915.1,-0.088695,-21.87472,0.9293243101100296,1.0,0.0
AC013403.2,-0.088695,-21.831465,0.9293243101100296,1.0,0.0
AL355816.2,-0.088695,-21.718945,0.9293243101100296,1.0,0.0
ORC1,-0.088695,-21.512829,0.9293243101100296,1.0,0.0
DDTL,-0.088695,-21.861944,0.9293243101100296,1.0,0.0
LINC01106,-0.088695,-21.873838,0.9293243101100296,1.0,0.0
EEF1A2,-0.088695,-21.845766,0.9293243101100296,1.0,0.0
AC138028.1,-0.088695,-21.904802,0.9293243101100296,1.0,0.0
AC010401.1,-0.088695,-21.797699,0.9293243101100296,1.0,0.0
CHN2,-0.088695,-21.639107,0.9293243101100296,1.0,0.0
UBE2L5,-0.088695,-21.83963,0.9293243101100296,1.0,0.0
PODNL1,-0.088695,-21.734283,0.9293243101100296,1.0,0.0
CASC19,-0.088695,-21.83084,0.9293243101100296,1.0,0.0
FGF14,-0.088695,-21.858742,0.9293243101100296,1.0,0.0
CHRFAM7A,-0.088695,-21.872614,0.9293243101100296,1.0,0.0
DNAH17-AS1,-0.088695,-21.736729,0.9293243101100296,1.0,0.0
C10orf143,-0.088695,-21.832981,0.9293243101100296,1.0,0.0
LINC01473,-0.08876312,-0.20705774,0.9292701700634509,1.0,0.023809523809523808
TRAPPC4,-0.08876312,0.08184194,0.9292701700634509,1.0,0.44047619047619047
LRRC20,-0.0893081,-0.2671388,0.9288370614970549,1.0,0.023809523809523808
MFHAS1,-0.08944434,-0.02133052,0.928728787644104,1.0,0.27380952380952384
THG1L,-0.089546524,-0.057929926,0.9286475831201689,1.0,0.19047619047619047
SENP7,-0.089750886,-0.009926016,0.9284851763022297,1.0,0.13095238095238096
RAB26,-0.08985307,0.08184791,0.9284039740099078,1.0,0.011904761904761904
HADHB,-0.08985307,-0.039711706,0.9284039740099078,1.0,0.42857142857142855
TTC33,-0.08992119,-0.15997985,0.9283498395625042,1.0,0.10714285714285714
PRKAA2,-0.09005744,-0.035645608,0.9282415716627644,1.0,0.14285714285714285
MTRR,-0.09012556,-0.14359178,0.9281874382109268,1.0,0.07142857142857142
XRCC2,-0.090227745,-0.7089147,0.9281062386564112,1.0,0.011904761904761904
RTN4IP1,-0.09036399,-0.32190844,0.9279979737484152,1.0,0.03571428571428571
MCU,-0.09039805,-0.07860007,0.9279709077296044,1.0,0.17857142857142858
PRRX2,-0.09046617,-0.08176115,0.9279167759420268,1.0,0.011904761904761904
NACA2,-0.09060241,-0.06218205,0.9278085133679191,1.0,0.10714285714285714
NUBP2,-0.09063648,-0.055899363,0.9277814479331254,1.0,0.27380952380952384
YWHAZ,-0.09067053,-0.006039926,0.9277543825818874,1.0,1.0
MIRLET7BHG,-0.0907046,-0.14439759,0.927727317314236,1.0,0.09523809523809523
LRRC8C-DT,-0.09084084,-0.0018209012,0.9276190570801206,1.0,0.08333333333333333
SIAH2,-0.0908749,-0.17613286,0.9275919922308701,1.0,0.13095238095238096
BBOX1-AS1,-0.09111333,-0.8396011,0.9274025406335196,1.0,0.011904761904761904
P2RX5,-0.09114739,-0.0743877,0.9273754764553295,1.0,0.023809523809523808
ATG4D,-0.09121551,-0.14911085,0.9273213483510484,1.0,0.05952380952380952
FAM161B,-0.09121551,-0.0149529185,0.9273213483510484,1.0,0.023809523809523808
C16orf46,-0.09121551,-0.7340372,0.9273213483510484,1.0,0.023809523809523808
PCF11-AS1,-0.09124958,-0.9479008,0.9272942844250197,1.0,0.011904761904761904
FAM83D,-0.0913177,-0.22409621,0.9272401568253418,1.0,0.05952380952380952
HELB,-0.091488004,-0.10565474,0.9271048392998134,1.0,0.03571428571428571
ZNF366,-0.091556124,-21.746426,0.9270507128797224,1.0,0.0
AL512625.3,-0.091556124,-21.789486,0.9270507128797224,1.0,0.0
OAZ3,-0.091556124,-0.38124132,0.9270507128797224,1.0,0.011904761904761904
AL162426.1,-0.091556124,-21.83077,0.9270507128797224,1.0,0.0
AC005083.1,-0.091556124,-21.805027,0.9270507128797224,1.0,0.0
TPM1-AS,-0.091556124,-21.808414,0.9270507128797224,1.0,0.0
HNRNPA1L2,-0.091556124,-21.929329,0.9270507128797224,1.0,0.0
AC090826.1,-0.091556124,-21.729269,0.9270507128797224,1.0,0.0
DLGAP4-AS1,-0.091556124,-21.98501,0.9270507128797224,1.0,0.0
PTGES,-0.091556124,-21.783197,0.9270507128797224,1.0,0.0
LINC00265,-0.091556124,-21.921535,0.9270507128797224,1.0,0.0
AL356776.2,-0.091556124,-21.808664,0.9270507128797224,1.0,0.0
MMP25,-0.091556124,-21.749535,0.9270507128797224,1.0,0.0
RBAKDN,-0.091556124,-21.840664,0.9270507128797224,1.0,0.0
AC136604.3,-0.091556124,-21.938938,0.9270507128797224,1.0,0.0
AC087623.2,-0.091556124,-21.850702,0.9270507128797224,1.0,0.0
PAK3,-0.091556124,-21.68285,0.9270507128797224,1.0,0.0
ECT2L,-0.091556124,-21.813955,0.9270507128797224,1.0,0.0
AC100821.2,-0.091556124,-21.842726,0.9270507128797224,1.0,0.0
AC020928.2,-0.091556124,-21.788645,0.9270507128797224,1.0,0.0
LDHD,-0.091556124,-21.699827,0.9270507128797224,1.0,0.0
IFITM10,-0.091556124,-21.8356,0.9270507128797224,1.0,0.0
AC124045.1,-0.091556124,-21.858055,0.9270507128797224,1.0,0.0
CA3-AS1,-0.091556124,-21.87732,0.9270507128797224,1.0,0.0
LINC01730,-0.091556124,-22.009996,0.9270507128797224,1.0,0.0
DLL1,-0.091556124,-21.836103,0.9270507128797224,1.0,0.0
CHRNA10,-0.091556124,-21.762747,0.9270507128797224,1.0,0.0
LINC01711,-0.091556124,-21.725231,0.9270507128797224,1.0,0.0
AL136295.2,-0.091556124,-21.81259,0.9270507128797224,1.0,0.0
AC092139.1,-0.091556124,-21.825565,0.9270507128797224,1.0,0.0
AC020765.2,-0.091556124,-21.849424,0.9270507128797224,1.0,0.0
AL008727.1,-0.091556124,-21.738125,0.9270507128797224,1.0,0.0
SCN1A-AS1,-0.091556124,-21.809612,0.9270507128797224,1.0,0.0
LMTK3,-0.091556124,-21.802612,0.9270507128797224,1.0,0.0
BTBD16,-0.091556124,-21.734962,0.9270507128797224,1.0,0.0
DNAAF3,-0.091556124,-21.785183,0.9270507128797224,1.0,0.0
AC011603.2,-0.09159019,-0.42468387,0.9270236497962557,1.0,0.03571428571428571
OSBPL1A,-0.091760494,0.098999694,0.9268883356459572,1.0,0.23809523809523808
ATG16L1,-0.091828614,-0.07961531,0.9268342105777017,1.0,0.05952380952380952
TRIM46,-0.091896735,-0.42811766,0.9267800858480276,1.0,0.011904761904761904
UBE4A,-0.091896735,-0.032081813,0.9267800858480276,1.0,0.2976190476190476
ZNF490,-0.09230547,-0.38452297,0.9264553445941421,1.0,0.03571428571428571
FUNDC2,-0.09230547,-0.08885939,0.9264553445941421,1.0,0.36904761904761907
ZNF250,-0.09237359,-0.34125018,0.9264012222415119,1.0,0.03571428571428571
ZNF543,-0.09237359,-0.5775506,0.9264012222415119,1.0,0.011904761904761904
TNFSF13,-0.09237359,-0.5699909,0.9264012222415119,1.0,0.011904761904761904
CRY2,-0.09240765,-1.193326,0.9263741611928965,1.0,0.011904761904761904
OAZ1,-0.09240765,-0.02881148,0.9263741611928965,1.0,0.9880952380952381
OPN3,-0.092509836,-0.09191729,0.9262929785582221,1.0,0.047619047619047616
LINC00909,-0.092509836,0.09702928,0.9262929785582221,1.0,0.03571428571428571
KCTD18,-0.09264608,-0.0031487045,0.9261847362392196,1.0,0.047619047619047616
LRR1,-0.09264608,-0.19797061,0.9261847362392196,1.0,0.11904761904761904
ASIC1,-0.0928845,-0.025907671,0.9259953154697732,1.0,0.047619047619047616
ROR1,-0.09312293,-0.0046503246,0.9258058988952328,1.0,0.09523809523809523
NAB2,-0.09319106,-0.08730941,0.9257517806459223,1.0,0.047619047619047616
ZNF583,-0.093225114,-0.19860645,0.9257247216500871,1.0,0.03571428571428571
DNAJC2,-0.093225114,-0.0766938,0.9257247216500871,1.0,0.2857142857142857
UPF3A,-0.093293235,-0.03165523,0.9256706039162126,1.0,0.4880952380952381
ZNF133,-0.0933273,0.07739559,0.9256435451782354,1.0,0.047619047619047616
PTPN11,-0.09336136,0.023785977,0.9256164865262732,1.0,0.5595238095238095
AHNAK2,-0.09336136,-0.0524612,0.9256164865262732,1.0,0.4880952380952381
PISD,-0.09339542,-0.1815008,0.9255894279603569,1.0,0.13095238095238096
TMEM106B,-0.09346354,-0.043163896,0.9255353110867869,1.0,0.4880952380952381
KANSL1L,-0.09353167,-0.17604016,0.9254811945577743,1.0,0.023809523809523808
SRPX2,-0.093565725,-0.019172247,0.9254541364225549,1.0,0.34523809523809523
BUB1,-0.09359979,-0.3150997,0.9254270783735682,1.0,0.047619047619047616
PLEK2,-0.093633845,0.00059688766,0.9254000204108453,1.0,0.17857142857142858
GHDC,-0.093633845,0.089087605,0.9254000204108453,1.0,0.11904761904761904
SARM1,-0.09366791,-0.78601044,0.9253729625344175,1.0,0.011904761904761904
LURAP1,-0.09380415,-0.80481046,0.9252647318922778,1.0,0.011904761904761904
AC105429.1,-0.09380415,-0.8061249,0.9252647318922778,1.0,0.011904761904761904
DLX1,-0.0939404,-0.008201217,0.9251565026333466,1.0,0.047619047619047616
PACSIN3,-0.09400852,0.019905265,0.9251023885232065,1.0,0.07142857142857142
SNX21,-0.09431507,-0.19392179,0.9248588793197117,1.0,0.09523809523809523
BRPF3,-0.09434913,0.061179463,0.9248318231757169,1.0,0.047619047619047616
AL132989.1,-0.09441725,-21.775927,0.9247777111486033,1.0,0.0
AL357079.1,-0.09441725,-21.810898,0.9247777111486033,1.0,0.0
AC020663.3,-0.09441725,-21.890577,0.9247777111486033,1.0,0.0
SIRT4,-0.09441725,-21.91037,0.9247777111486033,1.0,0.0
AL023803.2,-0.09441725,-21.75589,0.9247777111486033,1.0,0.0
SIRPB1,-0.09441725,-21.895561,0.9247777111486033,1.0,0.0
AC016597.1,-0.09441725,-21.811253,0.9247777111486033,1.0,0.0
TAF1A-AS1,-0.09441725,-21.886597,0.9247777111486033,1.0,0.0
AL079343.1,-0.09441725,-21.701208,0.9247777111486033,1.0,0.0
TICRR,-0.09441725,-21.719738,0.9247777111486033,1.0,0.0
AC005329.1,-0.09441725,-21.839172,0.9247777111486033,1.0,0.0
AL591043.2,-0.09441725,-21.957016,0.9247777111486033,1.0,0.0
PRC1-AS1,-0.09441725,-21.830557,0.9247777111486033,1.0,0.0
SERF1B,-0.09441725,-21.870224,0.9247777111486033,1.0,0.0
FAM222A,-0.09441725,-21.913847,0.9247777111486033,1.0,0.0
LINC00937,-0.09441725,-21.96347,0.9247777111486033,1.0,0.0
AC139795.2,-0.09441725,-21.767685,0.9247777111486033,1.0,0.0
LINC02739,-0.09441725,-21.759432,0.9247777111486033,1.0,0.0
AL035587.1,-0.09441725,-21.893005,0.9247777111486033,1.0,0.0
GAS2,-0.09441725,-21.902325,0.9247777111486033,1.0,0.0
AC005736.1,-0.09441725,-21.884232,0.9247777111486033,1.0,0.0
C2orf16,-0.09441725,-21.898539,0.9247777111486033,1.0,0.0
LINC02062,-0.09441725,-21.82613,0.9247777111486033,1.0,0.0
KISS1,-0.09441725,-21.891287,0.9247777111486033,1.0,0.0
MC1R,-0.09441725,-21.898636,0.9247777111486033,1.0,0.0
AL445223.1,-0.09441725,-21.659193,0.9247777111486033,1.0,0.0
FUT2,-0.09441725,-21.835842,0.9247777111486033,1.0,0.0
EFCAB5,-0.09441725,-21.960823,0.9247777111486033,1.0,0.0
ZNF443,-0.09441725,-21.80273,0.9247777111486033,1.0,0.0
AL356652.1,-0.09441725,-21.935163,0.9247777111486033,1.0,0.0
SLC2A9,-0.09441725,-21.72595,0.9247777111486033,1.0,0.0
AC097662.1,-0.09441725,-22.042194,0.9247777111486033,1.0,0.0
BNIPL,-0.09441725,-21.741095,0.9247777111486033,1.0,0.0
AC116312.1,-0.09441725,-21.949963,0.9247777111486033,1.0,0.0
IMPG2,-0.09441725,-21.717976,0.9247777111486033,1.0,0.0
HVCN1,-0.09441725,-21.81382,0.9247777111486033,1.0,0.0
ABI3BP,-0.09465568,0.11543395,0.9245883217961715,1.0,0.23809523809523808
PYGO1,-0.09486005,0.5762864,0.9244259914670151,1.0,0.05952380952380952
SGSH,-0.09523472,-0.17894018,0.9241283940417061,1.0,0.19047619047619047
ZNF181,-0.09537096,-0.44483712,0.9240201794266745,1.0,0.03571428571428571
MGA,-0.09537096,0.053806327,0.9240201794266745,1.0,0.15476190476190477
RNF8,-0.095507205,0.0072621126,0.9239119662177466,1.0,0.23809523809523808
NPTN,-0.09564345,-0.046657298,0.923803754416913,1.0,0.2857142857142857
AC084024.4,-0.095779695,-0.069002554,0.923695544026164,1.0,0.011904761904761904
POLR3C,-0.095847815,-0.4133661,0.9236414393601932,1.0,0.08333333333333333
ZSCAN20,-0.09588188,-0.6567039,0.9236143871596675,1.0,0.011904761904761904
ZNF502,-0.095984064,-1.4263517,0.9235332310883027,1.0,0.011904761904761904
UTP14A,-0.09625655,-0.1043758,0.923316818791692,1.0,0.19047619047619047
HIST1H1D,-0.09629061,-0.5177286,0.9232897676533942,1.0,0.05952380952380952
APH1A,-0.096324675,-0.058618765,0.9232627166038174,1.0,0.39285714285714285
PSME2,-0.096324675,-0.06406609,0.9232627166038174,1.0,0.6666666666666666
OGG1,-0.09659716,-0.16341592,0.9230463114048945,1.0,0.10714285714285714
PIP4K2A,-0.096665286,-0.016886054,0.9229922109945511,1.0,0.19047619047619047
MAP2K4,-0.096665286,-0.06932953,0.9229922109945511,1.0,0.17857142857142858
C16orf87,-0.096665286,-0.10273036,0.9229922109945511,1.0,0.21428571428571427
CHERP,-0.09676746,-0.18971194,0.922911061047087,1.0,0.08333333333333333
MRPS18A,-0.09693777,-0.079107985,0.9227758129181886,1.0,0.19047619047619047
KLF16,-0.09697183,-0.033714112,0.92274876356022,1.0,0.07142857142857142
ZNF548,-0.097005896,-0.5355657,0.9227217142915942,1.0,0.023809523809523808
CCDC171,-0.09724432,-0.9161404,0.9225323719154259,1.0,0.011904761904761904
AL031666.2,-0.09727838,-21.877426,0.9225053233626623,1.0,0.0
AP002478.1,-0.09727838,-21.872892,0.9225053233626623,1.0,0.0
EXTL3-AS1,-0.09727838,-21.842636,0.9225053233626623,1.0,0.0
AC022966.2,-0.09727838,-21.860302,0.9225053233626623,1.0,0.0
TSACC,-0.09727838,-21.881222,0.9225053233626623,1.0,0.0
AC090360.1,-0.09727838,-21.749392,0.9225053233626623,1.0,0.0
TBC1D8-AS1,-0.09727838,-21.85314,0.9225053233626623,1.0,0.0
PKD2L2,-0.09727838,-21.953217,0.9225053233626623,1.0,0.0
TMEM170B,-0.09727838,-21.909986,0.9225053233626623,1.0,0.0
AF230666.2,-0.09727838,-21.731424,0.9225053233626623,1.0,0.0
AP001020.3,-0.09727838,-21.951832,0.9225053233626623,1.0,0.0
AC010210.1,-0.09727838,-21.81124,0.9225053233626623,1.0,0.0
PAN3-AS1,-0.09727838,-21.841888,0.9225053233626623,1.0,0.0
AL132639.2,-0.09727838,-21.813892,0.9225053233626623,1.0,0.0
AP001830.1,-0.09727838,-21.88211,0.9225053233626623,1.0,0.0
OPRL1,-0.09727838,-21.945232,0.9225053233626623,1.0,0.0
UNC13D,-0.09727838,-21.917454,0.9225053233626623,1.0,0.0
PSMD6-AS1,-0.09727838,-21.82377,0.9225053233626623,1.0,0.0
BRSK1,-0.09727838,-21.713026,0.9225053233626623,1.0,0.0
AL160272.1,-0.09727838,-21.737345,0.9225053233626623,1.0,0.0
AC108471.3,-0.09727838,-21.917221,0.9225053233626623,1.0,0.0
LINC02362,-0.09727838,-21.887787,0.9225053233626623,1.0,0.0
AC024451.4,-0.09727838,-21.711018,0.9225053233626623,1.0,0.0
AC051619.5,-0.09727838,-21.75869,0.9225053233626623,1.0,0.0
KIAA0556,-0.09731244,0.15271506,0.9224782748995215,1.0,0.047619047619047616
CDK9,-0.09748275,-0.05930211,0.9223430339292445,1.0,0.19047619047619047
GEN1,-0.09748275,-0.6506766,0.9223430339292445,1.0,0.03571428571428571
PPARD,-0.09755087,-0.2064211,0.9222889381695801,1.0,0.047619047619047616
AC103703.1,-0.09758493,-0.97358346,0.9222618904245394,1.0,0.011904761904761904
MAGED2,-0.09768712,0.009163663,0.9221807477289559,1.0,0.35714285714285715
SREK1IP1,-0.09782336,-0.029772328,0.9220725587282617,1.0,0.4523809523809524
NDUFAF4,-0.09785742,-0.07255759,0.9220455117033103,1.0,0.25
AC017071.1,-0.09785742,-1.1217415,0.9220455117033103,1.0,0.011904761904761904
AC110620.2,-0.09789148,-0.14019425,0.9220184647685099,1.0,0.047619047619047616
EPHA1-AS1,-0.0979596,-0.07016895,0.9219643711694866,1.0,0.07142857142857142
ZNF710,-0.09802773,-0.103182055,0.9219102779314403,1.0,0.07142857142857142
PTPRS,-0.098198034,0.06022843,0.9217750464172306,1.0,0.011904761904761904
ZNF599,-0.098266155,-0.2589287,0.9217209544445618,1.0,0.03571428571428571
FANCB,-0.098334275,-1.2383015,0.9216668628339887,1.0,0.011904761904761904
ARVCF,-0.098402396,0.023234317,0.92161277158576,1.0,0.011904761904761904
RAB43,-0.09843646,-0.8852967,0.9215857260976025,1.0,0.023809523809523808
HSF1,-0.098538645,-0.037822787,0.92150459017733,1.0,0.34523809523809523
KIF18A,-0.098606765,-0.43278155,0.9214505000176259,1.0,0.03571428571428571
LINC02422,-0.09884519,-0.7297682,0.9212611873215848,1.0,0.011904761904761904
RPL27,-0.0990155,-0.012689887,0.9211259666982131,1.0,1.0
CPNE8,-0.09908362,0.005914354,0.9210718790870995,1.0,0.16666666666666666
DCTPP1,-0.09935611,-0.011086784,0.920855532295916,1.0,0.32142857142857145
PRKAG2,-0.09942423,-0.03360366,0.9208014465126805,1.0,0.34523809523809523
SERPINH1,-0.0996286,-0.021196779,0.9206391913618949,1.0,0.6547619047619048
RMRP,-0.099662654,-0.089614086,0.920612149157766,1.0,0.023809523809523808
LINC01588,-0.100003265,-0.89445895,0.9203417321704782,1.0,0.011904761904761904
HOXB-AS1,-0.10003733,-0.06354197,0.9203146909778328,1.0,0.05952380952380952
ATM,-0.10010545,-0.038740855,0.9202606088689911,1.0,0.5
NEXN-AS1,-0.10013951,-21.951094,0.9202335679528569,1.0,0.0
AF127577.1,-0.10013951,-22.053991,0.9202335679528569,1.0,0.0
AL355802.3,-0.10013951,-21.867575,0.9202335679528569,1.0,0.0
ZNF426-DT,-0.10013951,-21.93468,0.9202335679528569,1.0,0.0
LRRC37A,-0.10013951,-22.068281,0.9202335679528569,1.0,0.0
AC005041.5,-0.10013951,-21.81134,0.9202335679528569,1.0,0.0
PLA2G6,-0.10013951,-22.040474,0.9202335679528569,1.0,0.0
SMAD1-AS1,-0.10013951,-22.050138,0.9202335679528569,1.0,0.0
GPR137C,-0.10013951,-22.004639,0.9202335679528569,1.0,0.0
ACTRT3,-0.10013951,-21.802523,0.9202335679528569,1.0,0.0
CRYBB2,-0.10013951,-21.911297,0.9202335679528569,1.0,0.0
AL360270.2,-0.10013951,-21.848171,0.9202335679528569,1.0,0.0
MAGEB2,-0.10013951,-21.986921,0.9202335679528569,1.0,0.0
FCER1G,-0.10013951,-21.978415,0.9202335679528569,1.0,0.0
FSD2,-0.10013951,-21.936047,0.9202335679528569,1.0,0.0
AC010883.1,-0.10013951,-22.012093,0.9202335679528569,1.0,0.0
AL133410.1,-0.10013951,-21.975443,0.9202335679528569,1.0,0.0
AC078785.1,-0.10013951,-21.881348,0.9202335679528569,1.0,0.0
FAM85B,-0.10013951,-21.873562,0.9202335679528569,1.0,0.0
AC007402.2,-0.10013951,-21.94309,0.9202335679528569,1.0,0.0
FAM157C,-0.10013951,-22.016045,0.9202335679528569,1.0,0.0
MEIS1-AS2,-0.10013951,-21.816887,0.9202335679528569,1.0,0.0
AL157394.3,-0.10013951,-21.939497,0.9202335679528569,1.0,0.0
AL355916.1,-0.10013951,-21.95828,0.9202335679528569,1.0,0.0
LINC02680,-0.10013951,-21.816864,0.9202335679528569,1.0,0.0
AC109322.1,-0.10013951,-21.82946,0.9202335679528569,1.0,0.0
AC093833.1,-0.10013951,-22.113426,0.9202335679528569,1.0,0.0
DDX59-AS1,-0.10013951,-21.846746,0.9202335679528569,1.0,0.0
CLDN5,-0.10013951,-22.008204,0.9202335679528569,1.0,0.0
CLVS1,-0.10013951,-21.855524,0.9202335679528569,1.0,0.0
MYRIP,-0.10013951,-21.86176,0.9202335679528569,1.0,0.0
AL359397.2,-0.10013951,-21.98313,0.9202335679528569,1.0,0.0
AC005520.5,-0.10013951,-22.008072,0.9202335679528569,1.0,0.0
STIM2-AS1,-0.10013951,-22.033663,0.9202335679528569,1.0,0.0
CFAP161,-0.10013951,-21.954763,0.9202335679528569,1.0,0.0
UBE2Q2L,-0.10013951,-21.95751,0.9202335679528569,1.0,0.0
AC007383.2,-0.10013951,-22.004244,0.9202335679528569,1.0,0.0
MAFIP,-0.10013951,-22.099195,0.9202335679528569,1.0,0.0
ANKRD45,-0.10013951,-22.169903,0.9202335679528569,1.0,0.0
AC012459.1,-0.10013951,-22.055378,0.9202335679528569,1.0,0.0
AL365295.1,-0.10013951,-21.814129,0.9202335679528569,1.0,0.0
AC132938.6,-0.10013951,-21.940191,0.9202335679528569,1.0,0.0
WDR53,-0.100207634,-0.846794,0.9201794863973175,1.0,0.023809523809523808
UNC93B1,-0.100411996,-0.59933996,0.9200172439467649,1.0,0.023809523809523808
ZNF699,-0.100411996,-0.015215719,0.9200172439467649,1.0,0.047619047619047616
SYNGR3,-0.100411996,-0.9775329,0.9200172439467649,1.0,0.011904761904761904
AC091153.3,-0.100616366,-1.1329056,0.9198550048255285,1.0,0.011904761904761904
COL4A5,-0.100820735,5.634004e-05,0.9196927690403158,1.0,0.44047619047619047
MMRN2,-0.100820735,-0.025708195,0.9196927690403158,1.0,0.4642857142857143
BCDIN3D,-0.100820735,0.043342326,0.9196927690403158,1.0,0.023809523809523808
CAB39L,-0.10095698,-0.40509275,0.9195846137068328,1.0,0.03571428571428571
CDC14B,-0.10105916,-0.32334024,0.919503498182879,1.0,0.03571428571428571
DLGAP5,-0.10112728,-0.10796953,0.9194494216322131,1.0,0.10714285714285714
PRORP,-0.10122947,-0.012091752,0.9193683075047898,1.0,0.23809523809523808
LINC00963,-0.10126352,-0.07636935,0.9193412696487264,1.0,0.14285714285714285
ENTPD4,-0.10153601,-0.051184785,0.9191249701600888,1.0,0.2261904761904762
LEPROTL1,-0.101604134,-0.0315952,0.9190708962223648,1.0,0.5476190476190477
RNF152,-0.1016382,-0.37537283,0.9190438593938388,1.0,0.08333333333333333
AC105285.1,-0.10177444,-0.32148963,0.9189357130160329,1.0,0.03571428571428571
CBX8,-0.10252378,-0.42306635,0.9183409347961219,1.0,0.011904761904761904
KCTD11,-0.102557845,-0.19592573,0.9183139005056574,1.0,0.023809523809523808
B3GNT2,-0.102625966,-0.060811635,0.9182598322080698,1.0,0.20238095238095238
AL356124.1,-0.10269409,-0.9024269,0.9182057642884778,1.0,0.011904761904761904
PLA2G15,-0.10286439,-0.11853579,0.9180705961448569,1.0,0.05952380952380952
TBXA2R,-0.10286439,-0.5811621,0.9180705961448569,1.0,0.023809523809523808
NEIL3,-0.10286439,-0.50135493,0.9180705961448569,1.0,0.011904761904761904
GSK3B,-0.10286439,0.03980849,0.9180705961448569,1.0,0.32142857142857145
INE1,-0.10296658,-1.015733,0.9179894963950291,1.0,0.011904761904761904
CIART,-0.10300064,-21.91481,0.9179624633346636,1.0,0.0
OGFRP1,-0.10300064,-22.005028,0.9179624633346636,1.0,0.0
ZNF793,-0.10300064,-22.047384,0.9179624633346636,1.0,0.0
AL391832.2,-0.10300064,-22.050755,0.9179624633346636,1.0,0.0
ARL9,-0.10300064,-22.078176,0.9179624633346636,1.0,0.0
AL590428.1,-0.10300064,-22.042448,0.9179624633346636,1.0,0.0
AL356019.2,-0.10300064,-21.911325,0.9179624633346636,1.0,0.0
AC022973.3,-0.10300064,-21.888777,0.9179624633346636,1.0,0.0
ACP5,-0.10300064,-22.04129,0.9179624633346636,1.0,0.0
AC073073.2,-0.10300064,-22.021446,0.9179624633346636,1.0,0.0
ACAP1,-0.10300064,-21.949076,0.9179624633346636,1.0,0.0
AL365181.2,-0.10300064,-21.859013,0.9179624633346636,1.0,0.0
DOC2A,-0.10300064,-22.000212,0.9179624633346636,1.0,0.0
ZNF43,-0.10300064,-21.920305,0.9179624633346636,1.0,0.0
NR1I3,-0.10300064,-21.90942,0.9179624633346636,1.0,0.0
NANOG,-0.10300064,-21.903543,0.9179624633346636,1.0,0.0
SLC16A9,-0.10300064,-22.029352,0.9179624633346636,1.0,0.0
GTF3C2-AS1,-0.10300064,-22.000967,0.9179624633346636,1.0,0.0
AC127521.1,-0.10300064,-21.96776,0.9179624633346636,1.0,0.0
AC136475.5,-0.10300064,-21.980486,0.9179624633346636,1.0,0.0
AC004241.3,-0.10300064,-22.107674,0.9179624633346636,1.0,0.0
EVA1A,-0.10300064,-21.949558,0.9179624633346636,1.0,0.0
RPP38-DT,-0.10300064,-21.91439,0.9179624633346636,1.0,0.0
AC104389.5,-0.10300064,-22.031013,0.9179624633346636,1.0,0.0
EWSAT1,-0.10300064,-22.071629,0.9179624633346636,1.0,0.0
AC008395.1,-0.10300064,-21.989542,0.9179624633346636,1.0,0.0
LINC00311,-0.10300064,-22.024443,0.9179624633346636,1.0,0.0
SLC35G5,-0.10300064,-21.943676,0.9179624633346636,1.0,0.0
TLN2,-0.10300064,-21.95385,0.9179624633346636,1.0,0.0
AC108863.2,-0.10300064,-22.074064,0.9179624633346636,1.0,0.0
TSPAN2,-0.10300064,-21.891207,0.9179624633346636,1.0,0.0
CBWD5,-0.10334125,0.049293675,0.9176921379523391,1.0,0.07142857142857142
LAMA4,-0.10344344,0.009633103,0.9176110421916644,1.0,0.8095238095238095
ZNF440,-0.10344344,-0.3607989,0.9176110421916644,1.0,0.023809523809523808
GABPB1,-0.10357968,-0.021927493,0.9175029158443199,1.0,0.13095238095238096
EDC3,-0.10361374,-0.046832845,0.9174758844958253,1.0,0.07142857142857142
ADPRM,-0.10368186,-0.013418478,0.9174218220850633,1.0,0.047619047619047616
SEC22A,-0.10378405,-0.1944199,0.9173407291849535,1.0,0.08333333333333333
RFX3,-0.1038181,-0.037293095,0.9173136984093164,1.0,0.13095238095238096
STRBP,-0.1038181,0.24253991,0.9173136984093164,1.0,0.16666666666666666
MPP4,-0.10385217,-0.39476135,0.9172866677292641,1.0,0.03571428571428571
RAB23,-0.103886224,-0.16072766,0.9172596371448278,1.0,0.09523809523809523
MEF2B,-0.10395435,-0.62725675,0.9172055762629268,1.0,0.023809523809523808
FOXP4-AS1,-0.10395435,-0.6327694,0.9172055762629268,1.0,0.023809523809523808
ZNF740,-0.10398841,-0.22816154,0.9171785459655242,1.0,0.05952380952380952
AC008946.1,-0.10405653,-0.024938997,0.9171244856579696,1.0,0.011904761904761904
RBBP5,-0.10405653,-0.17616992,0.9171244856579696,1.0,0.13095238095238096
ABHD4,-0.10412466,-0.1601954,0.917070425733623,1.0,0.03571428571428571
DNAJC5,-0.104158714,-0.046266727,0.9170433959152302,1.0,0.23809523809523808
APH1B,-0.104431204,0.13349548,0.9168271608229144,1.0,0.14285714285714285
CPTP,-0.104771815,-0.3686329,0.9165568756122657,1.0,0.047619047619047616
ITPR2,-0.104839936,-0.044852752,0.9165028197265833,1.0,0.5
VSIG1,-0.10518055,-0.8080982,0.916232546094053,1.0,0.011904761904761904
LGALSL,-0.10524867,-0.19764696,0.91617849252846,1.0,0.07142857142857142
AC018362.1,-0.10552116,0.07202602,0.9159622821440663,1.0,0.03571428571428571
OTX1,-0.10558928,-0.9748586,0.9159082305187027,1.0,0.011904761904761904
ABALON,-0.10586177,-21.929695,0.9156920279076298,1.0,0.0
AC093525.6,-0.10586177,-22.049784,0.9156920279076298,1.0,0.0
AL513477.2,-0.10586177,-22.157211,0.9156920279076298,1.0,0.0
NOMO2,-0.10586177,-21.858404,0.9156920279076298,1.0,0.0
FAXDC2,-0.10586177,-22.096659,0.9156920279076298,1.0,0.0
AC012306.2,-0.10586177,-21.945526,0.9156920279076298,1.0,0.0
PLCXD2,-0.10586177,-22.028448,0.9156920279076298,1.0,0.0
AC110792.2,-0.10586177,-22.09108,0.9156920279076298,1.0,0.0
AC036214.2,-0.10586177,-21.860146,0.9156920279076298,1.0,0.0
ZNF772,-0.10586177,-22.007902,0.9156920279076298,1.0,0.0
AC008083.3,-0.10586177,-21.931255,0.9156920279076298,1.0,0.0
CCL7,-0.10586177,-22.00724,0.9156920279076298,1.0,0.0
ZGLP1,-0.10586177,-21.835676,0.9156920279076298,1.0,0.0
AC009509.4,-0.10586177,-21.938242,0.9156920279076298,1.0,0.0
AC025171.4,-0.10586177,-21.961313,0.9156920279076298,1.0,0.0
AC006449.2,-0.10586177,-21.983297,0.9156920279076298,1.0,0.0
TEX45,-0.10586177,-21.985025,0.9156920279076298,1.0,0.0
MIR3936HG,-0.10586177,-21.930174,0.9156920279076298,1.0,0.0
RBM5-AS1,-0.10586177,-22.076075,0.9156920279076298,1.0,0.0
LINC02453,-0.10586177,-22.086872,0.9156920279076298,1.0,0.0
AC025031.4,-0.10586177,-22.010994,0.9156920279076298,1.0,0.0
MINAR1,-0.10586177,-22.021917,0.9156920279076298,1.0,0.0
AC021321.1,-0.10586177,-21.822971,0.9156920279076298,1.0,0.0
IL3RA,-0.10586177,-22.023806,0.9156920279076298,1.0,0.0
PEX7,-0.10623644,-0.48089737,0.9153947595037029,1.0,0.05952380952380952
GUF1,-0.1062705,-0.06846349,0.9153677356894451,1.0,0.15476190476190477
ZNF518A,-0.1062705,-0.15564618,0.9153677356894451,1.0,0.09523809523809523
AFF1,-0.10630456,0.07662956,0.9153407119730049,1.0,0.21428571428571427
MMS22L,-0.10640675,0.011890024,0.9152596414108994,1.0,0.07142857142857142
RPAP2,-0.106508926,-0.078934446,0.9151785717302677,1.0,0.19047619047619047
FTO,-0.106645174,0.020504761,0.9150704801953866,1.0,0.21428571428571427
CISD1,-0.106645174,-0.0488832,0.9150704801953866,1.0,0.5357142857142857
PCNX1,-0.106713295,-0.021779152,0.9150164350167731,1.0,0.17857142857142858
FBXO8,-0.10701984,-0.2876463,0.9147732365785053,1.0,0.11904761904761904
KCNMA1,-0.10708797,-0.05943532,0.9147191935638105,1.0,0.2857142857142857
BET1,-0.10712203,-0.1277718,0.9146921722042897,1.0,0.25
GRIN2D,-0.10715609,-0.13385518,0.9146651509433612,1.0,0.011904761904761904
EIF3K,-0.10715609,-0.047241412,0.9146651509433612,1.0,0.9166666666666666
PLD6,-0.107326396,-0.76466674,0.9145300461186892,1.0,0.011904761904761904
FAM53C,-0.10776919,-0.01777893,0.9141787851412707,1.0,0.10714285714285714
TAF1A,-0.10783731,-0.70316,0.9141247464769111,1.0,0.023809523809523808
PHETA2,-0.10817792,-0.14360812,0.9138545591146545,1.0,0.023809523809523808
VAMP1,-0.10824604,-0.76715446,0.9138005228358463,1.0,0.023809523809523808
UBE2D4,-0.1082801,-0.098450504,0.913773504845849,1.0,0.15476190476190477
TEX10,-0.1082801,0.104657926,0.913773504845849,1.0,0.13095238095238096
FGFR1OP2,-0.108314164,-0.00090742926,0.9137464869554974,1.0,0.38095238095238093
AC073508.3,-0.108450405,-0.8912689,0.9136384163911689,1.0,0.011904761904761904
MAP1LC3B2,-0.108450405,-0.35452342,0.9136384163911689,1.0,0.023809523809523808
AC092828.1,-0.10848447,-0.9438872,0.9136113989995112,1.0,0.011904761904761904
AMIGO1,-0.108722895,-22.004848,0.9134222800549275,1.0,0.0
CIDEA,-0.108722895,-22.072165,0.9134222800549275,1.0,0.0
AL139424.2,-0.108722895,-22.100708,0.9134222800549275,1.0,0.0
AC079336.5,-0.108722895,-22.049183,0.9134222800549275,1.0,0.0
SCUBE3,-0.108722895,-22.040268,0.9134222800549275,1.0,0.0
SEMA3D,-0.108722895,-22.02443,0.9134222800549275,1.0,0.0
ATP6V0A4,-0.108722895,-21.969225,0.9134222800549275,1.0,0.0
PLA2G4B,-0.108722895,-22.027512,0.9134222800549275,1.0,0.0
AC018816.1,-0.108722895,-21.963175,0.9134222800549275,1.0,0.0
BX005040.1,-0.108722895,-22.042496,0.9134222800549275,1.0,0.0
TFF1,-0.108722895,-22.13275,0.9134222800549275,1.0,0.0
B4GALNT3,-0.108722895,-21.980494,0.9134222800549275,1.0,0.0
Z97192.3,-0.108722895,-22.176783,0.9134222800549275,1.0,0.0
AC073475.1,-0.108722895,-22.011972,0.9134222800549275,1.0,0.0
AC008026.3,-0.108722895,-21.991055,0.9134222800549275,1.0,0.0
AL031775.1,-0.108722895,-21.987463,0.9134222800549275,1.0,0.0
ZXDA,-0.108722895,-21.980095,0.9134222800549275,1.0,0.0
SOD2-OT1,-0.108722895,-22.038723,0.9134222800549275,1.0,0.0
AC005498.2,-0.108722895,-22.154001,0.9134222800549275,1.0,0.0
AC025449.2,-0.108722895,-21.992361,0.9134222800549275,1.0,0.0
PLAC4,-0.108722895,-22.104727,0.9134222800549275,1.0,0.0
NKIRAS1,-0.108859144,0.013260244,0.9133142142869793,1.0,0.047619047619047616
POLE2,-0.108995385,-0.09807563,0.9132061501217892,1.0,0.023809523809523808
WDR27,-0.10902945,-0.14910607,0.9131791343311548,1.0,0.09523809523809523
PASK,-0.10937006,-1.052836,0.912908981947919,1.0,0.011904761904761904
AC108134.3,-0.10940412,-0.1377119,0.9128819672625875,1.0,0.023809523809523808
CCNJL,-0.10940412,-0.026642838,0.9128819672625875,1.0,0.03571428571428571
AC016747.1,-0.10960849,-0.058525477,0.9127198812657076,1.0,0.23809523809523808
CHP1,-0.10960849,0.0066795605,0.9127198812657076,1.0,0.4642857142857143
PITPNM3,-0.10964254,-0.22334416,0.9126928672857014,1.0,0.03571428571428571
AC139530.1,-0.10967661,-0.7487395,0.9126658534065799,1.0,0.011904761904761904
MAP6,-0.10977879,-0.0911815,0.9125848123748329,1.0,0.011904761904761904
ZNF236,-0.10981285,-0.33834112,0.9125577988995596,1.0,0.07142857142857142
KIRREL1,-0.10988098,-0.10550486,0.9125037722521622,1.0,0.08333333333333333
DNAJC22,-0.10998315,-1.6472012,0.9124227330394038,1.0,0.011904761904761904
U2AF1L4,-0.10998315,-0.096352756,0.9124227330394038,1.0,0.011904761904761904
POLR2L,-0.1101194,0.011309246,0.9123146821725899,1.0,1.0
ABRAXAS2,-0.11018752,0.23481917,0.9122606573469676,1.0,0.10714285714285714
MON1B,-0.110323764,-0.007134586,0.9121526089125308,1.0,0.17857142857142858
PWWP2A,-0.11046001,-0.013788116,0.9120445621021553,1.0,0.20238095238095238
AC133552.5,-0.110528134,-1.6050669,0.9119905393066097,1.0,0.011904761904761904
AC008906.1,-0.11076656,-0.879153,0.9118014627270463,1.0,0.011904761904761904
RASA1,-0.11076656,-0.061334163,0.9118014627270463,1.0,0.2261904761904762
LIME1,-0.11097093,-0.8681031,0.9116394010613615,1.0,0.011904761904761904
MDH2,-0.111004986,-0.011854553,0.9116123911408887,1.0,0.8095238095238095
EFNA1,-0.11110717,-0.04230914,0.9115313619923312,1.0,0.047619047619047616
NAGLU,-0.11124342,0.08155032,0.9114233245587527,1.0,0.17857142857142858
DMAC2L,-0.11124342,0.08195689,0.9114233245587527,1.0,0.21428571428571427
SLC25A53,-0.11131154,-0.081838764,0.9113693064558769,1.0,0.047619047619047616
DLEU1,-0.1113456,-0.09032997,0.9113422975580256,1.0,0.16666666666666666
MAP3K14,-0.11144778,-0.94989353,0.9112612714791899,1.0,0.011904761904761904
AL136115.2,-0.11158402,-22.017195,0.9111532381429062,1.0,0.0
TMC1,-0.11158402,-21.94917,0.9111532381429062,1.0,0.0
SELL,-0.11158402,-22.0224,0.9111532381429062,1.0,0.0
LRRIQ3,-0.11158402,-22.059313,0.9111532381429062,1.0,0.0
AC015849.4,-0.11158402,-21.9322,0.9111532381429062,1.0,0.0
AL732292.2,-0.11158402,-22.135666,0.9111532381429062,1.0,0.0
KLB,-0.11158402,-22.08632,0.9111532381429062,1.0,0.0
SMCO2,-0.11158402,-22.055893,0.9111532381429062,1.0,0.0
AC012640.4,-0.11158402,-22.010712,0.9111532381429062,1.0,0.0
LRG1,-0.11158402,-21.959244,0.9111532381429062,1.0,0.0
AC145343.1,-0.11158402,-22.035841,0.9111532381429062,1.0,0.0
CST1,-0.11158402,-22.139532,0.9111532381429062,1.0,0.0
ZNF462,-0.11158402,-22.014341,0.9111532381429062,1.0,0.0
B4GALT1-AS1,-0.11158402,-22.002815,0.9111532381429062,1.0,0.0
AL136369.2,-0.11158402,-22.101982,0.9111532381429062,1.0,0.0
AP001267.1,-0.11158402,-21.989893,0.9111532381429062,1.0,0.0
AC010530.1,-0.11158402,-22.089502,0.9111532381429062,1.0,0.0
C11orf65,-0.11158402,-22.085638,0.9111532381429062,1.0,0.0
TANC2,-0.11158402,-22.166677,0.9111532381429062,1.0,0.0
AL627171.1,-0.11158402,-21.954508,0.9111532381429062,1.0,0.0
C2orf88,-0.11158402,-22.063005,0.9111532381429062,1.0,0.0
Z97832.2,-0.11158402,-22.012346,0.9111532381429062,1.0,0.0
SCRG1,-0.11158402,-1.0243635,0.9111532381429062,1.0,0.011904761904761904
AC243960.1,-0.11158402,-22.024939,0.9111532381429062,1.0,0.0
AC135050.1,-0.11158402,-22.018625,0.9111532381429062,1.0,0.0
PPFIBP2,-0.11165215,-0.9858149,0.9110992220905345,1.0,0.011904761904761904
SEMA3F,-0.11168621,-0.05808008,0.9110722142183995,1.0,0.36904761904761907
EPHB3,-0.11178839,0.2137133,0.9109911912185691,1.0,0.03571428571428571
PIGC,-0.11192463,0.11013743,0.9108831619919578,1.0,0.08333333333333333
ERVK13-1,-0.11192463,-0.64104086,0.9108831619919578,1.0,0.03571428571428571
SMCO4,-0.1119587,-0.5780737,0.9108561549426237,1.0,0.011904761904761904
NR4A1,-0.11202682,-0.5261727,0.9108021411529544,1.0,0.011904761904761904
AC007390.2,-0.11202682,-0.5696368,0.9108021411529544,1.0,0.011904761904761904
ASAH2B,-0.11240149,-1.2480354,0.9105050726845716,1.0,0.011904761904761904
AKAP1,-0.11246961,0.012622361,0.9104510615786581,1.0,0.20238095238095238
AGFG2,-0.112537734,-0.23387404,0.9103970508865581,1.0,0.07142857142857142
AMT,-0.112537734,0.04400147,0.9103970508865581,1.0,0.023809523809523808
TNXB,-0.11263992,-0.4229736,0.91031603562485,1.0,0.07142857142857142
CMTR1,-0.1127421,-0.054298732,0.9102350212956144,1.0,0.15476190476190477
WDPCP,-0.112878345,-0.37585446,0.9101270036419232,1.0,0.07142857142857142
MIGA2,-0.112878345,-0.54339826,0.9101270036419232,1.0,0.023809523809523808
ATXN3,-0.11298053,-0.06994093,0.9100459914917047,1.0,0.15476190476190477
KTN1,-0.11304865,0.014293892,0.9099919839110944,1.0,0.9761904761904762
ANO1,-0.113218956,-1.6810108,0.9098569667797461,1.0,0.011904761904761904
TENT2,-0.11338926,-0.0065942453,0.9097219522517445,1.0,0.15476190476190477
MOV10,-0.113491446,-0.007805368,0.9096409447861579,1.0,0.11904761904761904
UCHL1,-0.11362769,0.12444459,0.9095329362935243,1.0,0.07142857142857142
MED25,-0.113763936,-0.16581903,0.90942492947297,1.0,0.10714285714285714
AC092944.1,-0.113763936,-0.21111429,0.90942492947297,1.0,0.023809523809523808
DIPK1A,-0.11386612,-0.62192816,0.9093439254560467,1.0,0.03571428571428571
ZNF175,-0.11393424,-0.054544937,0.9092899233016534,1.0,0.14285714285714285
ABHD13,-0.11393424,-0.3040668,0.9092899233016534,1.0,0.13095238095238096
RAB2B,-0.11400236,-0.00097489665,0.9092359215663929,1.0,0.19047619047619047
RAD51C,-0.11407048,0.13612334,0.9091819202505127,1.0,0.2261904761904762
FBXL18,-0.11410455,-0.0081797,0.9091549197499175,1.0,0.10714285714285714
PTRH1,-0.11441109,-0.008700494,0.9089119199704727,1.0,0.36904761904761907
LINC01510,-0.11444516,-22.190407,0.9088849205206468,1.0,0.0
FBP1,-0.11444516,-22.162098,0.9088849205206468,1.0,0.0
REXO5,-0.11444516,-22.057302,0.9088849205206468,1.0,0.0
HIST1H2AL,-0.11444516,-22.275953,0.9088849205206468,1.0,0.0
LINC01431,-0.11444516,-22.15222,0.9088849205206468,1.0,0.0
CACNB2,-0.11444516,-22.174356,0.9088849205206468,1.0,0.0
FAM72D,-0.11444516,-22.00786,0.9088849205206468,1.0,0.0
PCDHGA3,-0.11444516,-22.292763,0.9088849205206468,1.0,0.0
SEMA3F-AS1,-0.11444516,-22.13358,0.9088849205206468,1.0,0.0
AL139353.2,-0.11444516,-22.136515,0.9088849205206468,1.0,0.0
TGFB3,-0.11444516,-22.222403,0.9088849205206468,1.0,0.0
PARTICL,-0.11444516,-22.198065,0.9088849205206468,1.0,0.0
HESX1,-0.11444516,-22.00808,0.9088849205206468,1.0,0.0
TRABD2A,-0.11444516,-22.119362,0.9088849205206468,1.0,0.0
AC245297.2,-0.11444516,-22.183735,0.9088849205206468,1.0,0.0
CCDC163,-0.11444516,-22.135279,0.9088849205206468,1.0,0.0
VMAC,-0.11444516,-0.6328564,0.9088849205206468,1.0,0.03571428571428571
DLG2,-0.11444516,-22.12343,0.9088849205206468,1.0,0.0
AC011912.1,-0.11444516,-22.10414,0.9088849205206468,1.0,0.0
CYP11A1,-0.11444516,-22.17987,0.9088849205206468,1.0,0.0
AC007325.4,-0.11444516,-22.066141,0.9088849205206468,1.0,0.0
AC110615.1,-0.11444516,-22.069036,0.9088849205206468,1.0,0.0
AC005480.1,-0.11444516,-22.101143,0.9088849205206468,1.0,0.0
CLDN14,-0.11444516,-22.137419,0.9088849205206468,1.0,0.0
N4BP2L1,-0.11444516,-22.01564,0.9088849205206468,1.0,0.0
TRIM21,-0.11464952,-0.19762743,0.9087229260329607,1.0,0.08333333333333333
ZNF319,-0.11478577,-0.5654277,0.9086149318160733,1.0,0.011904761904761904
PSMG3,-0.114819825,-0.050291363,0.9085879335256645,1.0,0.23809523809523808
MTAP,-0.11485389,-0.01893457,0.9085609353408425,1.0,0.2619047619047619
FAM50B,-0.11495607,-0.40728277,0.9084799414202078,1.0,0.03571428571428571
ZDHHC20,-0.115092315,0.0013215743,0.9083719510061214,1.0,0.20238095238095238
RAB30,-0.11526262,-0.23649037,0.908236965370016,1.0,0.047619047619047616
KBTBD4,-0.11553511,-0.24065296,0.908020993865271,1.0,0.05952380952380952
AC107375.1,-0.11556917,-0.15477727,0.9079939979049154,1.0,0.011904761904761904
AC008393.1,-0.115637295,-0.15303935,0.907940006303036,1.0,0.011904761904761904
CBLL1,-0.115637295,0.030832963,0.907940006303036,1.0,0.14285714285714285
SEMA4F,-0.115705416,-0.3886006,0.9078860151264714,1.0,0.05952380952380952
MTFR2,-0.115705416,-0.74631524,0.9078860151264714,1.0,0.011904761904761904
RAB15,-0.1158076,-0.05246591,0.9078050291596306,1.0,0.05952380952380952
INVS,-0.11590978,0.07361886,0.9077240441511386,1.0,0.03571428571428571
C3orf67,-0.11590978,-1.5721892,0.9077240441511386,1.0,0.011904761904761904
SPATA13,-0.11590978,-0.29570717,0.9077240441511386,1.0,0.05952380952380952
SINHCAF,-0.11601196,-0.04083978,0.9076430601018298,1.0,0.4880952380952381
PECR,-0.11601196,-0.18335061,0.9076430601018298,1.0,0.05952380952380952
UBE2C,-0.11604603,-0.03089671,0.9076160656320228,1.0,0.10714285714285714
ERAP2,-0.11608008,-0.030182188,0.9075890712689154,1.0,0.4642857142857143
ZBED3,-0.11631852,-0.0839081,0.9074001137173442,1.0,0.09523809523809523
WDR37,-0.11642069,0.28072503,0.9073191335131097,1.0,0.10714285714285714
SPACA6,-0.11655694,-0.44193935,0.9072111614061585,1.0,0.03571428571428571
CASTOR1,-0.11682943,-0.17396027,0.9069952223380517,1.0,0.047619047619047616
TGFBR3L,-0.11686349,0.015531975,0.906968230437559,1.0,0.03571428571428571
CHAF1B,-0.11686349,-0.44743463,0.906968230437559,1.0,0.011904761904761904
AC078850.1,-0.117306285,-22.17611,0.9066173455195174,1.0,0.0
AC078909.1,-0.117306285,-22.201944,0.9066173455195174,1.0,0.0
BMP7,-0.117306285,-22.05561,0.9066173455195174,1.0,0.0
LINC01545,-0.117306285,-22.091547,0.9066173455195174,1.0,0.0
MAP2,-0.117306285,-22.294615,0.9066173455195174,1.0,0.0
DGCR11,-0.117306285,-22.104973,0.9066173455195174,1.0,0.0
ZNF69,-0.117306285,-22.254696,0.9066173455195174,1.0,0.0
SNURF,-0.117306285,-22.13218,0.9066173455195174,1.0,0.0
AC009148.1,-0.117306285,-22.1987,0.9066173455195174,1.0,0.0
AC027682.2,-0.117306285,-22.33642,0.9066173455195174,1.0,0.0
SYT12,-0.117306285,-22.172905,0.9066173455195174,1.0,0.0
AL157938.2,-0.117306285,-22.320208,0.9066173455195174,1.0,0.0
TBX6,-0.117306285,-22.195293,0.9066173455195174,1.0,0.0
HIST2H2AB,-0.117306285,-22.261662,0.9066173455195174,1.0,0.0
ZNF799,-0.117306285,-22.19579,0.9066173455195174,1.0,0.0
ELMO3,-0.117306285,-21.987698,0.9066173455195174,1.0,0.0
AC100805.1,-0.117306285,-22.133127,0.9066173455195174,1.0,0.0
RASAL2-AS1,-0.117306285,-22.263144,0.9066173455195174,1.0,0.0
GDPD3,-0.117306285,-22.247993,0.9066173455195174,1.0,0.0
AC005264.1,-0.117306285,-22.252405,0.9066173455195174,1.0,0.0
FAM71F2,-0.117306285,-22.145685,0.9066173455195174,1.0,0.0
CCDC85C,-0.117442526,-0.0595568,0.9065093845928419,1.0,0.09523809523809523
DOCK1,-0.11747659,-0.079381794,0.9064823946310105,1.0,0.36904761904761907
DNA2,-0.11761283,-0.7292638,0.906374435863962,1.0,0.011904761904761904
C5orf22,-0.11768095,-0.1761071,0.9063204571290362,1.0,0.07142857142857142
DZANK1,-0.117715016,-0.62813354,0.9062934679238309,1.0,0.023809523809523808
FAM3C,-0.11774908,0.0152069805,0.9062664788268385,1.0,0.4523809523809524
CARF,-0.11778314,-0.31961235,0.9062394898380901,1.0,0.03571428571428571
ZNF18,-0.117919385,-0.47960383,0.9061315349661518,1.0,0.023809523809523808
PLLP,-0.11795344,-0.5330054,0.9061045465190856,1.0,0.03571428571428571
MCPH1,-0.11812375,-0.108387925,0.9059696059108082,1.0,0.17857142857142858
ZBTB3,-0.11819187,-0.10096494,0.9059156304273652,1.0,0.011904761904761904
C1orf226,-0.11819187,-0.7559307,0.9059156304273652,1.0,0.023809523809523808
ZNF845,-0.118259996,-0.16779928,0.9058616553785032,1.0,0.011904761904761904
OAS3,-0.118259996,-0.69759476,0.9058616553785032,1.0,0.023809523809523808
TMCO4,-0.11832812,-0.17111607,0.9058076807644688,1.0,0.07142857142857142
TXN,-0.11849842,-0.061692238,0.9056727461333752,1.0,0.9642857142857143
MET,-0.11866873,-0.03540235,0.9055378142253575,1.0,0.16666666666666666
AL109811.2,-0.11900934,-0.37935093,0.9052679585939836,1.0,0.023809523809523808
PPOX,-0.119043395,-0.11105747,0.9052409736319601,1.0,0.05952380952380952
MPND,-0.119043395,-0.261674,0.9052409736319601,1.0,0.08333333333333333
EEA1,-0.11914558,-0.0074744932,0.9051600194025144,1.0,0.7261904761904762
AC010198.2,-0.11914558,-0.12536699,0.9051600194025144,1.0,0.07142857142857142
ZNF780B,-0.1192137,-0.12603447,0.9051060504637134,1.0,0.03571428571428571
FAM171A2,-0.1192137,-0.27936625,0.9051060504637134,1.0,0.023809523809523808
PDP1,-0.11928183,0.15391178,0.9050520819631971,1.0,0.17857142857142858
GIMAP2,-0.119315885,0.014437981,0.9050250978773728,1.0,0.03571428571428571
PTEN,-0.11934995,-0.035683736,0.9049981139012124,1.0,0.42857142857142855
RABGEF1,-0.11941807,-0.045118175,0.9049441462780065,1.0,0.13095238095238096
HP1BP3,-0.11948619,-0.012458819,0.9048901790938259,1.0,0.7380952380952381
PAF1,-0.119520254,-0.14449687,0.9048631956664472,1.0,0.17857142857142858
ARMC2,-0.119588375,-0.8627741,0.9048092291412677,1.0,0.011904761904761904
LYL1,-0.11969056,0.0045500672,0.9047282801779055,1.0,0.4880952380952381
AC006273.1,-0.1198268,-0.32027447,0.9046203497669449,1.0,0.03571428571428571
SBF2-AS1,-0.1198268,0.104867764,0.9046203497669449,1.0,0.023809523809523808
TSPAN18,-0.119928986,-0.11745722,0.9045394031149463,1.0,0.19047619047619047
DHRS7B,-0.120133355,0.04206635,0.9043775127877005,1.0,0.05952380952380952
AC012645.4,-0.12016741,-22.250353,0.904350531452728,1.0,0.0
AC002460.2,-0.12016741,-22.06282,0.904350531452728,1.0,0.0
LINC01117,-0.12016741,-22.314339,0.904350531452728,1.0,0.0
AC019080.6,-0.12016741,-22.285666,0.904350531452728,1.0,0.0
FAM41C,-0.12016741,-22.256504,0.904350531452728,1.0,0.0
DAAM2,-0.12016741,-22.238544,0.904350531452728,1.0,0.0
SH2D3A,-0.12016741,-22.160366,0.904350531452728,1.0,0.0
OR4D9,-0.12016741,-22.182722,0.904350531452728,1.0,0.0
AGAP5,-0.12016741,-22.223494,0.904350531452728,1.0,0.0
AL133353.1,-0.12016741,-22.220604,0.904350531452728,1.0,0.0
LINC00636,-0.12016741,-22.14795,0.904350531452728,1.0,0.0
AL031714.1,-0.12016741,-22.111422,0.904350531452728,1.0,0.0
LNCSRLR,-0.12016741,-22.187963,0.904350531452728,1.0,0.0
AC019205.1,-0.12016741,-22.187939,0.904350531452728,1.0,0.0
HPDL,-0.12016741,-22.279118,0.904350531452728,1.0,0.0
PCDHGB6,-0.12016741,-22.249922,0.904350531452728,1.0,0.0
LINC00327,-0.12016741,-22.334099,0.904350531452728,1.0,0.0
LINC01970,-0.12016741,-22.125189,0.904350531452728,1.0,0.0
AC017083.1,-0.12016741,-22.164837,0.904350531452728,1.0,0.0
EAF2,-0.12016741,-22.086197,0.904350531452728,1.0,0.0
MAGIX,-0.12016741,-22.198095,0.904350531452728,1.0,0.0
AL031432.4,-0.12016741,-22.294008,0.904350531452728,1.0,0.0
AC009113.1,-0.12016741,-22.239481,0.904350531452728,1.0,0.0
AC099850.1,-0.12016741,-22.334703,0.904350531452728,1.0,0.0
ZNF563,-0.12016741,-22.150885,0.904350531452728,1.0,0.0
ALG1L9P,-0.12016741,-22.090435,0.904350531452728,1.0,0.0
C12orf74,-0.12016741,-22.288063,0.904350531452728,1.0,0.0
CRTC1,-0.12016741,-0.70634466,0.904350531452728,1.0,0.03571428571428571
LINC00921,-0.12016741,-22.138712,0.904350531452728,1.0,0.0
AL645728.1,-0.12016741,-22.183962,0.904350531452728,1.0,0.0
LINC02777,-0.12016741,-22.158434,0.904350531452728,1.0,0.0
SLC5A4,-0.12016741,-22.244709,0.904350531452728,1.0,0.0
AC105206.1,-0.12016741,-22.173538,0.904350531452728,1.0,0.0
BCL9,-0.12023553,-0.32164258,0.9042965691141194,1.0,0.023809523809523808
POMZP3,-0.12030366,0.047107987,0.9042426072174983,1.0,0.023809523809523808
LIMK1,-0.12064427,0.14938603,0.903972804372842,1.0,0.15476190476190477
TLCD2,-0.12071239,-0.397103,0.9039188451333281,1.0,0.07142857142857142
MRPL53,-0.1208827,-1.2587044,0.9037839489763357,1.0,0.011904761904761904
CHST1,-0.12101894,-0.13928413,0.9036760340500498,1.0,0.10714285714285714
CCDC7,-0.12112112,-0.5375123,0.9035950990228937,1.0,0.023809523809523808
RP2,-0.12112112,-0.26269433,0.9035950990228937,1.0,0.11904761904761904
TSGA10,-0.12115518,-0.18885599,0.9035681209030648,1.0,0.011904761904761904
LINC02606,-0.12129143,-0.058485262,0.9034602095373545,1.0,0.011904761904761904
CSF1,-0.12142767,-0.15591198,0.9033522999548925,1.0,0.08333333333333333
KRT81,-0.121461734,-0.42150995,0.9033253228381409,1.0,0.023809523809523808
SLC38A1,-0.12190453,-0.07192328,0.9029746304878491,1.0,0.4642857142857143
PTGER1,-0.12200671,-0.5558478,0.9028937041696621,1.0,0.023809523809523808
ZNF517,-0.1222792,-0.9388845,0.9026779055891806,1.0,0.011904761904761904
HAUS8,-0.12248357,-0.17636716,0.902516061371537,1.0,0.023809523809523808
PLK2,-0.12255169,-0.04569213,0.9024621141989171,1.0,0.7380952380952381
PPP2R5B,-0.12261981,-0.22031644,0.9024081674766723,1.0,0.05952380952380952
ANXA5,-0.12275606,-0.0039382237,0.9023002753842941,1.0,0.9642857142857143
CDK12,-0.122858234,0.021363987,0.9022193574990788,1.0,0.32142857142857145
MORN2,-0.122858234,0.065156214,0.9022193574990788,1.0,0.2261904761904762
SPIN2A,-0.1228923,-1.0713015,0.9021923850963749,1.0,0.011904761904761904
HUS1,-0.12296042,-0.060191058,0.9021384406297039,1.0,0.13095238095238096
NDP,-0.12302854,-22.1686,0.9020844966148873,1.0,0.0
AC007906.2,-0.12302854,-22.17443,0.9020844966148873,1.0,0.0
LINC00862,-0.12302854,-22.035614,0.9020844966148873,1.0,0.0
ZNF594,-0.12302854,-22.287912,0.9020844966148873,1.0,0.0
AC073896.3,-0.12302854,-22.241497,0.9020844966148873,1.0,0.0
AC079807.1,-0.12302854,-22.310371,0.9020844966148873,1.0,0.0
SLC26A4,-0.12302854,-22.168554,0.9020844966148873,1.0,0.0
GHRLOS,-0.12302854,-22.208372,0.9020844966148873,1.0,0.0
HIST1H2BC,-0.12302854,-22.205069,0.9020844966148873,1.0,0.0
WHRN,-0.12302854,-22.291382,0.9020844966148873,1.0,0.0
AL139246.5,-0.12302854,-22.215425,0.9020844966148873,1.0,0.0
ERCC8,-0.12302854,-0.16880137,0.9020844966148873,1.0,0.07142857142857142
AC107027.3,-0.12302854,-22.196815,0.9020844966148873,1.0,0.0
CCT6B,-0.12302854,-22.211414,0.9020844966148873,1.0,0.0
TYW1B,-0.12302854,-22.13459,0.9020844966148873,1.0,0.0
GPM6A,-0.12302854,-22.166063,0.9020844966148873,1.0,0.0
AC004000.1,-0.12302854,-22.074192,0.9020844966148873,1.0,0.0
DNAH8,-0.12302854,-22.200409,0.9020844966148873,1.0,0.0
AL355999.1,-0.12302854,-22.402441,0.9020844966148873,1.0,0.0
C2orf66,-0.12302854,-22.28533,0.9020844966148873,1.0,0.0
KIF21B,-0.12302854,-22.332207,0.9020844966148873,1.0,0.0
AC004771.3,-0.12302854,-22.241535,0.9020844966148873,1.0,0.0
CDNF,-0.12302854,-22.242504,0.9020844966148873,1.0,0.0
LINC01480,-0.12302854,-22.305178,0.9020844966148873,1.0,0.0
USP35,-0.12309667,-0.6225106,0.9020305530521717,1.0,0.023809523809523808
ATMIN,-0.12309667,-0.059607908,0.9020305530521717,1.0,0.20238095238095238
RACGAP1,-0.12330103,-0.019053832,0.9018687250790961,1.0,0.05952380952380952
CLINT1,-0.123471335,-0.015039857,0.9017338715495579,1.0,0.42857142857142855
TPPP,-0.1235054,-0.0894173,0.9017069011838045,1.0,0.09523809523809523
SMC6,-0.12357352,-0.0060101533,0.9016529607926985,1.0,0.34523809523809523
ITGB1-DT,-0.12357352,0.1978951,0.9016529607926985,1.0,0.023809523809523808
TTC28-AS1,-0.12391413,-0.07995483,0.9013832656531956,1.0,0.21428571428571427
RGL1,-0.124084435,-0.007280863,0.9012484223500078,1.0,0.15476190476190477
SLC35D1,-0.12418662,-0.0017796559,0.9011675177356137,1.0,0.03571428571428571
GAK,-0.12439098,-0.13430618,0.9010057115876234,1.0,0.19047619047619047
DGCR6L,-0.12449317,0.0027529441,0.9009248100556908,1.0,0.21428571428571427
LINC01963,-0.12459535,-0.81079507,0.9008439095529086,1.0,0.011904761904761904
WNT10B,-0.12459535,-0.34435737,0.9008439095529086,1.0,0.011904761904761904
ADAM32,-0.12459535,-0.5795154,0.9008439095529086,1.0,0.023809523809523808
TRIM6,-0.12493596,-0.27838942,0.9005742486537323,1.0,0.023809523809523808
LZTFL1,-0.12497002,-0.07070242,0.9005472831944339,1.0,0.08333333333333333
ATG10,-0.12527657,-0.1857122,0.900304599229599,1.0,0.13095238095238096
LMO1,-0.12527657,-0.20675373,0.900304599229599,1.0,0.023809523809523808
SCO1,-0.12531063,-0.07264965,0.9002776349194987,1.0,0.32142857142857145
AC024060.2,-0.12544687,-0.982969,0.9001697788302969,1.0,0.011904761904761904
RWDD1,-0.12548093,-0.010413374,0.9001428150959504,1.0,0.8214285714285714
GTF3A,-0.125515,-0.015393752,0.9001158514768469,1.0,0.75
NCAPG2,-0.125515,-0.20471027,0.9001158514768469,1.0,0.05952380952380952
SHROOM2,-0.12561718,-0.06513814,0.9000349613113031,1.0,0.09523809523809523
AFTPH,-0.12565124,-0.16585407,0.90000799815348,1.0,0.15476190476190477
AC012020.1,-0.12578748,-1.0361997,0.899900146676466,1.0,0.011904761904761904
LINC00672,-0.12582155,-0.5115266,0.8998731840959361,1.0,0.023809523809523808
AL137847.1,-0.12588967,-22.306742,0.8998192592815599,1.0,0.0
DEGS2,-0.12588967,-22.319206,0.8998192592815599,1.0,0.0
ESPN,-0.12588967,-22.245682,0.8998192592815599,1.0,0.0
AC103718.1,-0.12588967,-22.161724,0.8998192592815599,1.0,0.0
VMO1,-0.12588967,-22.258482,0.8998192592815599,1.0,0.0
AC009549.1,-0.12588967,-22.114864,0.8998192592815599,1.0,0.0
TSPAN13,-0.12588967,-22.262691,0.8998192592815599,1.0,0.0
AP001033.3,-0.12588967,-22.3179,0.8998192592815599,1.0,0.0
AL109627.1,-0.12588967,-22.186394,0.8998192592815599,1.0,0.0
LAX1,-0.12588967,-22.24536,0.8998192592815599,1.0,0.0
AC108058.1,-0.12588967,-22.23727,0.8998192592815599,1.0,0.0
AC005332.5,-0.12588967,-22.166946,0.8998192592815599,1.0,0.0
NKILA,-0.12588967,-22.18907,0.8998192592815599,1.0,0.0
AC006299.1,-0.12588967,-22.208961,0.8998192592815599,1.0,0.0
AC087623.3,-0.12588967,-22.264847,0.8998192592815599,1.0,0.0
MUC1,-0.12588967,-22.300037,0.8998192592815599,1.0,0.0
LINC00345,-0.12588967,-22.133636,0.8998192592815599,1.0,0.0
ZNF221,-0.12595779,-0.5809163,0.8997653349296341,1.0,0.011904761904761904
GULP1,-0.12602592,-0.61081123,0.8997114110404048,1.0,0.011904761904761904
Z99289.1,-0.12609404,-0.5158298,0.8996574876141182,1.0,0.023809523809523808
CA5B,-0.12612809,-0.21139123,0.8996305260746554,1.0,0.11904761904761904
U73166.1,-0.12626435,1.0027244,0.8995226810753927,1.0,0.011904761904761904
ZFPM2,-0.12643465,-0.10270084,0.8993878774354465,1.0,0.15476190476190477
DNM1,-0.1265709,-0.6805712,0.899280036613196,1.0,0.011904761904761904
AC005726.5,-0.12660496,-1.0861051,0.8992530766981269,1.0,0.011904761904761904
PDXDC1,-0.12677526,-0.17446083,0.8991182788672812,1.0,0.32142857142857145
CLEC16A,-0.12677526,-0.50045973,0.8991182788672812,1.0,0.047619047619047616
AC011978.2,-0.12697962,-0.78025365,0.8989565253122282,1.0,0.011904761904761904
GATAD1,-0.12725212,-0.08989806,0.898740860436098,1.0,0.47619047619047616
PLXNB1,-0.12732023,-0.59459895,0.8986869453848864,1.0,0.023809523809523808
RC3H2,-0.12732023,-0.029712763,0.8986869453848864,1.0,0.23809523809523808
FAM122A,-0.12738836,-0.08717505,0.8986330308012954,1.0,0.05952380952380952
LSM4,-0.12742242,0.024332408,0.8986060736849346,1.0,0.6190476190476191
POLR1A,-0.12759273,0.041585628,0.8984712898587079,1.0,0.13095238095238096
ARF1,-0.1276949,-0.01800539,0.8983904209685414,1.0,0.7857142857142857
SLC2A3,-0.12776303,-0.006711765,0.8983365089612636,1.0,0.16666666666666666
GLB1,-0.12810364,-0.049748562,0.8980669559681038,1.0,0.2619047619047619
POLR2J2,-0.12823988,-0.5433666,0.8979591380622736,1.0,0.011904761904761904
PRRT3-AS1,-0.12834206,0.2619293,0.8978782758690185,1.0,0.03571428571428571
PSMD10,-0.12871674,-0.070719995,0.8975817902394894,1.0,0.5476190476190477
IGSF6,-0.1287508,-22.3562,0.8975548377088239,1.0,0.0
NOX4,-0.1287508,-22.37282,0.8975548377088239,1.0,0.0
TEAD3,-0.1287508,-22.354454,0.8975548377088239,1.0,0.0
FOXO3B,-0.1287508,-22.146856,0.8975548377088239,1.0,0.0
AL645933.2,-0.1287508,-22.238153,0.8975548377088239,1.0,0.0
AC024560.4,-0.1287508,-22.312689,0.8975548377088239,1.0,0.0
AL135905.2,-0.1287508,-22.359428,0.8975548377088239,1.0,0.0
ARHGEF25,-0.1287508,-22.172312,0.8975548377088239,1.0,0.0
AC015871.4,-0.1287508,-22.281475,0.8975548377088239,1.0,0.0
TM4SF19-AS1,-0.1287508,-22.39484,0.8975548377088239,1.0,0.0
PKMYT1,-0.1287508,-22.334658,0.8975548377088239,1.0,0.0
AC127496.5,-0.1287508,-22.270018,0.8975548377088239,1.0,0.0
AKT3-IT1,-0.1287508,-22.221783,0.8975548377088239,1.0,0.0
EPB41L4A-DT,-0.1287508,-22.288877,0.8975548377088239,1.0,0.0
SLC4A3,-0.1287508,-22.126656,0.8975548377088239,1.0,0.0
SLC13A4,-0.1287508,-22.391375,0.8975548377088239,1.0,0.0
SDR42E2,-0.1287508,-22.37252,0.8975548377088239,1.0,0.0
LINC01694,-0.1287508,-22.355867,0.8975548377088239,1.0,0.0
AC026979.4,-0.12881891,-0.87497485,0.8975009330021153,1.0,0.023809523809523808
AC099518.5,-0.12888704,-0.17705381,0.8974470287684408,1.0,0.023809523809523808
PPP2R5E,-0.12898922,-0.0030796204,0.8973661733054064,1.0,0.5357142857142857
CERS1,-0.12912548,-0.6544291,0.8972583676792762,1.0,0.011904761904761904
HES6,-0.12915953,-0.6668953,0.8972314165690051,1.0,0.047619047619047616
SLC25A51,-0.12922765,-0.22366719,0.8971775147041916,1.0,0.047619047619047616
C11orf54,-0.12926172,-0.026307352,0.8971505639497107,1.0,0.21428571428571427
UPRT,-0.12929578,-0.123739645,0.8971236133138881,1.0,0.03571428571428571
PGPEP1,-0.12929578,-0.21093205,0.8971236133138881,1.0,0.11904761904761904
PCCA-DT,-0.12946609,-0.1121711,0.8969888619157255,1.0,0.11904761904761904
IFT20,-0.12950014,-0.094803095,0.8969619119924982,1.0,0.36904761904761907
REC8,-0.12960233,-0.81038314,0.8968810629361801,1.0,0.011904761904761904
RARS,-0.12973857,-0.03165231,0.8967732658600858,1.0,0.4880952380952381
TEX9,-0.12984075,-0.20170797,0.8966924193033384,1.0,0.011904761904761904
AIMP2,-0.129977,-0.06934068,0.8965846255630174,1.0,0.19047619047619047
PIM3,-0.13004512,-0.25621814,0.8965307294085569,1.0,0.11904761904761904
OCLN,-0.13007918,-0.8850182,0.8965037815103594,1.0,0.011904761904761904
SEC13,-0.13018136,-0.06783486,0.8964229385322653,1.0,0.35714285714285715
MED30,-0.13018136,-0.04038007,0.8964229385322653,1.0,0.2261904761904762
BX664727.3,-0.13024949,-1.383816,0.896369043810926,1.0,0.011904761904761904
RRP7A,-0.13038573,-0.06429846,0.8962612558030894,1.0,0.30952380952380953
USP13,-0.1305901,-0.0008586315,0.8960995773821275,1.0,0.14285714285714285
HLA-A,-0.13065822,-0.013233633,0.8960456855336685,1.0,0.9880952380952381
ZNF407,-0.1307604,-0.41355044,0.895964848660445,1.0,0.05952380952380952
PPCDC,-0.13106695,-0.095158614,0.8957223445246675,1.0,0.05952380952380952
UBE2V2,-0.13106695,-0.006295796,0.8957223445246675,1.0,0.5476190476190477
CENPE,-0.13116914,-0.37411875,0.8956415119768044,1.0,0.07142857142857142
GEMIN5,-0.13120319,-0.011316471,0.895614568034901,1.0,0.16666666666666666
ZNF44,-0.13150975,-0.2371931,0.8953720779799093,1.0,0.047619047619047616
CRIPAK,-0.1315438,-0.6183979,0.8953451352434887,1.0,0.011904761904761904
MZF1-AS1,-0.13161193,-22.315605,0.8952912501328301,1.0,0.0
SPRY3,-0.13161193,-22.230497,0.8952912501328301,1.0,0.0
AC016026.2,-0.13161193,-22.344053,0.8952912501328301,1.0,0.0
SCN8A,-0.13161193,-22.112164,0.8952912501328301,1.0,0.0
RASL11A,-0.13161193,-22.392519,0.8952912501328301,1.0,0.0
ZNF888,-0.13161193,-22.251183,0.8952912501328301,1.0,0.0
TMEM51-AS1,-0.13161193,-22.43324,0.8952912501328301,1.0,0.0
PDCD4-AS1,-0.13161193,-22.378239,0.8952912501328301,1.0,0.0
AC022819.1,-0.13161193,-22.298359,0.8952912501328301,1.0,0.0
CSNK2A3,-0.13161193,-22.331537,0.8952912501328301,1.0,0.0
AC008897.3,-0.13161193,-22.285034,0.8952912501328301,1.0,0.0
AL590399.1,-0.13161193,-22.385195,0.8952912501328301,1.0,0.0
AC005253.1,-0.13161193,-22.317883,0.8952912501328301,1.0,0.0
CBWD6,-0.13161193,-22.446114,0.8952912501328301,1.0,0.0
CARMN,-0.13161193,-22.250725,0.8952912501328301,1.0,0.0
AL139089.1,-0.13161193,-22.336649,0.8952912501328301,1.0,0.0
AC104458.1,-0.13161193,-22.35991,0.8952912501328301,1.0,0.0
ALDH1L2,-0.13161193,-22.386423,0.8952912501328301,1.0,0.0
GRHL1,-0.13161193,-22.47076,0.8952912501328301,1.0,0.0
PLAC8,-0.13161193,-22.392344,0.8952912501328301,1.0,0.0
IL17RC,-0.13168006,-0.1575976,0.8952373655052861,1.0,0.05952380952380952
F2RL3,-0.13174817,-0.2986312,0.8951834813611024,1.0,0.05952380952380952
TSPAN10,-0.13178223,-1.1269909,0.8951565394703476,1.0,0.011904761904761904
AGK,-0.13178223,-0.30519602,0.8951565394703476,1.0,0.10714285714285714
ZNF300,-0.13188441,-0.7359428,0.8950757145237992,1.0,0.011904761904761904
CRIP1,-0.1319866,-0.03143327,0.8949948906664702,1.0,1.0
ATRIP,-0.13242939,0.1221682,0.8946446665581419,1.0,0.047619047619047616
ZNF738,-0.13253158,-0.65503055,0.894563848523987,1.0,0.03571428571428571
ECHDC2,-0.13280407,-0.11161629,0.8943483391192373,1.0,0.17857142857142858
ZNF688,-0.13283813,-0.30766413,0.8943214009916618,1.0,0.07142857142857142
AASS,-0.13290624,-0.05966592,0.8942675251021941,1.0,0.3333333333333333
TAF9B,-0.13290624,-0.118488826,0.8942675251021941,1.0,0.047619047619047616
CEP128,-0.13307655,-0.20586394,0.8941328375131093,1.0,0.023809523809523808
RNF220,-0.13324685,-0.06715926,0.8939981529765013,1.0,0.30952380952380953
NDUFA1,-0.13328092,0.062142845,0.8939712164358145,1.0,0.9047619047619048
CLSTN3,-0.13331498,-0.19008373,0.893944280017411,1.0,0.16666666666666666
TIGAR,-0.13338311,-0.094661936,0.8938904075475764,1.0,0.38095238095238093
CIRBP,-0.13341716,-0.032438394,0.8938634714962068,1.0,0.5952380952380952
SENP2,-0.13345122,-0.1351568,0.8938365355672433,1.0,0.10714285714285714
BLVRA,-0.13351935,-0.08112747,0.893782664076657,1.0,0.40476190476190477
CCDC40,-0.13358746,-0.41491175,0.893728793076063,1.0,0.03571428571428571
CCT2,-0.13362153,-0.026932327,0.89370185775959,1.0,0.6428571428571429
TRIQK,-0.1336556,-0.00922407,0.893674922565707,1.0,0.05952380952380952
AMMECR1,-0.1336556,-0.47645813,0.893674922565707,1.0,0.10714285714285714
ABCA7,-0.13368966,-1.6256402,0.893647987494445,1.0,0.011904761904761904
ADAM10,-0.13375777,-0.010649575,0.8935941177199063,1.0,0.5833333333333334
CYP20A1,-0.13379183,-0.031382505,0.8935671830166909,1.0,0.15476190476190477
KLF12,-0.13389403,-0.30279496,0.8934863796436296,1.0,0.05952380952380952
NUP43,-0.13403027,-0.21564224,0.893378643532724,1.0,0.08333333333333333
ZWINT,-0.13406433,-0.10071162,0.893351709812317,1.0,0.047619047619047616
CCDC102B,-0.13413244,-0.36947262,0.8932978427405011,1.0,0.05952380952380952
MYORG,-0.13433681,-1.1065214,0.893136244479247,1.0,0.011904761904761904
MRPL50,-0.13437088,-0.07663113,0.8931093118668467,1.0,0.2976190476190476
LINC00884,-0.13447306,-22.249708,0.8930285147693604,1.0,0.0
AC234917.3,-0.13447306,-22.272728,0.8930285147693604,1.0,0.0
ATP5MGL,-0.13447306,-22.261944,0.8930285147693604,1.0,0.0
TMPO-AS1,-0.13447306,-22.362831,0.8930285147693604,1.0,0.0
AC026254.2,-0.13447306,-22.463488,0.8930285147693604,1.0,0.0
AL162377.1,-0.13447306,-22.322355,0.8930285147693604,1.0,0.0
AL162274.2,-0.13447306,-22.314856,0.8930285147693604,1.0,0.0
XKRX,-0.13447306,-22.33432,0.8930285147693604,1.0,0.0
AL136298.1,-0.13447306,-22.334267,0.8930285147693604,1.0,0.0
DNAJB7,-0.13447306,-22.3464,0.8930285147693604,1.0,0.0
ZNF596,-0.13447306,-22.387478,0.8930285147693604,1.0,0.0
SEMA4A,-0.13447306,-22.393488,0.8930285147693604,1.0,0.0
GPR3,-0.13447306,-22.333075,0.8930285147693604,1.0,0.0
MED28,-0.13467743,-0.06867383,0.8928669239058639,1.0,0.35714285714285715
HBEGF,-0.13498397,0.004531423,0.8926245459517339,1.0,0.11904761904761904
HOXB9,-0.13501804,0.1419321,0.8925976156866202,1.0,0.15476190476190477
CBX3,-0.13525645,-0.043424632,0.8924091073002897,1.0,0.7976190476190477
ARMCX4,-0.13535865,-0.19047226,0.8923283198521917,1.0,0.011904761904761904
CCDC125,-0.13535865,-0.10921435,0.8923283198521917,1.0,0.08333333333333333
THAP3,-0.13535865,-0.08602851,0.8923283198521917,1.0,0.10714285714285714
ODF3B,-0.13539271,-0.27604297,0.8923013909510946,1.0,0.05952380952380952
AC092123.1,-0.13542676,-1.199283,0.892274462174183,1.0,0.011904761904761904
HABP4,-0.13556302,-0.2955602,0.8921667483090056,1.0,0.21428571428571427
RPL8,-0.13563113,-0.007321843,0.8921128921223275,1.0,1.0
FOXRED1,-0.1358355,-0.1271223,0.8919513265488794,1.0,0.08333333333333333
AC138649.1,-0.13597174,-0.87834454,0.8918436186578559,1.0,0.03571428571428571
TBL1XR1,-0.13631235,-0.00888549,0.891574357664069,1.0,0.6071428571428571
UTRN,-0.13648266,-0.047820285,0.8914397318532635,1.0,0.6428571428571429
PRRC1,-0.13648266,-0.122386955,0.8914397318532635,1.0,0.20238095238095238
ENSA,-0.13685733,-0.032630205,0.8911435660895586,1.0,0.5833333333333334
ZNF600,-0.13685733,-0.57976484,0.8911435660895586,1.0,0.011904761904761904
AC016394.1,-0.1368914,-1.0727143,0.8911166426816322,1.0,0.011904761904761904
INSR,-0.13699357,-0.6045652,0.8910358732111829,1.0,0.011904761904761904
DICER1-AS1,-0.13716388,-0.20637505,0.8909012599400395,1.0,0.03571428571428571
CAMK4,-0.13733418,-22.273779,0.8907666498133896,1.0,0.0
AC096564.1,-0.13733418,-22.485506,0.8907666498133896,1.0,0.0
LRRC37A2,-0.13733418,-22.459068,0.8907666498133896,1.0,0.0
AP002490.1,-0.13733418,-22.39145,0.8907666498133896,1.0,0.0
ABCG8,-0.13733418,-22.451014,0.8907666498133896,1.0,0.0
NXPH4,-0.13733418,-22.43283,0.8907666498133896,1.0,0.0
TMOD1,-0.13733418,-22.351238,0.8907666498133896,1.0,0.0
AJ003147.2,-0.13733418,-22.40697,0.8907666498133896,1.0,0.0
AP002784.1,-0.13733418,-22.47942,0.8907666498133896,1.0,0.0
ZYG11A,-0.13733418,-22.364805,0.8907666498133896,1.0,0.0
AC019294.2,-0.13733418,-22.32102,0.8907666498133896,1.0,0.0
AC092119.2,-0.13733418,-22.301176,0.8907666498133896,1.0,0.0
AC009090.6,-0.13733418,-22.448273,0.8907666498133896,1.0,0.0
SH3TC2-DT,-0.13733418,-22.284554,0.8907666498133896,1.0,0.0
FBXO27,-0.13733418,-22.35842,0.8907666498133896,1.0,0.0
TAFA2,-0.13733418,-22.48122,0.8907666498133896,1.0,0.0
AL512353.1,-0.13733418,-22.248703,0.8907666498133896,1.0,0.0
CRX,-0.13733418,-22.324263,0.8907666498133896,1.0,0.0
AL024507.2,-0.13733418,-22.290947,0.8907666498133896,1.0,0.0
ENO3,-0.13733418,-22.266235,0.8907666498133896,1.0,0.0
LINC01356,-0.13733418,-22.345932,0.8907666498133896,1.0,0.0
AP001033.1,-0.13733418,-22.39177,0.8907666498133896,1.0,0.0
PHLDA1,-0.13743638,-0.039473165,0.8906858852483501,1.0,0.32142857142857145
KIAA0753,-0.13747042,-0.077961475,0.8906589639786793,1.0,0.03571428571428571
ARHGEF9,-0.13747042,-0.009169499,0.8906589639786793,1.0,0.14285714285714285
TMBIM4,-0.13750449,-0.04927825,0.890632042835064,1.0,0.7023809523809523
GCNT2,-0.13753855,0.086617716,0.8906051218175348,1.0,0.09523809523809523
CCR10,-0.13791323,-1.2122637,0.8903089989551658,1.0,0.011904761904761904
SLC2A8,-0.1380154,-0.3768878,0.8902282408283351,1.0,0.05952380952380952
FANCA,-0.1380154,-0.74400336,0.8902282408283351,1.0,0.011904761904761904
ZNF75D,-0.1380154,-0.68706614,0.8902282408283351,1.0,0.023809523809523808
ZNF675,-0.13815165,-0.113124356,0.8901205650976777,1.0,0.047619047619047616
TTLL12,-0.13818571,-0.092188045,0.8900936464816076,1.0,0.10714285714285714
NADK2,-0.13839008,-0.059202746,0.8899321374469366,1.0,0.05952380952380952
ANKRD33B,-0.13839008,-0.2117677,0.8899321374469366,1.0,0.03571428571428571
WDR24,-0.13849226,-0.22473209,0.8898513846421043,1.0,0.023809523809523808
NSD1,-0.13896912,0.01664215,0.8894745533428985,1.0,0.40476190476190477
PPP1CB,-0.13900317,-0.0697217,0.8894476377760567,1.0,0.6666666666666666
AC108519.1,-0.1390713,-0.47364286,0.889393807024706,1.0,0.011904761904761904
DRP2,-0.13910536,-0.7993103,0.8893668918402582,1.0,0.023809523809523808
GOLGA5,-0.13913943,-0.1856097,0.8893399767833362,1.0,0.16666666666666666
RNF145,-0.13930973,-0.021107044,0.8892054034126866,1.0,0.42857142857142855
ELF3-AS1,-0.13941191,-0.54683477,0.889124660922567,1.0,0.011904761904761904
NIP7,-0.13941191,-0.06485914,0.889124660922567,1.0,0.30952380952380953
KLHL18,-0.13944598,-0.0757669,0.889097747014756,1.0,0.21428571428571427
SLC44A5,-0.13999096,-1.1264358,0.8886671418957591,1.0,0.011904761904761904
LINC02696,-0.14019531,-22.451208,0.8885056734386455,1.0,0.0
PDE4C,-0.14019531,-22.289488,0.8885056734386455,1.0,0.0
C4orf47,-0.14019531,-22.46581,0.8885056734386455,1.0,0.0
RASGRP2,-0.14019531,-22.422552,0.8885056734386455,1.0,0.0
AC011468.1,-0.14019531,-22.408407,0.8885056734386455,1.0,0.0
RC3H1-IT1,-0.14019531,-22.36,0.8885056734386455,1.0,0.0
AC022506.2,-0.14019531,-22.276539,0.8885056734386455,1.0,0.0
AC010331.1,-0.14019531,-22.463493,0.8885056734386455,1.0,0.0
CELF2-AS2,-0.14019531,-22.396544,0.8885056734386455,1.0,0.0
TCTE3,-0.14019531,-22.458466,0.8885056734386455,1.0,0.0
ATP6V0D2,-0.14019531,-22.375973,0.8885056734386455,1.0,0.0
ZNF296,-0.14019531,-22.422447,0.8885056734386455,1.0,0.0
GYPC,-0.14019531,-22.56101,0.8885056734386455,1.0,0.0
IBA57,-0.14026344,-0.3974703,0.8884518516473254,1.0,0.023809523809523808
HYAL1,-0.1402975,0.22866403,0.8884249409445003,1.0,0.08333333333333333
CACHD1,-0.14074029,-0.08986711,0.888075113521273,1.0,0.011904761904761904
H2AFX,-0.14114903,-0.2854467,0.8877522152475822,1.0,0.14285714285714285
FSD1L,-0.14145558,-0.60560584,0.8875100537641667,1.0,0.03571428571428571
DPY19L3,-0.14162588,-0.4830688,0.8873755241426059,1.0,0.05952380952380952
NHP2,-0.14176212,-0.028940272,0.8872679027814055,1.0,0.9047619047619048
EFEMP2,-0.14196649,-0.020243393,0.8871064746376071,1.0,0.16666666666666666
TRMT44,-0.14196649,-0.0016960963,0.8871064746376071,1.0,0.023809523809523808
PGBD4,-0.1421368,-0.9936547,0.8869719547618156,1.0,0.011904761904761904
ZNF106,-0.14220491,-0.0733642,0.8869181477230309,1.0,0.6190476190476191
ZMYM1,-0.14271583,-0.24504255,0.8865146115636426,1.0,0.15476190476190477
CLDN12,-0.14271583,-0.58295715,0.8865146115636426,1.0,0.011904761904761904
SNHG10,-0.14295426,-0.24872589,0.8863263047522163,1.0,0.05952380952380952
NUP153,-0.14298832,-0.14638208,0.8862994043028439,1.0,0.10714285714285714
CEP126,-0.14302239,0.06556936,0.8862725039844853,1.0,0.17857142857142858
AL118506.1,-0.14305644,-22.47369,0.8862456037971712,1.0,0.0
NDUFA13,-0.14305644,-0.029237233,0.8862456037971712,1.0,0.9404761904761905
MST1,-0.14305644,-22.43726,0.8862456037971712,1.0,0.0
GLCCI1,-0.14305644,-0.48042917,0.8862456037971712,1.0,0.03571428571428571
AC006230.1,-0.14305644,-22.363003,0.8862456037971712,1.0,0.0
LTBP1,-0.14305644,-0.0064327973,0.8862456037971712,1.0,0.9761904761904762
EXOSC10-AS1,-0.14305644,-22.44804,0.8862456037971712,1.0,0.0
AGBL3,-0.14305644,-22.391678,0.8862456037971712,1.0,0.0
PPP1R3G,-0.14305644,-22.376978,0.8862456037971712,1.0,0.0
AC011405.1,-0.14305644,-22.542822,0.8862456037971712,1.0,0.0
SMC5-AS1,-0.14305644,-22.312151,0.8862456037971712,1.0,0.0
KLF7-IT1,-0.14305644,-22.403395,0.8862456037971712,1.0,0.0
AC084036.1,-0.14305644,-22.390566,0.8862456037971712,1.0,0.0
SH3TC2,-0.14305644,-22.443813,0.8862456037971712,1.0,0.0
AC012076.1,-0.14305644,-22.536146,0.8862456037971712,1.0,0.0
AC008875.2,-0.14305644,-22.57715,0.8862456037971712,1.0,0.0
AC009088.1,-0.14305644,-22.449038,0.8862456037971712,1.0,0.0
AL450306.1,-0.14305644,-22.41521,0.8862456037971712,1.0,0.0
RFX5,-0.14312457,-0.196989,0.8861918038157984,1.0,0.07142857142857142
ILRUN,-0.14312457,-0.087758146,0.8861918038157984,1.0,0.14285714285714285
CIC,-0.1431927,-0.34124392,0.8861380043589702,1.0,0.09523809523809523
COBLL1,-0.14322674,-0.06678078,0.8861111048273366,1.0,0.17857142857142858
PRUNE1,-0.1432608,-0.036070783,0.8860842054269309,1.0,0.03571428571428571
ZNF433,-0.1432608,-0.7265468,0.8860842054269309,1.0,0.023809523809523808
STIL,-0.14339705,-0.4683791,0.8859766091381975,1.0,0.023809523809523808
RERE,-0.14343111,0.010590344,0.8859497103943894,1.0,0.32142857142857145
LMO7-AS1,-0.14346518,-0.0999899,0.8859228117819926,1.0,0.023809523809523808
CYTH3,-0.1435333,-0.094736904,0.8858690149515547,1.0,0.07142857142857142
KCNN3,-0.14356735,-0.07410015,0.8858421167335748,1.0,0.4523809523809524
FLYWCH2,-0.14356735,-0.06822755,0.8858421167335748,1.0,0.30952380952380953
C22orf39,-0.14360142,-0.061920125,0.8858152186471285,1.0,0.38095238095238093
KRT80,-0.14363548,-0.21318004,0.8857883206922462,1.0,0.03571428571428571
AC009061.2,-0.14370361,-0.19520232,0.8857345251772959,1.0,0.03571428571428571
OIP5,-0.14370361,-1.3564949,0.8857345251772959,1.0,0.011904761904761904
NACAD,-0.14377172,-0.27308345,0.8856807301889685,1.0,0.011904761904761904
FAM117A,-0.1441464,-0.14916733,0.8853848671774771,1.0,0.047619047619047616
AC092428.1,-0.14418046,-1.3350805,0.8853579713317755,1.0,0.011904761904761904
AL450998.2,-0.14424857,-0.39236382,0.8853041800366535,1.0,0.08333333333333333
ETFBKMT,-0.14428264,-0.5978766,0.8852772845872942,1.0,0.023809523809523808
ATP7B,-0.14428264,-0.33597988,0.8852772845872942,1.0,0.023809523809523808
MCM6,-0.14445294,-0.15697095,0.8851428093237366,1.0,0.08333333333333333
DOP1A,-0.14445294,-0.4033002,0.8851428093237366,1.0,0.03571428571428571
INAFM1,-0.14452107,-0.385744,0.8850890201443954,1.0,0.03571428571428571
AC105942.1,-0.14458919,-0.39431295,0.8850352314946104,1.0,0.011904761904761904
L2HGDH,-0.14472544,-0.17628919,0.8849276557846867,1.0,0.03571428571428571
ZNF28,-0.14475949,-0.36785638,0.8849007621885603,1.0,0.03571428571428571
ZEB1-AS1,-0.14486168,-0.4385487,0.8848200821959206,1.0,0.03571428571428571
SGSM3,-0.14506605,-0.054158162,0.8846587257942182,1.0,0.20238095238095238
TIMM21,-0.14584945,-0.32941616,0.884040237293487,1.0,0.10714285714285714
LINC00926,-0.14591758,-22.427952,0.8839864590188882,1.0,0.0
AC093425.1,-0.14591758,-22.43666,0.8839864590188882,1.0,0.0
ACSM6,-0.14591758,-22.472845,0.8839864590188882,1.0,0.0
BAMBI,-0.14591758,-22.52178,0.8839864590188882,1.0,0.0
HMSD,-0.14591758,-22.46612,0.8839864590188882,1.0,0.0
AL441883.1,-0.14591758,-22.413445,0.8839864590188882,1.0,0.0
AP000766.1,-0.14591758,-1.0805517,0.8839864590188882,1.0,0.011904761904761904
AC103769.1,-0.14591758,-22.459435,0.8839864590188882,1.0,0.0
C5AR2,-0.14591758,-22.549002,0.8839864590188882,1.0,0.0
AC006504.1,-0.14591758,-22.45336,0.8839864590188882,1.0,0.0
AL121652.1,-0.14591758,-22.507942,0.8839864590188882,1.0,0.0
PLPPR3,-0.14591758,-22.38256,0.8839864590188882,1.0,0.0
ACOT2,-0.14591758,-22.394064,0.8839864590188882,1.0,0.0
AC018638.7,-0.14591758,-22.30948,0.8839864590188882,1.0,0.0
CORO1A,-0.14591758,-22.380941,0.8839864590188882,1.0,0.0
AC060766.4,-0.14591758,-22.492064,0.8839864590188882,1.0,0.0
AL355336.1,-0.14591758,-22.401764,0.8839864590188882,1.0,0.0
LINC01119,-0.14591758,-22.578463,0.8839864590188882,1.0,0.0
AC008969.1,-0.14591758,-22.477932,0.8839864590188882,1.0,0.0
ZNF653,-0.14591758,-22.431738,0.8839864590188882,1.0,0.0
ARHGAP45,-0.14591758,-22.429724,0.8839864590188882,1.0,0.0
RUNDC3B,-0.14591758,-22.342058,0.8839864590188882,1.0,0.0
SRD5A3-AS1,-0.14591758,-22.568224,0.8839864590188882,1.0,0.0
AC090220.1,-0.14591758,-22.40216,0.8839864590188882,1.0,0.0
MMP15,-0.14591758,-22.395748,0.8839864590188882,1.0,0.0
AC090517.5,-0.14591758,-22.310171,0.8839864590188882,1.0,0.0
MYL6,-0.1459857,-0.029678479,0.8839326812788543,1.0,0.9880952380952381
SLU7,-0.14619006,-0.0631721,0.8837713512685842,1.0,0.2261904761904762
ACCS,-0.14619006,-1.2118992,0.8837713512685842,1.0,0.011904761904761904
CDC25C,-0.1463263,-0.27390718,0.8836638006057063,1.0,0.023809523809523808
AC119403.1,-0.14636037,-0.8649701,0.8836369132749294,1.0,0.011904761904761904
NIBAN2,-0.14649661,-0.010814486,0.883529365292508,1.0,0.2619047619047619
USP21,-0.1465988,-0.45040601,0.8834487057142671,1.0,0.03571428571428571
CA11,-0.1465988,-1.2735858,0.8834487057142671,1.0,0.011904761904761904
LDB1,-0.1465988,-0.40562427,0.8834487057142671,1.0,0.047619047619047616
PIGN,-0.1467691,-0.014292106,0.8833142757693077,1.0,0.17857142857142858
POM121,-0.14687128,-0.10457075,0.8832336194149402,1.0,0.19047619047619047
LINC01560,-0.14700752,-0.33459106,0.883126079492202,1.0,0.011904761904761904
EIF3C,-0.14707565,-0.19332401,0.8830723103384187,1.0,0.023809523809523808
SEC23A,-0.14714377,-0.06270329,0.8830185417233516,1.0,0.44047619047619047
LTO1,-0.14714377,-0.044518813,0.8830185417233516,1.0,0.08333333333333333
ARHGEF1,-0.14731407,-0.0065557724,0.8828841225441685,1.0,0.21428571428571427
E2F1,-0.14751844,-1.0627593,0.8827228239809406,1.0,0.011904761904761904
DBF4B,-0.14765468,-0.98821115,0.8826152943065622,1.0,0.011904761904761904
ANKRD36B,-0.14768875,-0.5754016,0.8825884122258855,1.0,0.011904761904761904
SPTBN2,-0.14782499,-0.4504021,0.8824808852557663,1.0,0.023809523809523808
FAM76B,-0.14796123,-0.17404999,0.882373360451251,1.0,0.08333333333333333
IL4I1,-0.14802936,-0.8061196,0.882319598861705,1.0,0.023809523809523808
C6orf62,-0.14836997,-0.04394582,0.8820507990508507,1.0,0.5238095238095238
NFKBIB,-0.1484381,0.19107643,0.8819970407177631,1.0,0.07142857142857142
APTR,-0.14864245,-0.08650153,0.8818357689810584,1.0,0.07142857142857142
ZNF354C,-0.14874464,-1.1004552,0.8817551349494046,1.0,0.011904761904761904
AC027307.2,-0.1487787,-22.52569,0.8817282572111601,1.0,0.0
KATNAL2,-0.1487787,-22.459723,0.8817282572111601,1.0,0.0
AC023282.1,-0.1487787,-22.45545,0.8817282572111601,1.0,0.0
CPB2-AS1,-0.1487787,-22.54376,0.8817282572111601,1.0,0.0
SH3BP1,-0.1487787,-22.502827,0.8817282572111601,1.0,0.0
AC123768.4,-0.1487787,-22.520037,0.8817282572111601,1.0,0.0
PPP1R12A-AS1,-0.1487787,-22.514051,0.8817282572111601,1.0,0.0
SOS1-IT1,-0.1487787,-22.629765,0.8817282572111601,1.0,0.0
AL513548.1,-0.1487787,-22.443556,0.8817282572111601,1.0,0.0
Z94721.3,-0.1487787,-22.251917,0.8817282572111601,1.0,0.0
SREBF2-AS1,-0.1487787,-22.506145,0.8817282572111601,1.0,0.0
HILPDA,-0.14881276,-0.13915409,0.8817013796091198,1.0,0.14285714285714285
B3GALNT2,-0.14891495,-0.08481412,0.881620747620529,1.0,0.2261904761904762
ZNF212,-0.14898306,-0.75768375,0.8815669936430485,1.0,0.011904761904761904
AL662884.5,-0.14911932,-0.7936385,0.8814594873249773,1.0,0.011904761904761904
HCFC1,-0.14915337,-0.10601947,0.8814326110866559,1.0,0.17857142857142858
BRD2,-0.1492215,-0.062278572,0.8813788590196627,1.0,0.40476190476190477
AL353593.1,-0.1492215,-1.2265157,0.8813788590196627,1.0,0.011904761904761904
DHX40,-0.1493918,-0.14670672,0.8812444812432227,1.0,0.32142857142857145
TBC1D20,-0.14949398,-0.07756386,0.8811638562181507,1.0,0.2619047619047619
STARD13,-0.14952804,0.08339857,0.8811369814834418,1.0,0.17857142857142858
IFI30,-0.14959617,-0.17130128,0.8810832324246788,1.0,0.023809523809523808
MACO1,-0.14980054,-0.08124837,0.8809219885358264,1.0,0.17857142857142858
ZBTB34,-0.14983459,-0.3924979,0.8808951150340888,1.0,0.011904761904761904
CAP1,-0.14990272,-0.050327864,0.8808413684420918,1.0,0.7857142857142857
TTC26,-0.14997084,-0.10055793,0.8807876223989357,1.0,0.05952380952380952
CEP19,-0.15003896,-0.42845646,0.880733876904864,1.0,0.011904761904761904
STIP1,-0.15010709,-0.04426466,0.8806801319601208,1.0,0.5238095238095238
GNB3,-0.15010709,-1.4293483,0.8806801319601208,1.0,0.011904761904761904
TRAPPC13,-0.15031146,-0.2386675,0.880518900424299,1.0,0.09523809523809523
PIK3CD-AS2,-0.1503455,-1.0166258,0.8804920289829999,1.0,0.011904761904761904
ZFP90,-0.15041363,-0.29327747,0.8804382865132511,1.0,0.14285714285714285
KCTD7,-0.1504477,0.07702749,0.8804114154848623,1.0,0.05952380952380952
BRK1,-0.15058394,0.027666138,0.8803039327485895,1.0,0.9285714285714286
SH2D3C,-0.150618,-0.1691773,0.8802770624089943,1.0,0.20238095238095238
ZNRF2,-0.15065207,-0.5485125,0.8802501922072491,1.0,0.03571428571428571
PPP1R16B,-0.15065207,-0.48306978,0.8802501922072491,1.0,0.011904761904761904
MRC2,-0.15160577,-0.16136049,0.8794978826491989,1.0,0.23809523809523808
AKR1E2,-0.15163983,-22.488514,0.8794710164583572,1.0,0.0
HOXA11,-0.15163983,-22.628368,0.8794710164583572,1.0,0.0
SMAD9-IT1,-0.15163983,-22.579258,0.8794710164583572,1.0,0.0
SCML2,-0.15163983,-22.478714,0.8794710164583572,1.0,0.0
AC011815.2,-0.15163983,-22.57356,0.8794710164583572,1.0,0.0
VEGFD,-0.15163983,-22.501371,0.8794710164583572,1.0,0.0
RGS9,-0.15163983,-22.617794,0.8794710164583572,1.0,0.0
AC026304.1,-0.15163983,-22.727434,0.8794710164583572,1.0,0.0
PUF60,-0.1516739,-0.050752353,0.8794441504062793,1.0,0.5595238095238095
CPSF7,-0.15174201,-0.14850351,0.8793904187185368,1.0,0.09523809523809523
WNK4,-0.1518442,-0.081705,0.8793098222284137,1.0,0.047619047619047616
PRICKLE4,-0.15208262,-0.77840084,0.8791217686160103,1.0,0.011904761904761904
AC074117.1,-0.15211669,-1.1682171,0.8790949043706336,1.0,0.011904761904761904
ELF4,-0.15218481,-0.59325266,0.8790411762974812,1.0,0.023809523809523808
CTU2,-0.15218481,-0.1164169,0.8790411762974812,1.0,0.09523809523809523
PMS1,-0.15225293,0.04192598,0.8789874487813331,1.0,0.15476190476190477
AAMDC,-0.15228699,0.0022852016,0.8789605852322115,1.0,0.5476190476190477
ARF5,-0.15242323,-0.1199132,0.878853132429454,1.0,0.19047619047619047
TFRC,-0.15259354,-0.07422368,0.8787188195641784,1.0,0.20238095238095238
DHRS12,-0.15259354,-0.27636412,0.8787188195641784,1.0,0.09523809523809523
ALDH9A1,-0.15276384,-0.078520566,0.8785845101893113,1.0,0.32142857142857145
RAB8B,-0.15279791,-0.01721573,0.8785576487335217,1.0,0.32142857142857145
TOX,-0.15283197,-0.02465395,0.8785307874175311,1.0,0.16666666666666666
CHAF1A,-0.15293415,-0.6126857,0.8784502043086574,1.0,0.03571428571428571
MRPS2,-0.15300228,-0.09329952,0.8783964829356278,1.0,0.25
SERBP1,-0.15303634,0.011610881,0.87836962245907,1.0,1.0
LINC00702,-0.15307039,-0.5136371,0.8783427621225244,1.0,0.023809523809523808
STK24,-0.15310445,-0.085785665,0.8783159019260212,1.0,0.36904761904761907
MCPH1-AS1,-0.15317258,-0.9733501,0.8782621819532637,1.0,0.011904761904761904
FZD6,-0.15320665,-0.0033536553,0.8782353221770702,1.0,0.40476190476190477
SYNE2,-0.1532407,-0.023334635,0.8782084625410411,1.0,0.10714285714285714
FANCL,-0.15334289,-0.35700274,0.8781278844742427,1.0,0.07142857142857142
FMN1,-0.15361537,-1.6840508,0.877913015804257,1.0,0.011904761904761904
B3GALT4,-0.1536835,-0.42734542,0.8778593000414449,1.0,0.023809523809523808
TUBGCP2,-0.15388785,-0.115585744,0.8776981561281453,1.0,0.35714285714285715
RAB38,-0.15388785,-0.57362103,0.8776981561281453,1.0,0.023809523809523808
IL17D,-0.15402411,0.21656768,0.8775907296676597,1.0,0.023809523809523808
APOL1,-0.15402411,-0.446382,0.8775907296676597,1.0,0.05952380952380952
NUBPL,-0.15402411,-0.33080196,0.8775907296676597,1.0,0.09523809523809523
CEP85L,-0.15405816,-0.06832936,0.8775638734046982,1.0,0.19047619047619047
SYNGAP1,-0.15422846,-0.3340125,0.8774295942043702,1.0,0.047619047619047616
PDLIM5,-0.15429659,-0.068539806,0.8773758835115639,1.0,0.47619047619047616
CPEB2,-0.15436472,-0.13590078,0.8773221733833083,1.0,0.14285714285714285
EMC10,-0.1544669,-0.022113305,0.8772416092499897,1.0,0.4523809523809524
KAZALD1,-0.15450096,-22.555984,0.8772147548214224,1.0,0.0
ATXN7L2,-0.15450096,-22.59161,0.8772147548214224,1.0,0.0
AK7,-0.15450096,-22.561916,0.8772147548214224,1.0,0.0
EBF4,-0.15450096,-22.588398,0.8772147548214224,1.0,0.0
LBX2,-0.15450096,-22.496248,0.8772147548214224,1.0,0.0
AC012358.3,-0.15450096,-22.480076,0.8772147548214224,1.0,0.0
AGAP9,-0.15450096,-22.604362,0.8772147548214224,1.0,0.0
AC073320.1,-0.15450096,-22.42795,0.8772147548214224,1.0,0.0
SLC2A1-AS1,-0.15450096,-22.525175,0.8772147548214224,1.0,0.0
AC100861.2,-0.15450096,-22.631,0.8772147548214224,1.0,0.0
FSIP1,-0.15450096,-22.633179,0.8772147548214224,1.0,0.0
FAM66D,-0.15450096,-22.559532,0.8772147548214224,1.0,0.0
SMIM11A,-0.15450096,-22.623968,0.8772147548214224,1.0,0.0
AC022558.1,-0.15450096,-22.563934,0.8772147548214224,1.0,0.0
LINC01234,-0.15450096,-22.632511,0.8772147548214224,1.0,0.0
TCFL5,-0.15453503,-0.108053304,0.8771879005341754,1.0,0.19047619047619047
ADA2,-0.15456907,-0.20030627,0.8771610463882789,1.0,0.14285714285714285
RNF14,-0.15456907,-0.10313023,0.8771610463882789,1.0,0.20238095238095238
LINC00467,-0.15490969,-0.15629198,0.8768925127102842,1.0,0.11904761904761904
NMB,-0.15494375,0.019497074,0.8768656601212508,1.0,0.13095238095238096
CUX1,-0.15497781,-0.050064016,0.8768388076739329,1.0,0.44047619047619047
ZNF813,-0.15497781,-0.93990463,0.8768388076739329,1.0,0.023809523809523808
NPIPB4,-0.15518218,-0.79135424,0.8766776959677526,1.0,0.023809523809523808
MRPL32,-0.15521625,-0.080450155,0.8766508445132942,1.0,0.2976190476190476
ZNF549,-0.15521625,-0.3772803,0.8766508445132942,1.0,0.011904761904761904
PTER,-0.15538655,-0.5793328,0.8765165893709904,1.0,0.023809523809523808
TM4SF19,-0.15545467,-0.9384374,0.876462888308631,1.0,0.011904761904761904
A1BG-AS1,-0.1555909,-0.01097559,0.8763554878902129,1.0,0.07142857142857142
MLIP,-0.1555909,-0.9426967,0.8763554878902129,1.0,0.011904761904761904
TBC1D10A,-0.15565903,-1.1172001,0.8763017885346407,1.0,0.03571428571428571
CAMK2D,-0.15572716,-0.01788117,0.8762480897484839,1.0,0.21428571428571427
KNL1,-0.15572716,-0.30218348,0.8762480897484839,1.0,0.07142857142857142
WNT2B,-0.15576121,-0.103740275,0.8762212405690123,1.0,0.03571428571428571
ADO,-0.1558634,-0.2580328,0.8761406938853893,1.0,0.07142857142857142
TAP2,-0.15589747,-0.002786788,0.8761138452758802,1.0,0.16666666666666666
PIGM,-0.15603371,-0.034252856,0.8760064522638138,1.0,0.10714285714285714
BAIAP2,-0.15623808,-0.049762655,0.8758453670269672,1.0,0.13095238095238096
ATPSCKMT,-0.15627213,-0.27792928,0.8758185199873624,1.0,0.047619047619047616
AL121603.2,-0.15627213,-1.0964595,0.8758185199873624,1.0,0.011904761904761904
ZNF503,-0.15637432,-1.7409157,0.8757379797260745,1.0,0.011904761904761904
PPP1R18,-0.15651056,-0.08157894,0.8756305947130543,1.0,0.2976190476190476
SNHG25,-0.15654463,-0.06351422,0.8756037488175072,1.0,0.5357142857142857
P3H3,-0.1566468,0.035315275,0.8755232119898514,1.0,0.39285714285714285
APOBEC3G,-0.15702148,-0.49487215,0.8752279213237874,1.0,0.03571428571428571
COMMD9,-0.1570896,-0.1421077,0.8751742339769913,1.0,0.16666666666666666
FCRLB,-0.15715772,-1.1707959,0.8751205472047155,1.0,0.011904761904761904
AMIGO2,-0.15729396,-0.042813312,0.8750131753846958,1.0,0.11904761904761904
GRAPL,-0.15736209,-22.487535,0.8749594903374379,1.0,0.0
LINC02478,-0.15736209,-22.532139,0.8749594903374379,1.0,0.0
AP001462.1,-0.15736209,-22.553051,0.8749594903374379,1.0,0.0
AC010173.1,-0.15736209,-22.53073,0.8749594903374379,1.0,0.0
LAYN,-0.15736209,-22.621319,0.8749594903374379,1.0,0.0
AC009054.2,-0.15736209,-22.60346,0.8749594903374379,1.0,0.0
LINC01607,-0.15736209,-22.535543,0.8749594903374379,1.0,0.0
AL139424.3,-0.15736209,-22.652525,0.8749594903374379,1.0,0.0
AC121247.1,-0.15736209,-22.572632,0.8749594903374379,1.0,0.0
FBXO39,-0.15736209,-22.632288,0.8749594903374379,1.0,0.0
AC092910.3,-0.15736209,-22.607443,0.8749594903374379,1.0,0.0
PAXBP1-AS1,-0.15736209,-22.544552,0.8749594903374379,1.0,0.0
AC007193.1,-0.15736209,-22.662317,0.8749594903374379,1.0,0.0
ARL13A,-0.15736209,-22.539686,0.8749594903374379,1.0,0.0
SPRY4-AS1,-0.15736209,-22.539198,0.8749594903374379,1.0,0.0
NUDT13,-0.15736209,-22.635855,0.8749594903374379,1.0,0.0
TMC6,-0.15736209,-22.684166,0.8749594903374379,1.0,0.0
AC010624.5,-0.15736209,-22.614841,0.8749594903374379,1.0,0.0
AC010894.2,-0.15736209,-22.614052,0.8749594903374379,1.0,0.0
AP001107.2,-0.15736209,-22.66067,0.8749594903374379,1.0,0.0
GDF3,-0.15736209,-22.519175,0.8749594903374379,1.0,0.0
EGLN3,-0.15736209,-22.55979,0.8749594903374379,1.0,0.0
FBXO41,-0.15736209,-22.567427,0.8749594903374379,1.0,0.0
SEMA7A,-0.15736209,-22.660862,0.8749594903374379,1.0,0.0
WDR66,-0.15736209,-22.546614,0.8749594903374379,1.0,0.0
LRRC37A3,-0.15736209,-22.585308,0.8749594903374379,1.0,0.0
MPRIP-AS1,-0.15736209,-22.4817,0.8749594903374379,1.0,0.0
AL080250.1,-0.15736209,-22.628727,0.8749594903374379,1.0,0.0
AC106845.1,-0.15756646,-1.245607,0.8747984386495877,1.0,0.011904761904761904
GNRH1,-0.1577027,-1.1803845,0.8746910737383868,1.0,0.011904761904761904
PKN1,-0.15773676,-0.058635544,0.8746642328709523,1.0,0.5238095238095238
FAM24B,-0.15780488,-0.0644549,0.8746105515687348,1.0,0.13095238095238096
TMEM44,-0.15780488,-0.1392894,0.8746105515687348,1.0,0.15476190476190477
VAMP4,-0.15794113,-0.31480184,0.8745031906957557,1.0,0.10714285714285714
USP30,-0.15807737,-0.17505755,0.8743958321330039,1.0,0.03571428571428571
LINC01358,-0.15811144,-1.278011,0.8743689928535167,1.0,0.011904761904761904
PEX19,-0.15817955,-0.4409557,0.8743153147281957,1.0,0.08333333333333333
RNF182,-0.15821362,-0.9547376,0.8742884758824225,1.0,0.011904761904761904
PHEX,-0.15824768,-0.53338003,0.8742616371812815,1.0,0.047619047619047616
NYNRIN,-0.1583158,-0.45567638,0.8742079602130172,1.0,0.011904761904761904
MTMR2,-0.15834986,-0.1207348,0.8741811219459545,1.0,0.21428571428571427
AC005332.6,-0.15838392,0.024408976,0.8741542838236454,1.0,0.10714285714285714
NFKBIZ,-0.15841798,-0.21567367,0.8741274458461201,1.0,0.08333333333333333
CLSPN,-0.15862235,-0.51316714,0.8739664210231299,1.0,0.03571428571428571
BEND7,-0.1586564,-0.3886012,0.8739395840599417,1.0,0.10714285714285714
CYP27C1,-0.15882671,-0.9998322,0.873805401420008,1.0,0.011904761904761904
HPGD,-0.15886077,-0.4662134,0.873778565327435,1.0,0.011904761904761904
TIMP1,-0.15886077,-0.005649568,0.873778565327435,1.0,0.9642857142857143
GPD1L,-0.1589289,-0.64106053,0.8737248935779462,1.0,0.047619047619047616
EPS15L1,-0.1589289,0.03298018,0.8737248935779462,1.0,0.10714285714285714
CPEB3,-0.15937169,-1.0479754,0.8733760413808922,1.0,0.011904761904761904
SLC43A2,-0.15940575,-0.048099138,0.8733492076153015,1.0,0.10714285714285714
IBTK,-0.15943982,-0.08750404,0.8733223739954052,1.0,0.27380952380952384
KANTR,-0.15957606,-0.21909906,0.8732150409733697,1.0,0.03571428571428571
CHD1L,-0.15967824,-0.74023944,0.8731345427381197,1.0,0.011904761904761904
NUMB,-0.15978043,-0.031686574,0.873054045816303,1.0,0.5714285714285714
DAGLA,-0.15995073,-0.7209623,0.8729198872009063,1.0,0.011904761904761904
FIGN,-0.15995073,-0.3727305,0.8729198872009063,1.0,0.047619047619047616
LINC02615,-0.16008697,-0.13848121,0.8728125629396413,1.0,0.023809523809523808
EDN1,-0.16012104,0.067459896,0.8727857322400017,1.0,0.38095238095238093
CTSH,-0.16015509,-0.8294699,0.8727589016866933,1.0,0.011904761904761904
ABCB6,-0.16015509,0.16189073,0.8727589016866933,1.0,0.09523809523809523
AC146507.3,-0.16022322,-22.561441,0.8727052410191922,1.0,0.0
PCDHB16,-0.16022322,-22.599133,0.8727052410191922,1.0,0.0
PCDHGA11,-0.16022322,-22.669102,0.8727052410191922,1.0,0.0
AQP11,-0.16022322,-22.566553,0.8727052410191922,1.0,0.0
AL606760.1,-0.16022322,-22.75007,0.8727052410191922,1.0,0.0
SELP,-0.16022322,-22.65629,0.8727052410191922,1.0,0.0
KLHL26,-0.16022322,-22.50384,0.8727052410191922,1.0,0.0
DENND2A,-0.16022322,-22.618057,0.8727052410191922,1.0,0.0
FAM151B,-0.16022322,-22.646252,0.8727052410191922,1.0,0.0
CFLAR-AS1,-0.16022322,-22.691742,0.8727052410191922,1.0,0.0
ZNF329,-0.16052976,-0.24403992,0.8724637752668446,1.0,0.011904761904761904
CCDC30,-0.1609385,-1.2976863,0.8721418394178032,1.0,0.011904761904761904
NUDCD1,-0.1611088,0.0039110333,0.8720077057277076,1.0,0.4166666666666667
NDRG1,-0.16131318,-0.0561838,0.8718467501578789,1.0,0.23809523809523808
PYGL,-0.16144942,-0.028716456,0.8717394493921069,1.0,0.42857142857142855
RUBCN,-0.1615516,-0.31756917,0.8716589753665667,1.0,0.07142857142857142
CLCN7,-0.1615516,-0.15972984,0.8716589753665667,1.0,0.07142857142857142
IKZF5,-0.16158566,-0.39740145,0.8716321509865557,1.0,0.05952380952380952
AC107068.1,-0.16168784,-0.5330444,0.8715516787324541,1.0,0.011904761904761904
IDH1-AS1,-0.16179003,-0.19342895,0.8714712078078861,1.0,0.047619047619047616
CXCL3,-0.16179003,-0.20618469,0.8714712078078861,1.0,0.023809523809523808
LRRC1,-0.1618922,-0.6031462,0.8713907382136701,1.0,0.011904761904761904
ZNF138,-0.16253936,-0.33830944,0.8708811283968054,1.0,0.07142857142857142
MAP3K10,-0.16260749,-0.38477373,0.8708274883727355,1.0,0.023809523809523808
GPRIN1,-0.16267562,-1.1195825,0.8707738489428417,1.0,0.011904761904761904
COCH,-0.16284592,-0.80481476,0.8706397529692185,1.0,0.011904761904761904
ADAM9,-0.16284592,0.017765423,0.8706397529692185,1.0,0.9047619047619048
AZIN2,-0.1629481,-1.2809697,0.8705592971698752,1.0,0.011904761904761904
AGO4,-0.16301623,-0.33927625,0.8705056607144973,1.0,0.07142857142857142
DBP,-0.16308434,-22.64813,0.8704520248547494,1.0,0.0
AC138696.2,-0.16308434,-22.628262,0.8704520248547494,1.0,0.0
NRIP1,-0.16308434,-0.09429915,0.8704520248547494,1.0,0.3333333333333333
AC114947.2,-0.16308434,-22.752045,0.8704520248547494,1.0,0.0
AC015982.2,-0.16308434,-22.620405,0.8704520248547494,1.0,0.0
AC087393.2,-0.16308434,-22.652056,0.8704520248547494,1.0,0.0
AL162718.3,-0.16308434,-22.701998,0.8704520248547494,1.0,0.0
ZNF311,-0.16308434,-22.533976,0.8704520248547494,1.0,0.0
AC007038.1,-0.16308434,-22.574766,0.8704520248547494,1.0,0.0
DEPDC4,-0.16308434,-22.608707,0.8704520248547494,1.0,0.0
HIST1H3D,-0.16308434,-22.536669,0.8704520248547494,1.0,0.0
AC009961.1,-0.16308434,-22.679094,0.8704520248547494,1.0,0.0
TMEM182,-0.16308434,-22.547667,0.8704520248547494,1.0,0.0
AC116913.1,-0.16308434,-22.623772,0.8704520248547494,1.0,0.0
ZHX2,-0.16308434,-22.656424,0.8704520248547494,1.0,0.0
TMEM254-AS1,-0.16308434,-22.66712,0.8704520248547494,1.0,0.0
AC022144.1,-0.16308434,-22.515337,0.8704520248547494,1.0,0.0
AL138756.1,-0.16308434,-22.68962,0.8704520248547494,1.0,0.0
LINC02550,-0.16308434,-22.654823,0.8704520248547494,1.0,0.0
AC004241.1,-0.16308434,-22.74557,0.8704520248547494,1.0,0.0
SPIRE2,-0.16308434,-22.766203,0.8704520248547494,1.0,0.0
C15orf39,-0.16328871,0.07293586,0.870291120851709,1.0,0.047619047619047616
PLCD3,-0.16362932,-0.047042295,0.8700229594485217,1.0,0.047619047619047616
CCNO,-0.16366339,-0.06926535,0.8699961441296926,1.0,0.08333333333333333
PLCL2,-0.16379963,-0.8543634,0.8698888843495076,1.0,0.011904761904761904
S100A3,-0.1639018,-0.25529537,0.8698084410851046,1.0,0.047619047619047616
RGMB-AS1,-0.16393587,-0.8859275,0.8697816269629861,1.0,0.011904761904761904
OBSCN,-0.16396993,-0.4295787,0.8697548129905928,1.0,0.011904761904761904
FBXO31,-0.16403806,-0.64391094,0.8697011854951022,1.0,0.023809523809523808
EIF2S3B,-0.16403806,-0.43051678,0.8697011854951022,1.0,0.011904761904761904
ZBTB25,-0.1641743,-0.27680138,0.869593932302154,1.0,0.08333333333333333
GPN3,-0.16420837,-0.0053305454,0.8695671193786836,1.0,0.27380952380952384
LRRC45,-0.16431054,-0.24134897,0.8694866815081969,1.0,0.03571428571428571
RGS12,-0.16441272,-0.10683077,0.8694062449882325,1.0,0.2857142857142857
SH3TC1,-0.16451491,-0.1087708,0.8693258098196075,1.0,0.10714285714285714
SLX4,-0.16461709,-0.5078339,0.869245376003139,1.0,0.03571428571428571
SFXN3,-0.1650599,-0.016298063,0.8688968451099617,1.0,0.34523809523809523
ZNF580,-0.16546862,-0.008495356,0.868575146892542,1.0,0.34523809523809523
RIN3,-0.16546862,-0.3223131,0.868575146892542,1.0,0.047619047619047616
AP2A2,-0.16550268,-0.021839507,0.8685483396891003,1.0,0.4523809523809524
POC1A,-0.16553675,-0.19006303,0.8685215326367756,1.0,0.03571428571428571
EIF2AK2,-0.16577516,-0.061659507,0.8683338875043205,1.0,0.5119047619047619
LIFR-AS1,-0.16594547,-22.6323,0.8681998598070183,1.0,0.0
AC004846.1,-0.16594547,-22.592419,0.8681998598070183,1.0,0.0
FAM198B-AS1,-0.16594547,-22.654167,0.8681998598070183,1.0,0.0
ABHD1,-0.16594547,-22.647598,0.8681998598070183,1.0,0.0
TYRP1,-0.16594547,-22.666676,0.8681998598070183,1.0,0.0
PCBP2-OT1,-0.16594547,-22.722925,0.8681998598070183,1.0,0.0
AC005280.1,-0.16594547,-22.706694,0.8681998598070183,1.0,0.0
SLC16A6,-0.16594547,-22.651022,0.8681998598070183,1.0,0.0
SLC16A13,-0.16594547,-22.694748,0.8681998598070183,1.0,0.0
RND1,-0.16594547,-22.603426,0.8681998598070183,1.0,0.0
AC023157.3,-0.16594547,-22.585545,0.8681998598070183,1.0,0.0
ZFHX2,-0.16594547,-22.6159,0.8681998598070183,1.0,0.0
STAP2,-0.16594547,-22.687838,0.8681998598070183,1.0,0.0
AC009950.1,-0.16594547,-22.819942,0.8681998598070183,1.0,0.0
C3orf18,-0.16594547,-22.617416,0.8681998598070183,1.0,0.0
MKNK1,-0.16611578,-0.26409492,0.8680658358974719,1.0,0.13095238095238096
ST3GAL4,-0.16625202,0.06807806,0.8679586194995591,1.0,0.05952380952380952
PDPK1,-0.16628608,-0.05580563,0.8679318157794613,1.0,0.15476190476190477
TNFSF4,-0.16632015,-1.3458778,0.8679050122111761,1.0,0.011904761904761904
ZNF10,-0.16632015,-0.09788009,0.8679050122111761,1.0,0.4523809523809524
SWSAP1,-0.16638827,-0.7003949,0.8678514055301645,1.0,0.03571428571428571
FAM13B,-0.16683106,-0.13530985,0.8675029769249726,1.0,0.07142857142857142
FUZ,-0.16700137,-0.47107404,0.8673689727726834,1.0,0.03571428571428571
LCLAT1,-0.16703543,0.096805505,0.8673421723994471,1.0,0.07142857142857142
L3MBTL1,-0.16730791,-0.49788246,0.8671277749052928,1.0,0.047619047619047616
ELF2,-0.16744415,-0.07632508,0.8670205798225161,1.0,0.2976190476190476
CCDC174,-0.16747822,0.020647552,0.8669937814338473,1.0,0.20238095238095238
C20orf194,-0.16758041,-0.07374251,0.8669133871851853,1.0,0.17857142857142858
ASNS,-0.16775072,-1.5708714,0.8667793998303762,1.0,0.011904761904761904
PICK1,-0.16775072,-0.39009956,0.8667793998303762,1.0,0.03571428571428571
C19orf48,-0.16781883,0.04904808,0.8667258059600272,1.0,0.15476190476190477
LDLRAD3,-0.1678529,-0.03972646,0.8666990092545968,1.0,0.08333333333333333
TMEM131L,-0.16788696,-0.20915593,0.8666722127023692,1.0,0.05952380952380952
PIK3CA,-0.16795507,-0.04973875,0.8666186200576438,1.0,0.16666666666666666
NBEAL2,-0.16798913,-0.14592445,0.8665918239652064,1.0,0.11904761904761904
FGFR1,-0.16805726,-0.015087148,0.8665382322403331,1.0,0.5357142857142857
ULK2,-0.16809133,-0.20189968,0.8665114366079577,1.0,0.13095238095238096
CWF19L2,-0.16836381,-0.19588016,0.8662970770744112,1.0,0.15476190476190477
POT1-AS1,-0.16850005,-0.75625306,0.8661899009944172,1.0,0.011904761904761904
RPS19BP1,-0.16850005,-0.08163345,0.8661899009944172,1.0,0.5357142857142857
SNTA1,-0.16860224,-0.3225107,0.8661095205489733,1.0,0.08333333333333333
SGMS1-AS1,-0.1688066,-22.668545,0.8659487638133233,1.0,0.0
AC022893.1,-0.1688066,-22.707367,0.8659487638133233,1.0,0.0
NUFIP1,-0.1688066,-0.273106,0.8659487638133233,1.0,0.11904761904761904
AC005944.1,-0.1688066,-22.63891,0.8659487638133233,1.0,0.0
SP6,-0.1688066,-22.760374,0.8659487638133233,1.0,0.0
PRSS2,-0.1688066,-22.931366,0.8659487638133233,1.0,0.0
CASC15,-0.1688066,-22.779287,0.8659487638133233,1.0,0.0
AL355574.1,-0.1688066,-22.490921,0.8659487638133233,1.0,0.0
AC023481.1,-0.1688066,-22.605495,0.8659487638133233,1.0,0.0
MTMR7,-0.1688066,-22.616909,0.8659487638133233,1.0,0.0
SUPT4H1,-0.16890879,0.056589548,0.8658683875247479,1.0,0.35714285714285715
EDIL3,-0.16935158,-0.75195026,0.8655201063152068,1.0,0.023809523809523808
VPS11,-0.1694197,-0.19101083,0.8654665269069783,1.0,0.08333333333333333
DCBLD1,-0.16962408,-0.02939016,0.8653057923934705,1.0,0.19047619047619047
AP1B1,-0.16972625,-0.24282657,0.8652254272257482,1.0,0.25
TRIB1,-0.16979438,0.042109173,0.8651718512215356,1.0,0.2261904761904762
C17orf67,-0.16982843,-0.22441368,0.8651450634518005,1.0,0.08333333333333333
PRMT7,-0.17010093,-0.13129485,0.8649307668748123,1.0,0.07142857142857142
LPGAT1,-0.17013499,-0.11377629,0.864903980500753,1.0,0.30952380952380953
RNF144B,-0.17085026,-0.1372182,0.8643415025491799,1.0,0.09523809523809523
AC079921.1,-0.17085026,-0.64167583,0.8643415025491799,1.0,0.011904761904761904
ZNF789,-0.17088433,-0.5475106,0.8643147195970623,1.0,0.05952380952380952
DSCC1,-0.17091839,-0.73040473,0.8642879368008345,1.0,0.011904761904761904
HEY2,-0.17091839,-0.116718255,0.8642879368008345,1.0,0.14285714285714285
NDFIP1,-0.17095245,-0.021056306,0.8642611541605265,1.0,0.5595238095238095
FXN,-0.17115682,-0.20593104,0.8641004615946863,1.0,0.23809523809523808
ULBP1,-0.171259,-0.24554417,0.8640201174191282,1.0,0.023809523809523808
MRPS26,-0.17129306,-0.059977554,0.8639933363396783,1.0,0.5952380952380952
ATP6V0D1,-0.17136118,-0.079193085,0.8639397746495638,1.0,0.36904761904761907
FAM227A,-0.17139524,-0.13713627,0.8639129940389595,1.0,0.07142857142857142
VWA8,-0.17139524,-0.13597193,0.8639129940389595,1.0,0.05952380952380952
AC093788.1,-0.17166774,-22.69069,0.8636987547849757,1.0,0.0
EXOC3L1,-0.17166774,-22.727446,0.8636987547849757,1.0,0.0
LINC00857,-0.17166774,-22.665129,0.8636987547849757,1.0,0.0
SPDYE3,-0.17166774,-22.831182,0.8636987547849757,1.0,0.0
NYAP1,-0.17166774,-22.724815,0.8636987547849757,1.0,0.0
LINC02193,-0.17166774,-22.767618,0.8636987547849757,1.0,0.0
MAMDC4,-0.17166774,-22.722351,0.8636987547849757,1.0,0.0
DNAJC28,-0.17166774,-22.626625,0.8636987547849757,1.0,0.0
MIR924HG,-0.17166774,-22.599964,0.8636987547849757,1.0,0.0
CASC2,-0.17166774,-22.687397,0.8636987547849757,1.0,0.0
C5orf34,-0.17166774,-22.659473,0.8636987547849757,1.0,0.0
ZNF404,-0.17166774,-22.6807,0.8636987547849757,1.0,0.0
LAMC2,-0.17166774,-22.760015,0.8636987547849757,1.0,0.0
AC036176.1,-0.17166774,-22.718212,0.8636987547849757,1.0,0.0
BTN2A2,-0.17170179,-0.1657347,0.8636719755825364,1.0,0.03571428571428571
LINC01137,-0.17176992,-1.1860253,0.8636184176475287,1.0,0.011904761904761904
CTDP1,-0.17190616,-0.5103138,0.8635113036578406,1.0,0.03571428571428571
AP002495.1,-0.17190616,-1.2133038,0.8635113036578406,1.0,0.011904761904761904
DNASE1,-0.1722127,0.032525938,0.8632703063564571,1.0,0.07142857142857142
ZNF26,-0.17228083,-0.21934472,0.8632167531275439,1.0,0.10714285714285714
MAP3K7,-0.17245114,-0.0005037862,0.8630828728054942,1.0,0.16666666666666666
ZSWIM9,-0.17272362,-0.19997731,0.8628686724701737,1.0,0.03571428571428571
BTBD11,-0.17289393,-0.43446252,0.8627348023789496,1.0,0.023809523809523808
HMBS,-0.17323454,-0.041952986,0.8624670740254083,1.0,0.14285714285714285
CDK4,-0.17330267,-0.019922607,0.8624135302493741,1.0,0.5238095238095238
FAM200A,-0.17337078,-0.08721379,0.8623599871054602,1.0,0.047619047619047616
KLHL28,-0.1734389,-0.18474488,0.8623064445939077,1.0,0.05952380952380952
CDKN1B,-0.17357515,0.031222647,0.8621993614688509,1.0,0.13095238095238096
LPIN3,-0.17360921,-1.5780154,0.8621725910831892,1.0,0.011904761904761904
ADGRF5,-0.17364328,-0.31780878,0.8621458208558286,1.0,0.047619047619047616
BAG1,-0.17367734,-0.012365054,0.8621190507867994,1.0,0.3333333333333333
TMEM41A,-0.17401795,-0.056386676,0.861851358811357,1.0,0.14285714285714285
FOXC2,-0.17412013,-0.06386787,0.8617710543112753,1.0,0.20238095238095238
KAT2B,-0.17425637,-1.2282888,0.861663983867182,1.0,0.011904761904761904
HIC1,-0.17429043,0.03198625,0.861637216653267,1.0,0.20238095238095238
RBM39,-0.17429043,-0.044024497,0.861637216653267,1.0,0.7738095238095238
AC005332.3,-0.17439261,-1.1769953,0.8615569159650635,1.0,0.011904761904761904
SAPCD1,-0.17452887,-22.80234,0.8614498506068469,1.0,0.0
BRICD5,-0.17452887,-22.66316,0.8614498506068469,1.0,0.0
AC096861.2,-0.17452887,-22.797873,0.8614498506068469,1.0,0.0
AL133476.1,-0.17452887,-22.710384,0.8614498506068469,1.0,0.0
RDH5,-0.17452887,-22.660006,0.8614498506068469,1.0,0.0
AP000350.6,-0.17452887,-22.741096,0.8614498506068469,1.0,0.0
AC092301.1,-0.17452887,-22.63123,0.8614498506068469,1.0,0.0
CABYR,-0.17452887,-22.832296,0.8614498506068469,1.0,0.0
AC135178.6,-0.17452887,-22.724354,0.8614498506068469,1.0,0.0
USP46-AS1,-0.17452887,-22.770514,0.8614498506068469,1.0,0.0
APLP1,-0.17452887,-22.770706,0.8614498506068469,1.0,0.0
AP002360.1,-0.17456292,-0.16943786,0.8614230846650032,1.0,0.05952380952380952
RILP,-0.17466511,-0.20204052,0.861342787794459,1.0,0.08333333333333333
CCDC24,-0.17469917,-0.09923094,0.8613160224893736,1.0,0.03571428571428571
MAP3K11,-0.17486948,-0.19278193,0.861182198353521,1.0,0.2619047619047619
AMOTL1,-0.17490353,-0.09772939,0.861155434004476,1.0,0.16666666666666666
ATF3,-0.17500572,-0.04984757,0.8610751419141344,1.0,0.11904761904761904
FAM229A,-0.17524414,-0.92489123,0.8608877992884927,1.0,0.011904761904761904
AP003307.1,-0.1755507,-0.4825663,0.8606469417015686,1.0,0.011904761904761904
FAM122C,-0.175721,-1.0098046,0.860513137530255,1.0,0.011904761904761904
ZBTB49,-0.175721,-1.0264909,0.860513137530255,1.0,0.011904761904761904
GLIPR2,-0.17589131,-0.018632563,0.8603793373631341,1.0,0.44047619047619047
SDR39U1,-0.17589131,-0.14949422,0.8603793373631341,1.0,0.20238095238095238
ADIPOR2,-0.17602755,0.021447323,0.8602723001149831,1.0,0.2261904761904762
IL10RB,-0.17606162,-0.08816877,0.8602455412039665,1.0,0.2619047619047619
HS2ST1,-0.17612973,-0.15925175,0.8601920238633687,1.0,0.21428571428571427
DAPK1-IT1,-0.17623192,-0.51198024,0.8601117490565126,1.0,0.023809523809523808
KTN1-AS1,-0.17643628,0.03802611,0.8599512037803243,1.0,0.09523809523809523
SRI,-0.17643628,0.00024563403,0.8599512037803243,1.0,0.75
PEX11A,-0.1765044,0.0066317976,0.859897689974336,1.0,0.05952380952380952
ZNF197,-0.17653847,-0.42335513,0.8598709333126162,1.0,0.05952380952380952
TSTD3,-0.17653847,-0.024586992,0.8598709333126162,1.0,0.16666666666666666
GRK5,-0.17667471,-0.28444874,0.8597639082749343,1.0,0.2261904761904762
AP000915.2,-0.17677689,-0.26067388,0.859683641187172,1.0,0.023809523809523808
TMEM245,-0.17698126,-0.03609173,0.8595231113621634,1.0,0.36904761904761907
DCTD,-0.17715156,-0.11238413,0.8593893409429295,1.0,0.40476190476190477
KAT2A,-0.17715156,-0.12037685,0.8593893409429295,1.0,0.05952380952380952
CNOT7,-0.1772878,-0.016247595,0.8592823275131182,1.0,0.6547619047619048
AMOTL2,-0.17732187,-0.0926209,0.859255574559468,1.0,0.15476190476190477
AC064807.1,-0.17732187,-0.4803189,0.859255574559468,1.0,0.047619047619047616
HHIPL1,-0.17739,-22.716341,0.8592020691369415,1.0,0.0
TTC21A,-0.17739,-22.668335,0.8592020691369415,1.0,0.0
GEM,-0.17739,-22.754923,0.8592020691369415,1.0,0.0
Z95114.1,-0.17739,-22.782343,0.8592020691369415,1.0,0.0
SLC3A1,-0.17739,-22.824839,0.8592020691369415,1.0,0.0
ZNF879,-0.17739,-22.660803,0.8592020691369415,1.0,0.0
CU638689.5,-0.17739,-22.654001,0.8592020691369415,1.0,0.0
LINC01635,-0.17739,-22.920553,0.8592020691369415,1.0,0.0
AC019068.1,-0.17739,-22.708189,0.8592020691369415,1.0,0.0
Z98885.3,-0.17739,-22.825796,0.8592020691369415,1.0,0.0
AL390195.2,-0.17739,-22.77511,0.8592020691369415,1.0,0.0
PRSS53,-0.17739,-22.673992,0.8592020691369415,1.0,0.0
POLE,-0.17742406,-1.2135625,0.8591753166681251,1.0,0.011904761904761904
STX8,-0.1775603,0.06956762,0.8590683084098745,1.0,0.3333333333333333
RAB9A,-0.17759436,-0.14369136,0.8590415567497156,1.0,0.2261904761904762
ZNF790,-0.17766248,-1.0896447,0.8589880539148933,1.0,0.023809523809523808
VEPH1,-0.17800309,0.023400791,0.858720549458498,1.0,0.4880952380952381
PPM1N,-0.17810528,-0.4541381,0.8586403012827675,1.0,0.011904761904761904
RIPOR1,-0.1781734,-0.045887433,0.8585868033102594,1.0,0.2976190476190476
CASP8AP2,-0.17820746,-0.21560636,0.8585600545674893,1.0,0.11904761904761904
ZFP14,-0.17837776,-0.076975696,0.8584263132896788,1.0,0.047619047619047616
ARL17B,-0.17868431,-0.79521763,0.858185589230453,1.0,0.023809523809523808
DISP1,-0.17885461,-1.5727848,0.8580518593380053,1.0,0.011904761904761904
CPSF1,-0.17902492,-0.25774074,0.8579181335188929,1.0,0.16666666666666666
NDE1,-0.17909305,-0.09756403,0.8578646443326229,1.0,0.09523809523809523
RAB40B,-0.17922929,-0.1552874,0.857757667918047,1.0,0.09523809523809523
ILF2,-0.17926335,-0.056834582,0.8577309242224875,1.0,0.5119047619047619
ZNF618,-0.1792974,-0.11163413,0.8577041806902217,1.0,0.21428571428571427
KIF9-AS1,-0.17936553,-0.6970047,0.8576506941156917,1.0,0.023809523809523808
MDFI,-0.1793996,-0.084987596,0.8576239510734875,1.0,0.05952380952380952
TMEM25,-0.17943366,-0.8985142,0.8575972081946973,1.0,0.023809523809523808
MON2,-0.1795699,0.21378653,0.8574902383142763,1.0,0.15476190476190477
LRRIQ1,-0.17963801,-0.2305684,0.85743675435533,1.0,0.07142857142857142
AL158152.1,-0.17963801,-0.25236487,0.85743675435533,1.0,0.09523809523809523
NEURL2,-0.17970614,-1.1773401,0.8573832710508801,1.0,0.011904761904761904
OFD1,-0.1797402,-0.23947088,0.8573565296441664,1.0,0.14285714285714285
GLTP,-0.17980832,-0.04344555,0.8573030473219115,1.0,0.5595238095238095
TTC7A,-0.17984238,-0.29458246,0.8572763064064304,1.0,0.047619047619047616
ZFP69B,-0.18004675,-1.174748,0.8571158643544833,1.0,0.011904761904761904
MEA1,-0.18008082,0.018515097,0.8570891245862622,1.0,0.34523809523809523
ZNF77,-0.18011488,-0.54637843,0.8570623849820556,1.0,0.047619047619047616
CEPT1,-0.18014893,-0.00675902,0.8570356455418933,1.0,0.15476190476190477
AL034417.2,-0.180183,-0.18002327,0.8570089062658053,1.0,0.011904761904761904
UVRAG-DT,-0.18025112,-22.819864,0.8569554282059727,1.0,0.0
RNF6,-0.18025112,-0.036250137,0.8569554282059727,1.0,0.20238095238095238
LINC01776,-0.18025112,-22.800922,0.8569554282059727,1.0,0.0
PPL,-0.18025112,-22.755058,0.8569554282059727,1.0,0.0
LINC01615,-0.18025112,-22.720856,0.8569554282059727,1.0,0.0
AC244033.2,-0.18025112,-22.804056,0.8569554282059727,1.0,0.0
TOLLIP-AS1,-0.18025112,-22.742746,0.8569554282059727,1.0,0.0
ZSCAN18,-0.18025112,-22.72708,0.8569554282059727,1.0,0.0
AC005005.4,-0.18025112,-22.786728,0.8569554282059727,1.0,0.0
LINC00665,-0.18025112,-22.654583,0.8569554282059727,1.0,0.0
AC012510.1,-0.18025112,-22.769918,0.8569554282059727,1.0,0.0
HDX,-0.18045549,-0.29657292,0.8567949979673818,1.0,0.047619047619047616
TAB1,-0.18059173,-0.4376991,0.856688047761478,1.0,0.047619047619047616
CHST10,-0.18069391,-0.48753196,0.8566078368338227,1.0,0.03571428571428571
ZNF687,-0.18076204,-0.99390405,0.8565543637047753,1.0,0.011904761904761904
MT-ND2,-0.18093234,-0.03254097,0.856420683763437,1.0,1.0
STARD3NL,-0.18100046,-0.0038937132,0.8563672129400439,1.0,0.3333333333333333
MAP3K2-DT,-0.18100046,-0.960035,0.8563672129400439,1.0,0.023809523809523808
NARS,-0.18113671,-0.040877208,0.8562602732713926,1.0,0.7142857142857143
TNS2,-0.18117076,-0.24983785,0.8562335387665163,1.0,0.13095238095238096
MAPK12,-0.18130702,-0.15433346,0.8561266023970571,1.0,0.17857142857142858
F12,-0.18137513,0.010143262,0.8560731352027748,1.0,0.05952380952380952
TSR3,-0.1814092,-0.020076636,0.8560464018533506,1.0,0.40476190476190477
TSC22D2,-0.18147732,0.02997117,0.8559929356500858,1.0,0.34523809523809523
SSX2IP,-0.18161356,-0.06248212,0.8558860052267309,1.0,0.09523809523809523
NBN,-0.18168168,-0.119383186,0.8558325410071206,1.0,0.40476190476190477
C2CD2,-0.18171574,-0.12672803,0.8558058091454371,1.0,0.15476190476190477
HDAC4-AS1,-0.18178387,-1.1165121,0.8557523459184637,1.0,0.011904761904761904
CLEC2D,-0.18188605,-0.03220632,0.855672152319437,1.0,0.023809523809523808
CCDC68,-0.18192011,-0.109289706,0.8556454214509305,1.0,0.21428571428571427
AC023043.1,-0.18205635,-0.0039061373,0.8555384996335478,1.0,0.08333333333333333
VEZF1,-0.18209042,-0.052042536,0.855511769593513,1.0,0.3333333333333333
MRTO4,-0.18239696,-0.062993504,0.855271206697093,1.0,0.4166666666666667
TBC1D24,-0.18243103,-0.55308014,0.8552444783162507,1.0,0.07142857142857142
ELOF1,-0.1826354,-0.030013362,0.855084111520013,1.0,0.17857142857142858
ZNF436-AS1,-0.1826354,-0.4323961,0.855084111520013,1.0,0.07142857142857142
AC067852.3,-0.1828057,-1.2503905,0.8549504770951328,1.0,0.011904761904761904
AC105339.6,-0.18311225,-22.856176,0.8547099456169381,1.0,0.0
AC108134.4,-0.18311225,-22.900991,0.8547099456169381,1.0,0.0
LRRC8E,-0.18311225,-22.832315,0.8547099456169381,1.0,0.0
KCNH3,-0.18311225,-22.778847,0.8547099456169381,1.0,0.0
AC034102.4,-0.18311225,-22.822062,0.8547099456169381,1.0,0.0
ADNP-AS1,-0.18311225,-22.954937,0.8547099456169381,1.0,0.0
ZNF695,-0.18311225,-22.797098,0.8547099456169381,1.0,0.0
PCDHGA5,-0.18311225,-22.848986,0.8547099456169381,1.0,0.0
AL356056.1,-0.18311225,-22.72377,0.8547099456169381,1.0,0.0
AL442125.1,-0.18324849,-0.22741573,0.8546030470702144,1.0,0.03571428571428571
CASTOR2,-0.18338473,-0.54973,0.8544961511923452,1.0,0.023809523809523808
HAX1,-0.18345286,-0.011302867,0.8544427042548304,1.0,0.5
GIHCG,-0.1835891,-0.04840458,0.8543358123838385,1.0,0.20238095238095238
SLC66A1,-0.18365723,-0.6923727,0.854282367450841,1.0,0.047619047619047616
TMEM44-AS1,-0.1838616,-0.9890036,0.8541220366647169,1.0,0.011904761904761904
TRNP1,-0.18392971,-0.2745197,0.854068594407764,1.0,0.15476190476190477
BRWD1,-0.18406595,-0.19464983,0.8539617119029286,1.0,0.2857142857142857
BICRAL,-0.18416815,-0.93115884,0.8538815517831819,1.0,0.03571428571428571
ATG4B,-0.18420221,-0.108573265,0.8538548320784509,1.0,0.19047619047619047
CDK8,-0.18420221,-0.5653514,0.8538548320784509,1.0,0.047619047619047616
SGTB,-0.18433845,-0.29059085,0.8537479549362479,1.0,0.13095238095238096
DLGAP1-AS1,-0.18447469,-0.42486998,0.8536410804782358,1.0,0.047619047619047616
SS18L1,-0.18447469,-0.16627184,0.8536410804782358,1.0,0.10714285714285714
RSPH3,-0.18461093,-0.10269643,0.8535342087063313,1.0,0.11904761904761904
RNF7,-0.18471313,-0.051568475,0.8534540566413136,1.0,0.7619047619047619
ICAM2,-0.18471313,0.022484338,0.8534540566413136,1.0,0.8928571428571429
CAPG,-0.18484937,-0.20378597,0.853347189574708,1.0,0.14285714285714285
DNTTIP1,-0.18501967,-0.0045045107,0.8532136095264241,1.0,0.23809523809523808
SLC25A3,-0.18512185,0.020486573,0.8531334635175429,1.0,0.9880952380952381
SERPINB9P1,-0.18525809,-0.76081103,0.853026604530815,1.0,0.011904761904761904
TTN-AS1,-0.18549652,-0.21372138,0.8528396077951477,1.0,0.05952380952380952
FKBPL,-0.18553059,-0.74445844,0.8528128946506461,1.0,0.011904761904761904
RGS11,-0.185769,-0.25233462,0.8526259073674816,1.0,0.07142857142857142
DNMBP-AS1,-0.18597338,-22.77832,0.8524656391446968,1.0,0.0
STAM-AS1,-0.18597338,-22.75129,0.8524656391446968,1.0,0.0
LURAP1L-AS1,-0.18597338,-22.820116,0.8524656391446968,1.0,0.0
AL353796.2,-0.18597338,-22.793873,0.8524656391446968,1.0,0.0
CD14,-0.18597338,-22.781923,0.8524656391446968,1.0,0.0
AP001453.2,-0.18597338,-22.773626,0.8524656391446968,1.0,0.0
METTL7A,-0.18597338,-22.92866,0.8524656391446968,1.0,0.0
PRKCZ,-0.18597338,-22.843657,0.8524656391446968,1.0,0.0
ABHD17B,-0.18614368,-0.5553222,0.8523320869450641,1.0,0.03571428571428571
NMD3,-0.18631399,-0.21209404,0.8521985389791366,1.0,0.23809523809523808
FAM219B,-0.18645023,0.015459488,0.8520917036571748,1.0,0.19047619047619047
SMIM27,-0.18648429,-0.15564638,0.8520649952506532,1.0,0.2261904761904762
LYSMD4,-0.18651836,-0.44338408,0.8520382870137788,1.0,0.011904761904761904
IQCJ-SCHIP1,-0.1866546,-0.46522054,0.8519314557633525,1.0,0.023809523809523808
NRSN2,-0.18675677,-0.21213117,0.8518513341082952,1.0,0.15476190476190477
SPATA5,-0.18679084,-0.061968394,0.8518246272296759,1.0,0.08333333333333333
SF3B6,-0.1868249,-0.05330953,0.8517979205209731,1.0,0.8690476190476191
GPR160,-0.18706334,-1.4574468,0.8516109783202267,1.0,0.011904761904761904
ZDHHC7,-0.18719958,-0.12339816,0.8515041579482814,1.0,0.13095238095238096
TDRD7,-0.18726769,-0.76611525,0.8514507487838407,1.0,0.03571428571428571
ANAPC2,-0.18740395,-1.0068315,0.8513439324992191,1.0,0.023809523809523808
GPKOW,-0.187438,-0.18269664,0.8513172288541255,1.0,0.16666666666666666
POLR3B,-0.18747206,-0.09513059,0.8512905253795164,1.0,0.05952380952380952
COASY,-0.18747206,-0.26361644,0.8512905253795164,1.0,0.21428571428571427
ZNF785,-0.1876083,-0.014092374,0.8511837131865232,1.0,0.09523809523809523
ZBTB48,-0.18801704,-0.6573415,0.8508632929960556,1.0,0.023809523809523808
FLVCR2,-0.18818735,-0.09650253,0.8507297918475824,1.0,0.05952380952380952
SPOPL,-0.18828952,-0.024491658,0.8506496932119634,1.0,0.047619047619047616
SFT2D2,-0.18835765,0.05372936,0.8505962949776591,1.0,0.2261904761904762
RGS20,-0.18856202,-0.04052006,0.8504361043866954,1.0,0.15476190476190477
PPIB,-0.18859608,-0.024228828,0.850409406554841,1.0,0.9642857142857143
AL592435.1,-0.1888345,-22.767344,0.8502225265355473,1.0,0.0
REEP6,-0.1888345,-0.85293144,0.8502225265355473,1.0,0.011904761904761904
PTPRG-AS1,-0.1888345,-22.798779,0.8502225265355473,1.0,0.0
MMP1,-0.1888345,-22.947138,0.8502225265355473,1.0,0.0
AC005899.6,-0.1888345,-22.805891,0.8502225265355473,1.0,0.0
TMEM223,-0.1888345,-0.061477564,0.8502225265355473,1.0,0.3333333333333333
TMSB15B-1,-0.1888345,-22.77611,0.8502225265355473,1.0,0.0
NSMCE1-DT,-0.1888345,-22.832159,0.8502225265355473,1.0,0.0
PSPN,-0.1888345,-22.857325,0.8502225265355473,1.0,0.0
AL022328.4,-0.1888345,-22.867651,0.8502225265355473,1.0,0.0
PRR7-AS1,-0.1888345,-22.910107,0.8502225265355473,1.0,0.0
AL139383.1,-0.1888345,-22.78234,0.8502225265355473,1.0,0.0
ZCCHC18,-0.1888345,-22.80583,0.8502225265355473,1.0,0.0
C5,-0.1888345,-22.78986,0.8502225265355473,1.0,0.0
SLC25A21-AS1,-0.18900481,-0.4160593,0.8500890459581707,1.0,0.011904761904761904
PSMD1,-0.18917511,-0.082944304,0.849955569677267,1.0,0.7023809523809523
NFX1,-0.18917511,-0.1352632,0.849955569677267,1.0,0.15476190476190477
ANKRD18A,-0.1892773,-1.3530087,0.8498754859725848,1.0,0.011904761904761904
ZMYND11,-0.18937948,-0.008137463,0.8497954038167829,1.0,0.30952380952380953
CD34,-0.18965197,-0.45888075,0.8495818589797461,1.0,0.023809523809523808
MSTO1,-0.1898904,-0.606522,0.8493950162991941,1.0,0.05952380952380952
AC010618.3,-0.18995853,-0.15984327,0.8493416342294484,1.0,0.08333333333333333
ACTR5,-0.18999258,-0.26762718,0.8493149434536029,1.0,0.03571428571428571
DZIP1L,-0.19009477,-0.6415194,0.8492348721625345,1.0,0.011904761904761904
NDC80,-0.19023101,-0.9505332,0.8491281128606492,1.0,0.03571428571428571
LINC02246,-0.19033319,-0.6448604,0.8490480451999343,1.0,0.023809523809523808
DDX24,-0.19036725,-0.048865575,0.8490213563257025,1.0,0.8095238095238095
SUZ12,-0.1905035,-0.05191427,0.8489146025596046,1.0,0.39285714285714285
AL109741.1,-0.19053756,-0.9913358,0.8488879145509365,1.0,0.023809523809523808
EIF5A,-0.19074193,-0.071417466,0.848727790137219,1.0,0.9047619047619048
GSN,-0.19077599,-0.033718675,0.8487011033415931,1.0,0.44047619047619047
CRLF3,-0.19081005,-0.006179878,0.8486744167193783,1.0,0.09523809523809523
RAPGEF3,-0.19098036,-0.6423856,0.8485409862105147,1.0,0.03571428571428571
CNP,-0.19121878,0.024652878,0.8483541907897242,1.0,0.16666666666666666
HEY1,-0.1912869,-1.3028691,0.8483008222332409,1.0,0.011904761904761904
UBAC2,-0.1912869,-0.07836986,0.8483008222332409,1.0,0.20238095238095238
CLCF1,-0.19149126,-0.33389083,0.8481407207373498,1.0,0.011904761904761904
DUS3L,-0.19155939,-0.4564776,0.8480873549640344,1.0,0.047619047619047616
AL137186.2,-0.19166157,-1.9539932,0.8480073076098642,1.0,0.011904761904761904
AC093495.1,-0.19169563,-22.853449,0.8479806255068075,1.0,0.0
AC016773.1,-0.19169563,-22.846575,0.8479806255068075,1.0,0.0
CD69,-0.19169563,-22.876656,0.8479806255068075,1.0,0.0
AC092835.1,-0.19169563,-22.941307,0.8479806255068075,1.0,0.0
JMJD1C-AS1,-0.19169563,-22.86174,0.8479806255068075,1.0,0.0
SUCLG2-AS1,-0.19169563,-22.92721,0.8479806255068075,1.0,0.0
MAN1A1,-0.19169563,-22.847998,0.8479806255068075,1.0,0.0
AL161665.1,-0.19169563,-22.809935,0.8479806255068075,1.0,0.0
BLID,-0.19169563,-22.948515,0.8479806255068075,1.0,0.0
COL16A1,-0.19169563,-22.882538,0.8479806255068075,1.0,0.0
BNC2-AS1,-0.19169563,-22.831041,0.8479806255068075,1.0,0.0
MLLT1,-0.19193406,0.014074008,0.8477938556651392,1.0,0.08333333333333333
ARL10,-0.19200218,-0.93868464,0.8477404944226126,1.0,0.011904761904761904
SH3D21,-0.19203624,-1.3286198,0.8477138140630615,1.0,0.011904761904761904
MED12,-0.19213843,-0.12439889,0.8476337740316144,1.0,0.05952380952380952
RAD1,-0.19220655,0.021768594,0.84758041488362,1.0,0.09523809523809523
PTPN21,-0.19220655,-0.4034166,0.84758041488362,1.0,0.03571428571428571
NUDCD2,-0.19224061,0.0036015704,0.8475537355716032,1.0,0.4642857142857143
SNTB2,-0.19227467,-0.028015148,0.8475270564342798,1.0,0.6666666666666666
ASAP3,-0.19237685,-1.4157702,0.8474470200707681,1.0,0.011904761904761904
DGAT1,-0.19247904,-0.119430706,0.84736698528057,1.0,0.2857142857142857
STIMATE,-0.19271746,-0.4466628,0.8471802435597363,1.0,0.05952380952380952
NOL10,-0.19275153,-0.07314926,0.84715356687125,1.0,0.15476190476190477
RASSF1,-0.19278559,-0.32768542,0.8471268903579041,1.0,0.047619047619047616
FAM76A,-0.19302401,-0.18217655,0.8469401596709184,1.0,0.17857142857142858
KDM1A,-0.19319431,-0.06656803,0.8468067858695545,1.0,0.5357142857142857
GPSM3,-0.19319431,0.27004594,0.8468067858695545,1.0,0.16666666666666666
LINC01121,-0.1932965,-1.1182463,0.8467267636948312,1.0,0.011904761904761904
KIAA1671,-0.19333057,-0.15821454,0.8467000899877848,1.0,0.13095238095238096
ARMCX3,-0.19339868,-0.0610378,0.8466467431006623,1.0,0.4523809523809524
LY6K,-0.19353493,-0.49272653,0.8465400514351342,1.0,0.03571428571428571
DENND1B,-0.19367118,-0.7416042,0.8464333625828168,1.0,0.023809523809523808
KDELR1,-0.1937393,-0.027695166,0.8463800192122077,1.0,0.7738095238095238
EFCAB2,-0.19394366,-0.2143326,0.8462199933254385,1.0,0.09523809523809523
MIR497HG,-0.19455676,-22.910982,0.8457399537463945,1.0,0.0
AVIL,-0.19455676,-22.863337,0.8457399537463945,1.0,0.0
ZNF852,-0.19455676,-22.84297,0.8457399537463945,1.0,0.0
ZNF416,-0.19455676,-22.881947,0.8457399537463945,1.0,0.0
LINC00271,-0.19455676,-22.853205,0.8457399537463945,1.0,0.0
PCOLCE2,-0.19455676,-22.852324,0.8457399537463945,1.0,0.0
LINC01693,-0.19455676,-22.84866,0.8457399537463945,1.0,0.0
HECW2-AS1,-0.19455676,-22.952713,0.8457399537463945,1.0,0.0
ALG14,-0.19479519,-0.07796185,0.8455532871412348,1.0,0.10714285714285714
PCID2,-0.19585109,-0.111317195,0.8447267250973596,1.0,0.35714285714285715
AC074212.1,-0.19585109,-0.713494,0.8447267250973596,1.0,0.023809523809523808
SPDL1,-0.19615763,-0.09284503,0.8444867874453892,1.0,0.10714285714285714
PARL,-0.19625981,-0.10000606,0.8444068114331071,1.0,0.25
CFI,-0.19629388,-0.10411542,0.8443801531187198,1.0,0.13095238095238096
ZNF324B,-0.19649825,-1.6276103,0.8442202069763992,1.0,0.011904761904761904
TRPM7,-0.19670261,-0.3117103,0.8440602672570073,1.0,0.14285714285714285
DDR1,-0.19673668,-1.6369479,0.844033611262011,1.0,0.011904761904761904
C8orf82,-0.19694103,-0.08310318,0.8438736790441524,1.0,0.23809523809523808
OSBPL6,-0.19700916,-0.26492634,0.8438203697349584,1.0,0.07142857142857142
RRM1,-0.1972476,-0.16419235,0.843633792788449,1.0,0.19047619047619047
MBLAC1,-0.1974179,-22.95177,0.8435005289124073,1.0,0.0
DACT3,-0.1974179,-22.919428,0.8435005289124073,1.0,0.0
VIT,-0.1974179,-22.911673,0.8435005289124073,1.0,0.0
HIST1H2BN,-0.1974179,-22.907562,0.8435005289124073,1.0,0.0
PIH1D2,-0.1974179,-22.943478,0.8435005289124073,1.0,0.0
ACAD10,-0.19755414,-0.29623342,0.843393921037306,1.0,0.047619047619047616
HEXIM2,-0.19755414,-1.3339331,0.843393921037306,1.0,0.011904761904761904
PXMP4,-0.19762225,-0.10978119,0.8433406181756531,1.0,0.15476190476190477
C2orf27A,-0.1977585,-0.109779246,0.8432340146053312,1.0,0.047619047619047616
AC007014.1,-0.19779256,-0.95794857,0.8432073641614624,1.0,0.011904761904761904
PEX16,-0.19786069,-0.15078872,0.8431540638123867,1.0,0.15476190476190477
NXT2,-0.19816723,-0.56374574,0.8429142211353499,1.0,0.023809523809523808
AC091607.2,-0.19833754,-0.3577619,0.8427809814977558,1.0,0.05952380952380952
MAGI2,-0.19854191,-0.7594088,0.8426210998736079,1.0,0.03571428571428571
AL359232.1,-0.19857597,-0.74333227,0.842594453566768,1.0,0.011904761904761904
SIPA1L3,-0.19867815,0.09016299,0.8425145157277303,1.0,0.15476190476190477
ZNF593,-0.19874628,-0.025918758,0.8424612247365706,1.0,0.6190476190476191
INO80D,-0.19878033,-0.15451598,0.8424345795115394,1.0,0.15476190476190477
TP53I11,-0.19881439,-0.025600044,0.8424079344669136,1.0,0.2976190476190476
TADA2A,-0.1989847,-0.20378706,0.8422747119509044,1.0,0.047619047619047616
TSC2,-0.19912094,-0.04250592,0.8421681371884221,1.0,0.15476190476190477
NAA40,-0.19918907,-0.095878385,0.8421148508912757,1.0,0.11904761904761904
MAFK,-0.1992572,-0.58656996,0.8420615653171758,1.0,0.047619047619047616
ARHGEF39,-0.1992572,-1.7495304,0.8420615653171758,1.0,0.011904761904761904
C19orf33,-0.19929124,-0.06383807,0.8420349228013425,1.0,0.6428571428571429
ZNF771,-0.1995978,-0.4026553,0.8417951483006847,1.0,0.07142857142857142
CLIP3,-0.20010872,-1.3728504,0.8413955567448043,1.0,0.011904761904761904
U73169.1,-0.20027903,-22.955149,0.8412623686327085,1.0,0.0
AC008870.2,-0.20027903,-22.94978,0.8412623686327085,1.0,0.0
GNG12-AS1,-0.20027903,-22.947998,0.8412623686327085,1.0,0.0
DNAH11,-0.20027903,-0.6994653,0.8412623686327085,1.0,0.03571428571428571
AP000254.2,-0.20027903,-22.961226,0.8412623686327085,1.0,0.0
GCNA,-0.20027903,-22.95727,0.8412623686327085,1.0,0.0
TDRKH-AS1,-0.20027903,-22.97048,0.8412623686327085,1.0,0.0
TMEM217,-0.20027903,-22.856901,0.8412623686327085,1.0,0.0
KLHL11,-0.20027903,-22.948114,0.8412623686327085,1.0,0.0
RGL3,-0.20027903,-23.040699,0.8412623686327085,1.0,0.0
ZNF565,-0.20027903,-22.931944,0.8412623686327085,1.0,0.0
CARMIL2,-0.20027903,-22.90546,0.8412623686327085,1.0,0.0
SYVN1,-0.20068775,-0.4171311,0.8409427357052787,1.0,0.047619047619047616
MOCS1,-0.20078994,-0.5635086,0.840862831567929,1.0,0.011904761904761904
RTCB,-0.20082399,-0.087187216,0.8408361972197518,1.0,0.32142857142857145
ZNF326,-0.20089212,-0.10200749,0.8407829290699839,1.0,0.25
LATS2-AS1,-0.2009943,-0.6586475,0.8407030282122441,1.0,0.03571428571428571
AL080276.2,-0.20119867,-1.4490595,0.8405432314205824,1.0,0.011904761904761904
KPNA4,-0.20123273,-0.043136198,0.8405165992605906,1.0,0.5833333333333334
MTHFD2,-0.20140304,-0.042033724,0.8403834411993479,1.0,0.5476190476190477
TLE3,-0.20157334,-0.12948167,0.8402502877053487,1.0,0.10714285714285714
LRRFIP1,-0.20177771,-0.013222911,0.840090509546528,1.0,0.7619047619047619
TARBP2,-0.20177771,-0.23020774,0.840090509546528,1.0,0.07142857142857142
UTP25,-0.2020502,0.12145572,0.8398774822514234,1.0,0.09523809523809523
MRPS14,-0.2020502,0.11188956,0.8398774822514234,1.0,0.23809523809523808
SUCLA2,-0.20208426,-0.06455367,0.839850854663862,1.0,0.25
SUGT1,-0.20228863,-0.068981625,0.8396910929884627,1.0,0.5238095238095238
FAIM,-0.202493,-0.2210097,0.8395313379176321,1.0,0.10714285714285714
FZD5,-0.20279954,-1.2716433,0.8392917177089504,1.0,0.011904761904761904
ADGRG1,-0.20279954,-0.033759397,0.8392917177089504,1.0,0.40476190476190477
AFAP1L1,-0.20279954,-0.24631529,0.8392917177089504,1.0,0.19047619047619047
POLDIP2,-0.20286766,-0.054494485,0.839238470795878,1.0,0.3333333333333333
COA6-AS1,-0.20293579,-1.3082137,0.8391852246186607,1.0,0.011904761904761904
MT-ND5,-0.20300391,-0.044173993,0.8391319791775356,1.0,0.9880952380952381
CNBD2,-0.20307203,-0.4927959,0.8390787344727397,1.0,0.047619047619047616
AC021851.1,-0.20314015,-22.876375,0.8390254905045097,1.0,0.0
RAD17,-0.20314015,-0.17853796,0.8390254905045097,1.0,0.13095238095238096
GMNC,-0.20314015,-22.869944,0.8390254905045097,1.0,0.0
AC090517.2,-0.20314015,-22.952532,0.8390254905045097,1.0,0.0
FABP6,-0.20314015,-22.815342,0.8390254905045097,1.0,0.0
AL162595.1,-0.20314015,-23.04187,0.8390254905045097,1.0,0.0
AC006449.6,-0.20314015,-22.902517,0.8390254905045097,1.0,0.0
AP000866.1,-0.20314015,-23.082462,0.8390254905045097,1.0,0.0
AC008731.1,-0.20314015,-22.888464,0.8390254905045097,1.0,0.0
CGRRF1,-0.2032764,-0.30481535,0.8389190047786952,1.0,0.09523809523809523
SIRT3,-0.20334452,-0.08250553,0.8388657630215844,1.0,0.047619047619047616
GRK4,-0.20358294,-0.25531757,0.83867942268117,1.0,0.03571428571428571
MLYCD,-0.203617,-0.1296757,0.8386528033706449,1.0,0.047619047619047616
POR,-0.20371918,-0.1631438,0.8385729465468794,1.0,0.11904761904761904
SIX4,-0.20375325,-0.62705624,0.8385463279749927,1.0,0.047619047619047616
CTDNEP1,-0.20385543,-0.04623179,0.838466473367853,1.0,0.47619047619047616
ESPL1,-0.20402573,-0.8532492,0.8383333860527962,1.0,0.023809523809523808
FEZ1,-0.20412792,-1.1183888,0.83825353588317,1.0,0.011904761904761904
HSDL1,-0.20419604,-0.2573726,0.838200303361999,1.0,0.08333333333333333
RIF1,-0.20426416,0.039069362,0.8381470715813015,1.0,0.38095238095238093
AC112220.2,-0.20463884,0.15080144,0.8378543100340053,1.0,0.023809523809523808
IGHMBP2,-0.20474102,-0.3981242,0.8377744698695577,1.0,0.05952380952380952
DNAJC11,-0.20484321,-0.13909367,0.8376946313754359,1.0,0.10714285714285714
STXBP5,-0.20487726,-0.23999046,0.8376680189153833,1.0,0.13095238095238096
THSD4,-0.20494539,-0.041492607,0.837614794552438,1.0,0.6309523809523809
ABCA2,-0.2054563,-0.27819306,0.8372156355322626,1.0,0.07142857142857142
GTF2IRD1,-0.2054563,-0.44156632,0.8372156355322626,1.0,0.023809523809523808
PRIM2,-0.20549037,-0.26592717,0.8371890264195159,1.0,0.05952380952380952
ADGRA3,-0.2056266,-0.17937385,0.8370825918312487,1.0,0.08333333333333333
MT-ATP6,-0.2056266,-0.01603961,0.8370825918312487,1.0,1.0
AC145207.5,-0.20566067,-0.923278,0.8370559836500095,1.0,0.011904761904761904
AC124798.1,-0.20572878,-0.40242127,0.8370027678467313,1.0,0.07142857142857142
TJAP1,-0.20572878,-0.41177055,0.8370027678467313,1.0,0.05952380952380952
ZNF451,-0.20583098,-0.16794527,0.8369229455402578,1.0,0.30952380952380953
OCRL,-0.20583098,-0.3333079,0.8369229455402578,1.0,0.08333333333333333
ZNF627,-0.20589909,-0.5981033,0.8368697316019161,1.0,0.03571428571428571
ARHGAP25,-0.20600128,-22.947546,0.836789912093956,1.0,0.0
CTSK,-0.20600128,-22.969254,0.836789912093956,1.0,0.0
NUPR1,-0.20600128,-23.1492,0.836789912093956,1.0,0.0
LOX,-0.20600128,-23.004593,0.836789912093956,1.0,0.0
HERC5,-0.20600128,-23.071136,0.836789912093956,1.0,0.0
AC037459.2,-0.20600128,-22.976542,0.836789912093956,1.0,0.0
DLGAP1-AS2,-0.20620565,-0.97188324,0.8366302781193502,1.0,0.023809523809523808
TRMT112,-0.20627376,-0.017032607,0.8365770682890713,1.0,0.8690476190476191
WDR5,-0.20647813,-0.1941601,0.836417443285314,1.0,0.09523809523809523
PCNX3,-0.20675062,-0.33456993,0.836204620425648,1.0,0.09523809523809523
KYAT1,-0.20681874,-0.31538168,0.8361514165834997,1.0,0.047619047619047616
AL162231.1,-0.20709123,-0.5376026,0.8359386087130691,1.0,0.023809523809523808
KLF7,-0.20739779,-0.20606141,0.8356992142133823,1.0,0.20238095238095238
ODC1,-0.20753403,-0.041244358,0.8355928215420112,1.0,0.6309523809523809
AP003352.1,-0.20770434,-0.944381,0.8354598349333613,1.0,0.023809523809523808
DCLK1,-0.20770434,-0.8007297,0.8354598349333613,1.0,0.023809523809523808
NPAS2,-0.20777245,-0.33581907,0.8354066416068348,1.0,0.11904761904761904
APOC1,-0.20787464,-0.18143053,0.835326853028783,1.0,0.21428571428571427
AC137932.2,-0.20797682,-0.7378481,0.8352470661455257,1.0,0.03571428571428571
LACC1,-0.20818119,-0.11706131,0.8350874974665822,1.0,0.07142857142857142
NUP107,-0.20818119,-0.20606378,0.8350874974665822,1.0,0.08333333333333333
YPEL3,-0.20841962,-0.20425117,0.8349013425884775,1.0,0.14285714285714285
LINC00342,-0.20848773,0.10813561,0.8348481571790496,1.0,0.16666666666666666
C15orf65,-0.20855586,-0.279748,0.8347949725249889,1.0,0.03571428571428571
ZFYVE19,-0.20879428,-0.18629508,0.8346088321877005,1.0,0.07142857142857142
AC018557.1,-0.20886241,-23.149431,0.8345556509357132,1.0,0.0
PDGFRL,-0.20886241,-22.908459,0.8345556509357132,1.0,0.0
NAGS,-0.20886241,-22.93654,0.8345556509357132,1.0,0.0
ZC2HC1C,-0.20886241,-23.022903,0.8345556509357132,1.0,0.0
SLC25A45,-0.20886241,-22.965218,0.8345556509357132,1.0,0.0
LCMT1-AS1,-0.20886241,-22.974646,0.8345556509357132,1.0,0.0
AP001020.2,-0.20886241,-23.055805,0.8345556509357132,1.0,0.0
PLCD4,-0.20886241,-1.3203781,0.8345556509357132,1.0,0.011904761904761904
MAOA,-0.20886241,-23.033358,0.8345556509357132,1.0,0.0
ZCCHC24,-0.20899865,-0.61493146,0.8344492907019705,1.0,0.03571428571428571
AC025171.1,-0.20906678,-0.0072087124,0.8343961117206874,1.0,0.05952380952380952
SCMH1,-0.20906678,-0.29296625,0.8343961117206874,1.0,0.08333333333333333
RNF4,-0.20927115,-0.1501948,0.8342365793220224,1.0,0.16666666666666666
COMMD8,-0.20933926,-0.08571924,0.8341834033716489,1.0,0.27380952380952384
LRP4-AS1,-0.20940739,-1.4345388,0.8341302281795927,1.0,0.011904761904761904
AC026471.1,-0.20940739,-1.3858994,0.8341302281795927,1.0,0.011904761904761904
YOD1,-0.20995237,-0.4963765,0.833704853970879,1.0,0.023809523809523808
ART4,-0.20995237,-0.74666196,0.833704853970879,1.0,0.011904761904761904
SPIRE1,-0.20998642,-0.15167676,0.8336782696975173,1.0,0.25
IFT43,-0.21015672,-0.078042135,0.8335453511833928,1.0,0.32142857142857145
MMRN1,-0.21039516,-0.010121886,0.8333592732564978,1.0,0.2261904761904762
SPRYD7,-0.21042922,-0.0064911144,0.8333326914572505,1.0,0.2857142857142857
CNOT3,-0.21056546,-0.19947037,0.8332263661657837,1.0,0.15476190476190477
DKK1,-0.21059953,0.008430012,0.8331997853194452,1.0,0.16666666666666666
PSMD7,-0.21066764,-0.010962109,0.8331466241988079,1.0,0.7619047619047619
KIF11,-0.21073577,-0.14479528,0.8330934638410872,1.0,0.08333333333333333
RETREG2,-0.21097419,-0.16859083,0.8329074086004349,1.0,0.14285714285714285
ZNF574,-0.21100825,-0.30394408,0.8328808300440833,1.0,0.047619047619047616
OSER1,-0.21121262,-0.18921176,0.8327213627185036,1.0,0.19047619047619047
ZNF273,-0.21124668,-1.8579185,0.832694785499937,1.0,0.011904761904761904
PARG,-0.21124668,-0.29061696,0.832694785499937,1.0,0.14285714285714285
ZNF318,-0.21134886,-0.005680784,0.8326150549917349,1.0,0.10714285714285714
PEX3,-0.21141699,-0.20995334,0.8325619022761429,1.0,0.11904761904761904
HAUS7,-0.21172354,-23.080956,0.8323227245325554,1.0,0.0
CRACR2B,-0.21172354,-23.009193,0.8323227245325554,1.0,0.0
SETD2,-0.21172354,-0.15043512,0.8323227245325554,1.0,0.30952380952380953
SHF,-0.21172354,-23.086134,0.8323227245325554,1.0,0.0
NR2E3,-0.21172354,-23.046669,0.8323227245325554,1.0,0.0
NKX3-1,-0.21172354,-22.945297,0.8323227245325554,1.0,0.0
PPP5D1,-0.21172354,-22.984156,0.8323227245325554,1.0,0.0
AL022724.3,-0.21172354,-23.034935,0.8323227245325554,1.0,0.0
EEF1AKNMT,-0.2119279,-0.22932014,0.8321632813260766,1.0,0.07142857142857142
IQSEC1,-0.21199602,-0.29024506,0.8321101351248217,1.0,0.047619047619047616
SLC39A6,-0.21199602,-0.14842536,0.8321101351248217,1.0,0.09523809523809523
PSEN2,-0.21199602,-0.3817741,0.8321101351248217,1.0,0.03571428571428571
CPEB4,-0.21240476,-0.15953723,0.8317912740432788,1.0,0.11904761904761904
NUP133,-0.21240476,-0.3173646,0.8317912740432788,1.0,0.13095238095238096
RCC2,-0.21260913,-0.04536457,0.8316318538798111,1.0,0.23809523809523808
PCNT,-0.2127113,-0.46478668,0.8315521463951847,1.0,0.08333333333333333
AP000487.1,-0.21277943,-1.523701,0.8314990090345318,1.0,0.011904761904761904
MYO1F,-0.21284755,-1.5456486,0.8314458724440985,1.0,0.011904761904761904
HPS5,-0.21291567,-0.24375378,0.8313927366241203,1.0,0.13095238095238096
LINC01116,-0.21294974,-1.1675442,0.8313661690031253,1.0,0.011904761904761904
DEPDC1B,-0.21308598,-0.97623783,0.8312599004464606,1.0,0.023809523809523808
TMEM163,-0.2131541,-0.36421335,0.8312067673249289,1.0,0.09523809523809523
ANP32B,-0.21339253,-0.016489182,0.8310208074767881,1.0,0.8809523809523809
C1RL-AS1,-0.21339253,-0.8615209,0.8310208074767881,1.0,0.011904761904761904
PPP1R26,-0.21352877,-0.5932326,0.8309145489536339,1.0,0.03571428571428571
TRAPPC5,-0.21352877,-0.033383533,0.8309145489536339,1.0,0.7976190476190477
WDR91,-0.21373314,-0.8681557,0.8307551669655562,1.0,0.011904761904761904
TRIP4,-0.21380126,-0.057996627,0.8307020411829124,1.0,0.14285714285714285
PAOX,-0.21383533,-0.38969198,0.830675478581732,1.0,0.023809523809523808
PHC2,-0.21383533,-0.2424399,0.830675478581732,1.0,0.17857142857142858
PDPR,-0.21400563,-0.13049755,0.830542668478421,1.0,0.10714285714285714
HMGN3,-0.21410781,-0.003030861,0.8304629847395659,1.0,0.7380952380952381
AC015712.1,-0.21414188,-0.8575578,0.8304364238806459,1.0,0.03571428571428571
FAM81B,-0.21420999,-0.940992,0.8303833027440298,1.0,0.011904761904761904
CEP192,-0.21448249,-0.2823353,0.8301708259515299,1.0,0.09523809523809523
IQCH,-0.21458466,-23.046705,0.8300911503549545,1.0,0.0
AC068205.2,-0.21458466,-23.073263,0.8300911503549545,1.0,0.0
AL391684.1,-0.21458466,-23.072218,0.8300911503549545,1.0,0.0
CDK3,-0.21458466,-23.122423,0.8300911503549545,1.0,0.0
LCN6,-0.21458466,-23.067003,0.8300911503549545,1.0,0.0
IL1RAPL1,-0.21458466,-23.07449,0.8300911503549545,1.0,0.0
AGAP4,-0.21458466,-22.88061,0.8300911503549545,1.0,0.0
ISL2,-0.21458466,-23.013744,0.8300911503549545,1.0,0.0
AC009812.1,-0.21458466,-23.048433,0.8300911503549545,1.0,0.0
MAGEF1,-0.2147209,-0.16945927,0.829984918943916,1.0,0.17857142857142858
MAPK10,-0.21475497,-1.0526853,0.829958361576661,1.0,0.011904761904761904
CYC1,-0.2148231,-0.03680889,0.8299052474249623,1.0,0.7023809523809523
FAM114A2,-0.21489121,-0.26434752,0.8298521340505411,1.0,0.17857142857142858
ZC3H10,-0.21506152,-1.2445717,0.8297193540166209,1.0,0.023809523809523808
UQCC2,-0.21512964,-0.07233831,0.8296662433645229,1.0,0.7619047619047619
BECN1,-0.21540213,-0.1400976,0.829453808541836,1.0,0.34523809523809523
COQ10A,-0.2156065,-0.30850166,0.8292944906063926,1.0,0.047619047619047616
TCF7,-0.21567462,-0.77004457,0.8292413861875594,1.0,0.047619047619047616
ZFC3H1,-0.21574274,-0.012540146,0.8291882825489418,1.0,0.2619047619047619
TFAP4,-0.21581087,-0.13159475,0.8291351796907748,1.0,0.047619047619047616
COG7,-0.21598117,-0.10822831,0.8290024259613705,1.0,0.09523809523809523
MED13L,-0.21611741,-0.11394588,0.8288962264933989,1.0,0.2976190476190476
GGCX,-0.2162196,-0.09667085,0.828816578944392,1.0,0.20238095238095238
KCTD20,-0.21676457,-0.024868615,0.8283918217553049,1.0,0.27380952380952384
NCK1-DT,-0.21717331,-0.30478916,0.8280732867838134,1.0,0.047619047619047616
GEMIN4,-0.21737768,-0.1950469,0.8279140298975611,1.0,0.047619047619047616
TOB1-AS1,-0.21744579,-23.063347,0.8278609458406705,1.0,0.0
AP001469.3,-0.21744579,-23.03228,0.8278609458406705,1.0,0.0
SYP,-0.21744579,-23.141779,0.8278609458406705,1.0,0.0
ZNF483,-0.21744579,-23.148891,0.8278609458406705,1.0,0.0
ARHGEF37,-0.21744579,-23.084383,0.8278609458406705,1.0,0.0
PINLYP,-0.21744579,-22.973726,0.8278609458406705,1.0,0.0
GNPDA1,-0.21754798,-0.058306392,0.8277813212297604,1.0,0.39285714285714285
ZNF280C,-0.21754798,-0.33036667,0.8277813212297604,1.0,0.03571428571428571
OTUD6B,-0.21771829,-0.17594497,0.827648617478668,1.0,0.2261904761904762
IGSF23,-0.21775234,-0.6717971,0.8276220773187772,1.0,0.011904761904761904
AC067838.1,-0.21775234,-1.3838645,0.8276220773187772,1.0,0.011904761904761904
GCC1,-0.21785453,-1.0223336,0.8275424580202879,1.0,0.023809523809523808
TEAD4,-0.2178886,-0.10015017,0.8275159186479504,1.0,0.13095238095238096
GACAT2,-0.21792264,-0.67983043,0.8274893794725745,1.0,0.023809523809523808
ERGIC1,-0.21799077,-0.04891629,0.827436301712825,1.0,0.40476190476190477
GPRC5B,-0.2180589,-0.55926245,0.8273832247412738,1.0,0.023809523809523808
HAUS3,-0.21816108,-0.11544843,0.8273036107623326,1.0,0.03571428571428571
KIF2C,-0.21829732,-0.1343539,0.8271974615512951,1.0,0.03571428571428571
AL354733.3,-0.21839951,-0.53372586,0.8271178517147064,1.0,0.03571428571428571
VPS72,-0.21850169,-0.12539318,0.8270382436547311,1.0,0.19047619047619047
TRIM4,-0.21860386,-0.15459162,0.8269586373721607,1.0,0.16666666666666666
NGEF,-0.21863793,-0.86526346,0.8269321023397529,1.0,0.011904761904761904
MAST3,-0.21863793,-0.6932516,0.8269321023397529,1.0,0.03571428571428571
SPC25,-0.21874012,-0.9470038,0.8268524984282869,1.0,0.023809523809523808
WASF1,-0.21891043,-0.12377207,0.8267198291967937,1.0,0.13095238095238096
WDR89,-0.21894448,-0.20022103,0.8266932959439013,1.0,0.11904761904761904
GORAB,-0.21894448,-0.6756744,0.8266932959439013,1.0,0.023809523809523808
IFT52,-0.21911478,-0.13344526,0.8265606326480829,1.0,0.2261904761904762
GPN2,-0.21938728,-0.05509027,0.8263483816731816,1.0,0.10714285714285714
KIAA0825,-0.21952352,-0.9467856,0.8262422609428274,1.0,0.011904761904761904
SLC25A44,-0.2196257,0.09806676,0.8261626724778295,1.0,0.08333333333333333
ZNF576,-0.21969382,-0.04264668,0.8261096144933978,1.0,0.08333333333333333
AL353807.5,-0.2198982,-1.3052692,0.8259504453054018,1.0,0.011904761904761904
AJUBA,-0.22003444,-0.026948024,0.8258443364868304,1.0,0.07142857142857142
JMJD4,-0.2200685,-0.518608,0.8258178097791341,1.0,0.07142857142857142
NIPAL2,-0.22010256,-0.29942203,0.8257912832702752,1.0,0.07142857142857142
NANOS3,-0.22030692,-23.142027,0.8256321283943433,1.0,0.0
CAPN12,-0.22030692,-23.039085,0.8256321283943433,1.0,0.0
AC009309.1,-0.22030692,-23.103485,0.8256321283943433,1.0,0.0
PRRG3,-0.22030692,-23.09378,0.8256321283943433,1.0,0.0
FIRRE,-0.22030692,-23.089708,0.8256321283943433,1.0,0.0
TIGD2,-0.22030692,-23.152128,0.8256321283943433,1.0,0.0
AC091057.6,-0.22030692,-22.987522,0.8256321283943433,1.0,0.0
ZNF41,-0.22030692,-23.029097,0.8256321283943433,1.0,0.0
POLQ,-0.22030692,-23.02093,0.8256321283943433,1.0,0.0
ZNF571,-0.22030692,-23.078665,0.8256321283943433,1.0,0.0
AC005921.2,-0.22030692,-0.040141862,0.8256321283943433,1.0,0.08333333333333333
AC027097.2,-0.22037505,-0.8911859,0.8255790783610581,1.0,0.023809523809523808
MYLK,-0.22040911,-0.053624097,0.8255525536430521,1.0,0.17857142857142858
FAM3D,-0.22047722,-0.52685064,0.8254995048044594,1.0,0.03571428571428571
MVB12B,-0.22051129,-0.60511893,0.8254729806839314,1.0,0.011904761904761904
MAPK9,-0.22054535,-0.023359844,0.8254464567626212,1.0,0.25
MAPK8IP1,-0.22115844,-1.1377887,0.824969060278667,1.0,0.011904761904761904
MTSS2,-0.22139688,-0.6404138,0.824783423561298,1.0,0.03571428571428571
INTS2,-0.22149906,-0.2365008,0.8247038679672369,1.0,0.13095238095238096
ITGA1,-0.22180562,-0.82039034,0.8244652119918094,1.0,0.011904761904761904
NDUFA9,-0.22214623,-0.047073238,0.8242000577180421,1.0,0.35714285714285715
ANKRD44,-0.2222484,-0.234152,0.8241205153467167,1.0,0.047619047619047616
STARD8,-0.22241871,-0.92166907,0.823987948742432,1.0,0.011904761904761904
POLG,-0.22241871,0.068218604,0.823987948742432,1.0,0.10714285714285714
UNKL,-0.22252089,-0.20734389,0.8239084111899024,1.0,0.05952380952380952
CEP104,-0.22272526,-0.24152675,0.8237493415111193,1.0,0.19047619047619047
LAPTM4A,-0.22275932,-0.037106667,0.823722830601736,1.0,0.8095238095238095
HCG25,-0.22282743,-1.8672231,0.8236698093864445,1.0,0.011904761904761904
KIAA0100,-0.2228615,-0.04833973,0.8236432990805947,1.0,0.25
AXIN1,-0.2228615,-0.83869505,0.8236432990805947,1.0,0.03571428571428571
TXNDC11,-0.22289556,-0.22953205,0.8236167889759811,1.0,0.09523809523809523
C7orf50,-0.22289556,-0.071107976,0.8236167889759811,1.0,0.5595238095238095
PRDM10,-0.2230318,-1.9496733,0.8235107505704744,1.0,0.011904761904761904
AC104506.1,-0.22316805,-23.14573,0.8234047153870863,1.0,0.0
CLDN15,-0.22316805,-23.15289,0.8234047153870863,1.0,0.0
LAG3,-0.22316805,-23.105806,0.8234047153870863,1.0,0.0
AL133415.1,-0.22316805,-23.135765,0.8234047153870863,1.0,0.0
AC007066.2,-0.22316805,-22.96709,0.8234047153870863,1.0,0.0
AMER1,-0.22316805,-23.122883,0.8234047153870863,1.0,0.0
KSR2,-0.22316805,-23.00514,0.8234047153870863,1.0,0.0
AL031846.2,-0.22316805,-23.083353,0.8234047153870863,1.0,0.0
EFCC1,-0.22316805,-23.064833,0.8234047153870863,1.0,0.0
CDC37L1-DT,-0.22316805,-23.152533,0.8234047153870863,1.0,0.0
FRS3,-0.22320211,-0.56779003,0.8233782070949144,1.0,0.011904761904761904
GABPB1-IT1,-0.22323617,-0.11340862,0.8233516990042711,1.0,0.09523809523809523
MUC12,-0.22381522,-1.5244789,0.8229010923255126,1.0,0.011904761904761904
ZFHX3,-0.22398552,-0.08932097,0.8227685720559726,1.0,0.2976190476190476
IPMK,-0.22398552,-0.594272,0.8227685720559726,1.0,0.03571428571428571
MLF2,-0.224258,-0.07557627,0.8225565501406502,1.0,0.6190476190476191
RXRA,-0.224258,-0.13629328,0.8225565501406502,1.0,0.09523809523809523
KDM4A,-0.22446238,-0.20783384,0.8223975422055714,1.0,0.13095238095238096
LYPLAL1,-0.22459862,-0.06983891,0.8222915409673145,1.0,0.16666666666666666
AC106707.1,-0.22473486,-1.2304038,0.8221855429726741,1.0,0.011904761904761904
CHN1,-0.22473486,-0.3553214,0.8221855429726741,1.0,0.10714285714285714
SLC6A6,-0.22497329,-0.11421732,0.8220000542926249,1.0,0.25
RBPJ,-0.22507547,-0.061712604,0.8219205621891553,1.0,0.36904761904761907
ZNF473,-0.22510953,-0.8993123,0.8218940652275626,1.0,0.011904761904761904
MED27,-0.22538202,-0.13613853,0.8216820968511702,1.0,0.11904761904761904
AC097534.2,-0.22541608,-0.62031,0.8216556017191026,1.0,0.047619047619047616
CUL7,-0.22541608,-0.38066018,0.8216556017191026,1.0,0.07142857142857142
THOC1,-0.22575669,-0.2939442,0.8213906615916958,1.0,0.16666666666666666
NAALADL2,-0.22602919,-23.043707,0.8211787241560801,1.0,0.0
CLTCL1,-0.22602919,-22.988579,0.8211787241560801,1.0,0.0
C3orf52,-0.22602919,-23.06638,0.8211787241560801,1.0,0.0
NDUFB2-AS1,-0.22602919,-23.109123,0.8211787241560801,1.0,0.0
SLC22A23,-0.22623354,-0.68382555,0.8210197796445157,1.0,0.023809523809523808
DLC1,-0.22640385,-0.027769662,0.8208873314980901,1.0,0.5119047619047619
C1orf216,-0.22643791,-0.15113541,0.8208608424815051,1.0,0.05952380952380952
DGAT2,-0.22647198,-1.1380956,0.8208343536692219,1.0,0.011904761904761904
GFOD1,-0.22671041,-0.21038906,0.8206489377061272,1.0,0.19047619047619047
POLR2K,-0.22701696,-0.061166562,0.8204105604814722,1.0,0.6904761904761905
GDPD5,-0.22718726,-0.3317287,0.8202781358565316,1.0,0.05952380952380952
FAM241A,-0.22735757,-0.05857536,0.8201457163551584,1.0,0.39285714285714285
SIAE,-0.22739163,-0.11538297,0.8201192330700324,1.0,0.20238095238095238
INSIG1,-0.22749381,-0.056748163,0.8200397844454762,1.0,0.7023809523809523
TM9SF3,-0.22749381,-0.037980944,0.8200397844454762,1.0,0.6785714285714286
PLAU,-0.22752787,-0.17709868,0.8200133019809951,1.0,0.21428571428571427
CHCHD3,-0.22783442,-0.032236025,0.8197749690396939,1.0,0.30952380952380953
E2F5,-0.22786848,-0.08554987,0.8197484886288644,1.0,0.07142857142857142
FIG4,-0.2282091,-0.24216455,0.8194836958292693,1.0,0.13095238095238096
SLC10A3,-0.22824316,-0.22489217,0.8194572176808206,1.0,0.14285714285714285
NFKBID,-0.22848158,-1.0325987,0.8192718764069895,1.0,0.011904761904761904
REXO2,-0.2285497,-0.048829596,0.8192189236113324,1.0,0.7738095238095238
PUM3,-0.22858377,-0.09315463,0.8191924475226509,1.0,0.39285714285714285
SEH1L,-0.22861782,-0.08674989,0.8191659716401063,1.0,0.17857142857142858
PTPA,-0.22865188,-0.06851896,0.8191394959637276,1.0,0.25
RNF31,-0.22868595,-0.54411024,0.819113020493544,1.0,0.047619047619047616
VGLL3,-0.22889031,-23.041431,0.8189541720041691,1.0,0.0
BATF2,-0.22889031,-23.162249,0.8189541720041691,1.0,0.0
KCNJ14,-0.22889031,-23.011564,0.8189541720041691,1.0,0.0
LINC00899,-0.22889031,-23.123335,0.8189541720041691,1.0,0.0
USP2-AS1,-0.22889031,-23.072037,0.8189541720041691,1.0,0.0
GATA6-AS1,-0.22889031,-23.074318,0.8189541720041691,1.0,0.0
RANBP2,-0.22899249,-0.04225624,0.818874750545473,1.0,0.2857142857142857
KLHL20,-0.22909467,-0.20867382,0.818795330945152,1.0,0.13095238095238096
AL049828.1,-0.22923093,-1.1812197,0.8186894410368881,1.0,0.011904761904761904
RPL41,-0.22923093,-0.0038565013,0.8186894410368881,1.0,1.0
MRI1,-0.22926497,0.043367565,0.818662969076474,1.0,0.11904761904761904
HLA-DPA1,-0.22943528,-0.61101353,0.8185306123757694,1.0,0.03571428571428571
PAXIP1-AS1,-0.22946934,-0.9823868,0.8185041416561054,1.0,0.03571428571428571
SENP6,-0.22960559,-0.06834028,0.8183982608466752,1.0,0.4642857142857143
ANKDD1A,-0.22970778,-0.5689906,0.8183188524131044,1.0,0.023809523809523808
LHFPL5,-0.22970778,-0.5353625,0.8183188524131044,1.0,0.023809523809523808
SASS6,-0.22984402,-1.2676482,0.8182129774011726,1.0,0.023809523809523808
FUOM,-0.22984402,-0.10737097,0.8182129774011726,1.0,0.38095238095238093
ARL4A,-0.22987808,-0.09730354,0.8181865091661507,1.0,0.21428571428571427
SLC37A3,-0.22987808,-0.4479694,0.8181865091661507,1.0,0.10714285714285714
AHDC1,-0.23004839,-0.47506014,0.8180541711002611,1.0,0.07142857142857142
IRF9,-0.23025276,-0.13838685,0.8178953722653172,1.0,0.13095238095238096
RHBDF1,-0.23032087,-0.15703613,0.8178424409805254,1.0,0.10714285714285714
AC027644.3,-0.23045711,-0.12591767,0.8177365809026217,1.0,0.13095238095238096
LRCH3,-0.23049118,-0.24494866,0.8177101164024153,1.0,0.19047619047619047
GOLPH3,-0.2305593,-0.15516588,0.8176571880253298,1.0,0.16666666666666666
AC020659.1,-0.23086585,-1.7301729,0.8174190206190959,1.0,0.011904761904761904
SUCLG1,-0.23089992,-0.038641952,0.8173925586139998,1.0,0.47619047619047616
ARHGAP27,-0.23093398,-0.60200524,0.8173660968170187,1.0,0.023809523809523808
KAT7,-0.23093398,-0.15731795,0.8173660968170187,1.0,0.15476190476190477
VGLL4,-0.23107022,-0.055908717,0.817260251710823,1.0,0.2619047619047619
TXNDC16,-0.23107022,-0.63700676,0.817260251710823,1.0,0.047619047619047616
CABIN1,-0.23110428,-0.19509469,0.8172337909548516,1.0,0.20238095238095238
FANCE,-0.2311724,-1.81514,0.8171808700678054,1.0,0.011904761904761904
PIGW,-0.23120646,-0.92127234,0.8171544099367887,1.0,0.03571428571428571
RAPGEF6,-0.23127459,-0.19508088,0.8171014902999133,1.0,0.07142857142857142
JAG1,-0.2313427,-0.08389318,0.8170485714967758,1.0,0.35714285714285715
KAT14,-0.2314449,-0.41935453,0.8169691948558361,1.0,0.05952380952380952
ZNF658,-0.23147894,-1.0831934,0.8169427363926436,1.0,0.023809523809523808
BSCL2,-0.23154707,-0.10268345,0.8168898200921139,1.0,0.27380952380952384
CLCN4,-0.2316152,-0.51427615,0.8168369046262516,1.0,0.03571428571428571
AC010245.2,-0.23175144,-23.086874,0.816731076199459,1.0,0.0
IQCD,-0.23175144,-23.053303,0.816731076199459,1.0,0.0
AC007878.1,-0.23175144,-23.006975,0.816731076199459,1.0,0.0
MYRF,-0.23175144,-23.172222,0.816731076199459,1.0,0.0
LRRC24,-0.23175144,-23.134365,0.816731076199459,1.0,0.0
NEK10,-0.23175144,-23.176851,0.816731076199459,1.0,0.0
AL445222.1,-0.23175144,-23.12074,0.816731076199459,1.0,0.0
LINC01572,-0.23175144,-23.070765,0.816731076199459,1.0,0.0
NDUFA4L2,-0.23175144,-23.130556,0.816731076199459,1.0,0.0
AC087854.1,-0.23175144,-23.097342,0.816731076199459,1.0,0.0
ARMCX2,-0.2317855,-0.4674322,0.816704619614791,1.0,0.05952380952380952
PRKAB2,-0.23181956,-0.031968784,0.8166781632389932,1.0,0.09523809523809523
UBXN11,-0.23192175,-0.116837345,0.8165987953651117,1.0,0.03571428571428571
AC245407.2,-0.23205799,-1.1369127,0.8164929744592142,1.0,0.011904761904761904
GCN1,-0.23270515,-0.10358489,0.8159903708768239,1.0,0.11904761904761904
MT1X,-0.23273921,-0.12396652,0.8159639201514977,1.0,0.2857142857142857
UBN2,-0.23284139,-0.017570358,0.8158845692337342,1.0,0.14285714285714285
LY6G5C,-0.23290952,-0.5606335,0.8158316696706946,1.0,0.023809523809523808
C16orf74,-0.23297764,-0.1571354,0.8157787709469683,1.0,0.30952380952380953
PMEPA1,-0.23348856,-0.054705262,0.8153820572955571,1.0,0.2619047619047619
KLHL23,-0.23359074,-0.38990813,0.815302720240823,1.0,0.07142857142857142
NSL1,-0.2336248,-0.012776053,0.81527627497669,1.0,0.25
PDRG1,-0.23376104,-0.04905535,0.8151704960248236,1.0,0.19047619047619047
BBS1,-0.23389728,-0.41384453,0.8150647204418145,1.0,0.03571428571428571
COQ8B,-0.23393135,-0.69141513,0.8150382770726637,1.0,0.03571428571428571
ZDHHC21,-0.23403352,-0.0626147,0.8149589482295188,1.0,0.2619047619047619
PEG10,-0.23403352,-0.39275566,0.8149589482295188,1.0,0.03571428571428571
DOP1B,-0.23413572,-0.31660512,0.814879621283444,1.0,0.05952380952380952
ETV2,-0.23413572,-0.8535972,0.814879621283444,1.0,0.03571428571428571
GINS2,-0.23420383,-0.68728495,0.8148267377070421,1.0,0.023809523809523808
AL645568.1,-0.23420383,-1.8673602,0.8148267377070421,1.0,0.011904761904761904
ANGEL2,-0.23427196,-0.13640115,0.8147738549743623,1.0,0.15476190476190477
AC008149.2,-0.23434009,-0.8575771,0.8147209730856366,1.0,0.047619047619047616
NAT1,-0.23444226,-0.51487947,0.8146416518354695,1.0,0.011904761904761904
SPATA2L,-0.23461257,-23.1337,0.8145094539749141,1.0,0.0
AC090018.2,-0.23461257,-23.304674,0.8145094539749141,1.0,0.0
PCDHB5,-0.23461257,-23.223877,0.8145094539749141,1.0,0.0
AC009318.3,-0.23461257,-23.083927,0.8145094539749141,1.0,0.0
CNTD1,-0.23461257,-23.203043,0.8145094539749141,1.0,0.0
ATP1A1-AS1,-0.23461257,-23.245474,0.8145094539749141,1.0,0.0
NUDT3,-0.2346807,-0.08166526,0.8144565763094381,1.0,0.5357142857142857
HPCAL1,-0.23488505,-0.08077221,0.8142979483860109,1.0,0.5476190476190477
MEX3B,-0.23498724,-0.7362428,0.8142186372792949,1.0,0.011904761904761904
AC139887.2,-0.23508942,-0.2508086,0.8141393280769539,1.0,0.05952380952380952
MEIS2,-0.23522566,-0.016225904,0.8140335854375458,1.0,0.35714285714285715
RABIF,-0.23525973,0.039612453,0.8140071503071213,1.0,0.20238095238095238
SMTN,-0.2354641,-0.10773635,0.8138485439739984,1.0,0.23809523809523808
NDC1,-0.23549816,-0.16592021,0.8138221103269856,1.0,0.05952380952380952
NOC4L,-0.23556627,0.05519713,0.8137692436690841,1.0,0.05952380952380952
GASAL1,-0.23566847,-1.5079105,0.8136899452729772,1.0,0.011904761904761904
VSTM2L,-0.23573658,-1.5923083,0.8136370807364075,1.0,0.011904761904761904
GABPA,-0.23577064,-0.14966144,0.8136106487864601,1.0,0.14285714285714285
CHEK2,-0.2358047,-0.5794804,0.8135842170487759,1.0,0.03571428571428571
CDKN2B-AS1,-0.23583877,-0.9447431,0.8135577855233843,1.0,0.023809523809523808
SHISA5,-0.23611125,-0.017520057,0.8133463409662554,1.0,0.44047619047619047
CHSY1,-0.23617938,-0.073100194,0.8132934819519246,1.0,0.25
HSCB,-0.23621343,-0.24050643,0.8132670527636613,1.0,0.16666666666666666
LAMB2,-0.23621343,-0.09524731,0.8132670527636613,1.0,0.25
STYK1,-0.2362475,-1.177324,0.8132406237880379,1.0,0.023809523809523808
CTSO,-0.23631562,-0.5065277,0.8131877664748266,1.0,0.023809523809523808
PREB,-0.23634969,-0.39280954,0.8131613381372966,1.0,0.10714285714285714
PTHLH,-0.23634969,-0.21423717,0.8131613381372966,1.0,0.17857142857142858
ZSWIM7,-0.23651999,-0.07452589,0.8130291996415617,1.0,0.27380952380952384
RANBP9,-0.2365881,-0.35062712,0.8129763457333684,1.0,0.14285714285714285
UTP18,-0.2366903,-0.13726118,0.8128970664683381,1.0,0.32142857142857145
CRBN,-0.23692872,0.012222157,0.8127120889745326,1.0,0.2857142857142857
ST20-AS1,-0.23696278,-1.023873,0.8126856644710341,1.0,0.011904761904761904
S100A16,-0.23713309,-0.04798406,0.8125535451532704,1.0,0.9761904761904762
HDAC5,-0.23713309,-0.74454707,0.8125535451532704,1.0,0.03571428571428571
CFAP44,-0.23713309,-0.60742676,0.8125535451532704,1.0,0.011904761904761904
ACIN1,-0.23713309,-0.056478467,0.8125535451532704,1.0,0.36904761904761907
KRCC1,-0.23730339,-0.1124856,0.81242143117104,1.0,0.20238095238095238
PNMA2,-0.23733746,-0.4926303,0.8123950090151763,1.0,0.07142857142857142
IRAK2,-0.23737152,-1.1345931,0.8123685870729074,1.0,0.011904761904761904
CCDC134,-0.2374737,-23.14787,0.8122893225279595,1.0,0.0
GHRL,-0.2374737,-23.185555,0.8122893225279595,1.0,0.0
RAB20,-0.2374737,-23.148651,0.8122893225279595,1.0,0.0
AC105219.1,-0.2374737,-23.208942,0.8122893225279595,1.0,0.0
SLC10A7,-0.237644,-0.6057875,0.8121572192276441,1.0,0.03571428571428571
FLRT2,-0.23767807,-0.8014037,0.812130799209031,1.0,0.023809523809523808
ARSA,-0.23778024,-0.37819445,0.8120515404366124,1.0,0.05952380952380952
OGFOD2,-0.23784837,-0.5173702,0.8119987023248063,1.0,0.047619047619047616
MAX,-0.23808679,-0.09700937,0.811813775676908,1.0,0.2857142857142857
AGO1,-0.23846146,-0.20329249,0.8115231978714799,1.0,0.15476190476190477
RFTN1,-0.23856366,-0.1514906,0.8114439538830029,1.0,0.07142857142857142
AKR1A1,-0.23866583,-0.07196881,0.8113647118262484,1.0,0.4880952380952381
SERTAD2,-0.23907457,-0.08587112,0.8110477629320577,1.0,0.21428571428571427
RPS6KA1,-0.23907457,-1.2982478,0.8110477629320577,1.0,0.011904761904761904
GIN1,-0.23927893,-0.98434556,0.8108893000955808,1.0,0.03571428571428571
KIFC1,-0.23931299,-0.76640743,0.8108628903760151,1.0,0.023809523809523808
GET3,-0.23941518,-0.06407738,0.8107836625090623,1.0,0.32142857142857145
MPP3,-0.23944923,-1.7992224,0.8107572536507559,1.0,0.011904761904761904
ATG14,-0.2394833,0.001969948,0.8107308450078363,1.0,0.15476190476190477
SLC25A28,-0.23961954,-0.17962046,0.8106252125906053,1.0,0.10714285714285714
LRCH1,-0.23982391,-0.14045307,0.8104667704312778,1.0,0.07142857142857142
FGD5-AS1,-0.23989204,-0.10048332,0.8104139581034977,1.0,0.36904761904761907
ARMCX1,-0.23996015,-0.14163654,0.8103611466387672,1.0,0.10714285714285714
HTATIP2,-0.24023265,-0.07623155,0.8101499094149593,1.0,0.44047619047619047
VASH1,-0.24026671,-0.67418694,0.8101235057339101,1.0,0.023809523809523808
AC004130.2,-0.24026671,-0.7056182,0.8101235057339101,1.0,0.023809523809523808
MBTPS1,-0.24030076,-0.08018586,0.8100971022689407,1.0,0.2857142857142857
MYH15,-0.24033482,-23.166735,0.8100706990200801,1.0,0.0
HENMT1,-0.24033482,-23.146072,0.8100706990200801,1.0,0.0
AC004889.1,-0.24033482,-23.124136,0.8100706990200801,1.0,0.0
XYLB,-0.24040295,-1.0557142,0.8100178931708009,1.0,0.011904761904761904
SUMO4,-0.24064137,-1.4730321,0.8098330795099927,1.0,0.011904761904761904
ZNF33A,-0.24067543,-0.18873246,0.8098066784238074,1.0,0.14285714285714285
SDE2,-0.24074356,-0.2843608,0.8097538769007443,1.0,0.09523809523809523
INTS7,-0.24135666,-0.80080557,0.8092787021879838,1.0,0.03571428571428571
ADCY7,-0.24169727,-0.42037365,0.8090147466061284,1.0,0.07142857142857142
KCTD21,-0.2417654,-1.3220462,0.8089619580963333,1.0,0.011904761904761904
TELO2,-0.2417654,-0.14049143,0.8089619580963333,1.0,0.03571428571428571
AL035071.1,-0.24179944,-0.6611764,0.8089355641674452,1.0,0.03571428571428571
PMPCB,-0.24207194,-0.0617272,0.8087244205643718,1.0,0.39285714285714285
MT-CYB,-0.24248067,-0.013235097,0.808407731277414,1.0,1.0
SLC25A17,-0.24251473,0.17989892,0.8083813419195185,1.0,0.13095238095238096
RBM38,-0.2425488,0.06743126,0.8083549527796062,1.0,0.08333333333333333
KIAA1328,-0.24265097,-0.55689704,0.8082757866680577,1.0,0.023809523809523808
ENTPD7,-0.24299158,-0.47429812,0.80801191381034,1.0,0.05952380952380952
SYNE3,-0.24302565,-0.2746517,0.8079855277252196,1.0,0.11904761904761904
ZFP82,-0.24305971,-0.6136349,0.8079591418585147,1.0,0.011904761904761904
KLHDC1,-0.24319595,-23.198614,0.807853600576426,1.0,0.0
NALT1,-0.24319595,-23.269537,0.807853600576426,1.0,0.0
ZNF773,-0.24319595,-23.233236,0.807853600576426,1.0,0.0
RAPGEFL1,-0.24319595,-23.246578,0.807853600576426,1.0,0.0
PCDHB14,-0.24319595,-23.143429,0.807853600576426,1.0,0.0
CTSZ,-0.24319595,0.004509741,0.807853600576426,1.0,0.9880952380952381
ZNF287,-0.24323002,-1.1330097,0.8078272158022305,1.0,0.011904761904761904
SEMA6B,-0.24329814,-0.095929906,0.8077744469096332,1.0,0.14285714285714285
DCAF15,-0.24346845,-0.46542695,0.8076425285049469,1.0,0.03571428571428571
RNFT1,-0.24360469,-0.51910466,0.8075369977192426,1.0,0.08333333333333333
AC024075.1,-0.24363875,-2.1204803,0.8075106155700071,1.0,0.011904761904761904
ZNF449,-0.24370687,-0.55347335,0.8074578519283664,1.0,0.03571428571428571
GAR1,-0.2439453,-0.14109722,0.8072731860823646,1.0,0.2976190476190476
TUBGCP6,-0.24408154,-0.7476284,0.807167667563403,1.0,0.03571428571428571
DNHD1,-0.24476276,-0.9339142,0.8066401276393576,1.0,0.011904761904761904
ZSCAN5A,-0.24476276,-0.77236485,0.8066401276393576,1.0,0.023809523809523808
LMF1,-0.24496713,-0.54291457,0.8064818828025848,1.0,0.023809523809523808
RPS6KB1,-0.24496713,-0.059876177,0.8064818828025848,1.0,0.16666666666666666
PCOTH,-0.24520555,-0.46753666,0.8062972738393379,1.0,0.011904761904761904
UQCC3,-0.24534181,-0.06747211,0.8061917878482266,1.0,0.4166666666666667
EXOC8,-0.24564835,-0.60283375,0.8059544572628159,1.0,0.047619047619047616
CSRNP2,-0.24568242,-0.38611338,0.8059280883005426,1.0,0.05952380952380952
VRK2,-0.24575053,-0.10963452,0.8058753510380048,1.0,0.20238095238095238
USE1,-0.24575053,-0.054992925,0.8058753510380048,1.0,0.20238095238095238
OSBPL10-AS1,-0.24605708,-23.183369,0.805638044285415,1.0,0.0
AP002449.1,-0.24605708,-23.299208,0.805638044285415,1.0,0.0
DISP2,-0.24605708,-23.17594,0.805638044285415,1.0,0.0
MAP6D1,-0.24605708,-23.250301,0.805638044285415,1.0,0.0
IL1B,-0.24605708,-23.100628,0.805638044285415,1.0,0.0
CRTAC1,-0.24605708,-23.265007,0.805638044285415,1.0,0.0
TEF,-0.24605708,-23.237478,0.805638044285415,1.0,0.0
RAB24,-0.24605708,-23.242296,0.805638044285415,1.0,0.0
TRMT10C,-0.2461252,-0.052878056,0.8055853118815052,1.0,0.23809523809523808
PCDHGB7,-0.24649988,-1.5135484,0.8052952994700617,1.0,0.011904761904761904
HMMR,-0.246568,-0.20797417,0.8052425728171324,1.0,0.05952380952380952
DNAJB12,-0.24667019,-0.1384384,0.8051634844983631,1.0,0.17857142857142858
RAB6B,-0.24711297,-0.1150384,0.804820791495612,1.0,0.03571428571428571
DNPH1,-0.24711297,-0.037486006,0.804820791495612,1.0,0.6428571428571429
TMEM233,-0.24721517,-0.41107473,0.8047417138174771,1.0,0.07142857142857142
AHCTF1,-0.24724922,-0.07161932,0.8047153550352992,1.0,0.2619047619047619
ZNF566,-0.24731734,-0.3519823,0.8046626381369163,1.0,0.05952380952380952
CCDC127,-0.24735141,-0.00873434,0.8046362800207687,1.0,0.15476190476190477
SLCO2A1,-0.24762389,-1.2910224,0.8044254230884301,1.0,0.011904761904761904
AL359643.3,-0.24772607,-1.6928592,0.8043463554059171,1.0,0.011904761904761904
ZNF569,-0.2477942,-1.0109868,0.8042936447294435,1.0,0.011904761904761904
MBD6,-0.24786232,-0.319783,0.8042409349427329,1.0,0.07142857142857142
UBE2Q2,-0.24823698,-0.07409249,0.8039510470305902,1.0,0.27380952380952384
SIN3A,-0.24847542,-0.057928607,0.8037665869395334,1.0,0.11904761904761904
GSTP1,-0.24850948,-0.010896329,0.8037402363897823,1.0,0.9880952380952381
SUGP2,-0.2485776,-0.043710172,0.8036875359594383,1.0,0.35714285714285715
SDHAF1,-0.24861166,-0.13754654,0.8036611860789029,1.0,0.08333333333333333
IPO8,-0.24861166,-0.07056123,0.8036611860789029,1.0,0.19047619047619047
DMTF1,-0.24861166,-0.23788872,0.8036611860789029,1.0,0.14285714285714285
URB1-AS1,-0.24864572,-0.5690756,0.8036348364214966,1.0,0.047619047619047616
GDF11,-0.24867979,-0.19017275,0.8036084869872482,1.0,0.19047619047619047
RRM2,-0.24881603,-0.3457148,0.8035030914824073,1.0,0.05952380952380952
SEMA3E,-0.2489182,-23.153555,0.8034240471983397,1.0,0.0
NIPSNAP3B,-0.2489182,-23.284834,0.8034240471983397,1.0,0.0
AC002310.1,-0.2489182,-23.371685,0.8034240471983397,1.0,0.0
AL159169.2,-0.2489182,-23.202183,0.8034240471983397,1.0,0.0
LSR,-0.24895227,-2.010507,0.8033976995503869,1.0,0.011904761904761904
AL022238.2,-0.2491907,-0.5045345,0.8032132722719705,1.0,0.023809523809523808
RASSF2,-0.24932694,-0.16132498,0.8031078901746687,1.0,0.07142857142857142
NINJ1,-0.24953131,-0.086789,0.8029498237412294,1.0,0.25
MRPL52,-0.24987192,-0.014029205,0.8026863976008187,1.0,0.9047619047619048
USP1,-0.25000817,-0.19270927,0.8025810334203662,1.0,0.19047619047619047
ASCC3,-0.25024658,-0.060441263,0.8023966547413995,1.0,0.5952380952380952
MXD3,-0.2504169,-0.30464357,0.8022649624195717,1.0,0.03571428571428571
AGO2,-0.2506894,-0.10260568,0.8020542663878432,1.0,0.42857142857142855
KIAA0355,-0.25075752,-0.08964505,0.8020015946281113,1.0,0.3333333333333333
C1GALT1,-0.25075752,-0.28025487,0.8020015946281113,1.0,0.15476190476190477
CCDC112,-0.2511322,-0.337409,0.8017119160385493,1.0,0.17857142857142858
WDR78,-0.2511322,-0.63187265,0.8017119160385493,1.0,0.011904761904761904
SLC30A9,-0.25116625,-0.16187711,0.8016855829722407,1.0,0.25
ADAM12,-0.2512003,-0.66843766,0.8016592501312103,1.0,0.03571428571428571
ZSCAN32,-0.25123435,-0.46539044,0.8016329175154865,1.0,0.03571428571428571
GPAT2,-0.25126842,-0.58431226,0.8016065851250981,1.0,0.047619047619047616
HMGN4,-0.25130248,-0.0034822596,0.8015802529600737,1.0,0.36904761904761907
USP37,-0.25150687,-0.46243602,0.8014222647041731,1.0,0.047619047619047616
WDR1,-0.25150687,-0.0455849,0.8014222647041731,1.0,0.6785714285714286
SHB,-0.2516431,-0.36261576,0.8013169437111437,1.0,0.08333333333333333
VANGL1,-0.25171122,-0.28209803,0.8012642845685871,1.0,0.07142857142857142
VASH2,-0.25177935,-23.320309,0.8012116263289742,1.0,0.0
UNC5B,-0.25177935,-23.23435,0.8012116263289742,1.0,0.0
Z68871.1,-0.25177935,-23.240622,0.8012116263289742,1.0,0.0
RTKN,-0.25177935,-23.336876,0.8012116263289742,1.0,0.0
UGCG,-0.2518815,-0.03833721,0.8011326406630757,1.0,0.2619047619047619
UBE2D1,-0.25194964,-0.115197726,0.8010799846818238,1.0,0.2857142857142857
TMEM150C,-0.25205183,-0.64133716,0.8010010024045395,1.0,0.05952380952380952
MFNG,-0.2521881,-0.059173487,0.8008956958659358,1.0,0.3333333333333333
SELENOM,-0.2521881,-0.05028278,0.8008956958659358,1.0,0.5833333333333334
FARSA,-0.25222212,-0.23356393,0.8008693697965544,1.0,0.23809523809523808
C1orf21,-0.2525287,-0.077750444,0.8006324453529814,1.0,0.20238095238095238
EPHB2,-0.2525968,-0.11102583,0.8005797979665444,1.0,0.23809523809523808
NABP1,-0.25283524,-0.08321389,0.8003955392496231,1.0,0.20238095238095238
MT1E,-0.2530396,-0.22240533,0.8002376120466846,1.0,0.27380952380952384
NRSN2-AS1,-0.25320992,-0.3486334,0.8001060122823821,1.0,0.08333333333333333
AREL1,-0.2533802,-0.3818459,0.799974418192932,1.0,0.07142857142857142
TSPAN8,-0.25355053,-0.26262382,0.7998428297819062,1.0,0.08333333333333333
ZNF622,-0.25368676,-0.05653812,0.7997375631439512,1.0,0.21428571428571427
CSKMT,-0.25372082,-0.18452384,0.7997112470528762,1.0,0.25
HSPBAP1,-0.25395924,-0.54826176,0.799527040784786,1.0,0.03571428571428571
SBNO2,-0.25406143,-0.31840461,0.7994480986550865,1.0,0.05952380952380952
MAP2K7,-0.25406143,-0.36327043,0.7994480986550865,1.0,0.14285714285714285
EEF2KMT,-0.25416362,-0.39066836,0.7993691585747615,1.0,0.14285714285714285
TMEM147,-0.2542658,-0.031233488,0.7992902205445821,1.0,0.7380952380952381
ABITRAM,-0.2543339,-0.30527508,0.7992375963304797,1.0,0.05952380952380952
CNTRL,-0.25436798,-0.31401962,0.7992112845653193,1.0,0.08333333333333333
ANG,-0.25436798,-0.4390529,0.7992112845653193,1.0,0.023809523809523808
ANKMY1,-0.25464046,-23.315037,0.7990007986531835,1.0,0.0
GPRASP1,-0.25464046,-23.206903,0.7990007986531835,1.0,0.0
AC009630.1,-0.25464046,-23.284508,0.7990007986531835,1.0,0.0
ZNF595,-0.25464046,-23.26985,0.7990007986531835,1.0,0.0
PPP1R3F,-0.25464046,-23.330713,0.7990007986531835,1.0,0.0
TTC30B,-0.25464046,-23.214712,0.7990007986531835,1.0,0.0
ITFG2-AS1,-0.25464046,-23.356895,0.7990007986531835,1.0,0.0
SVOP,-0.25464046,-23.228802,0.7990007986531835,1.0,0.0
ZNF267,-0.25464046,0.0030542943,0.7990007986531835,1.0,0.07142857142857142
PLCG1-AS1,-0.25464046,-23.274078,0.7990007986531835,1.0,0.0
KRT7,-0.2548789,-0.23495378,0.7988166354597315,1.0,0.03571428571428571
AC139768.1,-0.25508326,-2.1860967,0.7986587902008884,1.0,0.011904761904761904
CNIH3,-0.25525358,-0.29459304,0.7985272587704523,1.0,0.023809523809523808
GATD3B,-0.25525358,-1.0133283,0.7985272587704523,1.0,0.023809523809523808
ATG9A,-0.2553898,0.035652544,0.7984220377426637,1.0,0.17857142857142858
PTPN4,-0.25545794,-0.4204282,0.798369428601584,1.0,0.11904761904761904
MN1,-0.25552607,-1.6485866,0.7983168203760183,1.0,0.011904761904761904
ACAP3,-0.25562823,-1.3133954,0.7982379097547574,1.0,0.023809523809523808
USP4,-0.25573042,-0.15146966,0.7981590011946863,1.0,0.2619047619047619
ADAMTSL1,-0.25579855,-0.66975665,0.7981063966334582,1.0,0.023809523809523808
PELI1,-0.2559348,0.06578221,0.7980011902611943,1.0,0.14285714285714285
CEACAM1,-0.2560029,-1.6206539,0.797948588450615,1.0,0.011904761904761904
ZBTB38,-0.25617322,-0.06535658,0.7978170879380244,1.0,0.42857142857142855
WASHC1,-0.2563435,-0.18893503,0.7976855931623675,1.0,0.16666666666666666
TCTA,-0.25637758,-0.32253054,0.7976592948959819,1.0,0.05952380952380952
KIF13B,-0.25641164,-0.032154445,0.7976329968592445,1.0,0.27380952380952384
WDFY3-AS2,-0.25647977,-1.7010733,0.7975804014748291,1.0,0.011904761904761904
NUDT5,-0.25682038,-0.01390677,0.7973174383413458,1.0,0.5119047619047619
APOBEC3F,-0.257161,-0.96639013,0.7970544982097505,1.0,0.047619047619047616
RNF115,-0.25719506,-0.03723239,0.7970282054627917,1.0,0.40476190476190477
PYCR2,-0.25736535,-0.19082637,0.7968967451835518,1.0,0.17857142857142858
CACNB1,-0.25746754,-1.4654796,0.7968178717814763,1.0,0.011904761904761904
TSPAN33,-0.2575016,-23.29928,0.7967915811085335,1.0,0.0
RHPN1,-0.2575016,-23.301565,0.7967915811085335,1.0,0.0
AL021707.2,-0.2575016,-23.276564,0.7967915811085335,1.0,0.0
METTL15,-0.25753567,-0.06788681,0.7967652906661792,1.0,0.15476190476190477
CLMP,-0.25763783,-0.060381874,0.7966864207229329,1.0,0.17857142857142858
MED16,-0.2581147,0.06795453,0.7963183884538078,1.0,0.13095238095238096
CAT,-0.25852343,-0.068902574,0.7960029682719394,1.0,0.2619047619047619
RPS6,-0.25893217,-0.0068589956,0.7956875814178075,1.0,1.0
EFTUD2,-0.25903434,-0.042768657,0.7956087399174949,1.0,0.32142857142857145
PIGBOS1,-0.2590684,-0.2025397,0.7955824598810914,1.0,0.21428571428571427
NAB1,-0.25930685,-0.25823164,0.7953985061209989,1.0,0.11904761904761904
ITGA2,-0.25947714,-0.06275551,0.7952671175404132,1.0,0.5238095238095238
EPOR,-0.25947714,-0.2543105,0.7952671175404132,1.0,0.03571428571428571
FAM43A,-0.25957933,-0.04129321,0.795188287178703,1.0,0.6309523809523809
MFSD14A,-0.25964746,-0.083788395,0.795135734765804,1.0,0.2619047619047619
RTEL1,-0.25981775,-0.4963074,0.7950043578007251,1.0,0.023809523809523808
DRC3,-0.259954,-1.4425865,0.7948992604139117,1.0,0.011904761904761904
MIGA1,-0.2601243,-0.07598407,0.7947678939149414,1.0,0.2619047619047619
TBX19,-0.2603627,-23.340054,0.7945839905939026,1.0,0.0
KIF16B,-0.2603627,-23.34636,0.7945839905939026,1.0,0.0
RHEBL1,-0.2603627,-23.21254,0.7945839905939026,1.0,0.0
AC027031.2,-0.26077145,-0.12944928,0.7942687543227314,1.0,0.14285714285714285
C11orf80,-0.26077145,-0.56211567,0.7942687543227314,1.0,0.023809523809523808
NDUFS4,-0.26083958,-0.08223795,0.7942162182093424,1.0,0.5357142857142857
GATB,-0.26097584,-0.2864063,0.7941111487833006,1.0,0.09523809523809523
SPC24,-0.26097584,-0.99392474,0.7941111487833006,1.0,0.03571428571428571
CCDC9,-0.26111206,-0.9829624,0.7940060830930883,1.0,0.023809523809523808
CCDC9B,-0.26131645,-0.4018671,0.7938484915664256,1.0,0.03571428571428571
Z93930.2,-0.26145267,-0.37140778,0.7937434352237377,1.0,0.047619047619047616
ZFP30,-0.26165706,-1.711453,0.7935858577268786,1.0,0.011904761904761904
KLC2,-0.26165706,-0.7533678,0.7935858577268786,1.0,0.047619047619047616
SCML1,-0.26172516,-1.7880605,0.7935333337667467,1.0,0.011904761904761904
PRTFDC1,-0.2617933,-1.0252082,0.7934808107430704,1.0,0.011904761904761904
LARS2,-0.26230422,-0.62003314,0.793086917937937,1.0,0.03571428571428571
GINS1,-0.2624745,-0.5147094,0.7929556320613107,1.0,0.03571428571428571
NAIP,-0.26250857,-0.55303925,0.7929293755900864,1.0,0.05952380952380952
PHF6,-0.26261076,-0.121282846,0.7928506075851252,1.0,0.39285714285714285
TARDBP,-0.26278105,-0.06452743,0.7927193322742656,1.0,0.36904761904761907
PMP22,-0.26298544,-0.029985664,0.7925618096563259,1.0,0.8690476190476191
WDR92,-0.26315573,-0.19781135,0.7924305472747778,1.0,0.11904761904761904
AL035681.1,-0.26322386,-23.359459,0.7923780439690964,1.0,0.0
FAM185A,-0.26322386,-23.336473,0.7923780439690964,1.0,0.0
AL160006.1,-0.26322386,-23.248226,0.7923780439690964,1.0,0.0
TAF6L,-0.2633601,-0.5639811,0.7922730401823033,1.0,0.023809523809523808
NPPC,-0.26356447,-0.51174843,0.7921155415669381,1.0,0.023809523809523808
TMEM98,-0.26356447,0.050482053,0.7921155415669381,1.0,0.17857142857142858
RMI1,-0.2636326,-1.1385555,0.7920630439133433,1.0,0.023809523809523808
GPATCH4,-0.26417756,-0.024105832,0.7916430966447088,1.0,0.39285714285714285
GRB2,-0.26434788,-0.08547361,0.7915118755159581,1.0,0.42857142857142855
SRSF8,-0.26434788,-0.088810734,0.7915118755159581,1.0,0.21428571428571427
DDOST,-0.2645863,-0.08191065,0.7913281758609683,1.0,0.6071428571428571
AL450326.1,-0.2645863,-0.8742293,0.7913281758609683,1.0,0.023809523809523808
MAMSTR,-0.2646885,-1.6153241,0.7912494509842609,1.0,0.011904761904761904
LGALS8,-0.26499504,-0.22865823,0.7910132891325166,1.0,0.16666666666666666
ZNF337,-0.26499504,-0.18879391,0.7910132891325166,1.0,0.11904761904761904
HACD2,-0.26506317,-0.38075098,0.7909608113254737,1.0,0.13095238095238096
GBE1,-0.26513126,-0.106892645,0.7909083344659965,1.0,0.2619047619047619
MIB1,-0.26523346,-0.10623948,0.7908296209539613,1.0,0.4523809523809524
H3F3A,-0.2654378,-0.020890413,0.7906722003305426,1.0,0.9880952380952381
IGFBP7,-0.26547188,-0.048698824,0.7906459643900171,1.0,0.9404761904761905
GAMT,-0.26567626,-0.15597256,0.790488553729704,1.0,0.13095238095238096
CEP89,-0.26601687,-0.14799851,0.7902262216242542,1.0,0.16666666666666666
ZNF790-AS1,-0.266085,-23.321114,0.7901737580544614,1.0,0.0
KCNMB2-AS1,-0.266085,-23.328295,0.7901737580544614,1.0,0.0
AL139317.3,-0.266085,-23.363981,0.7901737580544614,1.0,0.0
RAN,-0.26632342,0.013819684,0.7899901430504843,1.0,0.9880952380952381
FES,-0.26656184,-0.3835383,0.7898065397054694,1.0,0.07142857142857142
SCAF8,-0.26676622,-0.36940822,0.7896491746966748,1.0,0.07142857142857142
NRBP1,-0.26676622,-0.084287316,0.7896491746966748,1.0,0.5238095238095238
DNAAF2,-0.26683432,-0.05881943,0.7895967215998857,1.0,0.10714285714285714
FBN1,-0.26690245,-0.06669963,0.7895442694565444,1.0,0.5238095238095238
MCUB,-0.26717493,-0.19787364,0.7893344704221813,1.0,0.2857142857142857
MFSD8,-0.26727712,-0.3169199,0.7892557997211535,1.0,0.08333333333333333
SLC43A3,-0.2673112,-0.34989637,0.7892295766315651,1.0,0.07142857142857142
PRKD1,-0.2673112,-0.9113328,0.7892295766315651,1.0,0.023809523809523808
PSMG3-AS1,-0.2673112,-1.0170671,0.7892295766315651,1.0,0.011904761904761904
AKAP10,-0.26758367,-0.33265913,0.7890198005125038,1.0,0.09523809523809523
PACSIN2,-0.2676518,-0.05488876,0.788967358872009,1.0,0.4166666666666667
PRPF31,-0.26771992,-0.10429739,0.788914918187674,1.0,0.32142857142857145
COQ10B,-0.26778805,-0.018515693,0.7888624784597252,1.0,0.30952380952380953
KCTD2,-0.26785615,-0.4701964,0.7888100396883883,1.0,0.047619047619047616
ZNF778,-0.26812866,-0.45176095,0.7886002941736769,1.0,0.047619047619047616
TCF25,-0.2681627,-0.03968664,0.7885740770615005,1.0,0.7619047619047619
INAFM2,-0.26846927,-0.60233706,0.7883381338311587,1.0,0.07142857142857142
EIF3I,-0.26857144,-0.05181301,0.7882594904016114,1.0,0.75
NUDT9,-0.26863956,0.09377627,0.7882070626475439,1.0,0.23809523809523808
MATN3,-0.26874176,-0.30506963,0.7881284228154533,1.0,0.09523809523809523
NOP14-AS1,-0.2689461,-23.334797,0.7879711496305027,1.0,0.0
KIF18B,-0.2689461,-23.379517,0.7879711496305027,1.0,0.0
BRIP1,-0.2689461,-23.366982,0.7879711496305027,1.0,0.0
WDR62,-0.2689461,-23.290802,0.7879711496305027,1.0,0.0
CYB561D1,-0.26918453,-1.5322669,0.7877876751736104,1.0,0.011904761904761904
SMARCA2,-0.26925266,-0.19858451,0.7877352560625798,1.0,0.23809523809523808
ARRDC1-AS1,-0.26928672,-0.16347714,0.7877090468676,1.0,0.08333333333333333
SDC3,-0.2693208,-0.165061,0.7876828379130149,1.0,0.15476190476190477
CCNE2,-0.26935485,-2.1531243,0.7876566291988525,1.0,0.011904761904761904
FBXO4,-0.2697636,-0.09578483,0.78734214339215,1.0,0.07142857142857142
PICSAR,-0.2697636,-0.11732029,0.78734214339215,1.0,0.23809523809523808
KIFC3,-0.26993388,-0.19905484,0.7872111178701101,1.0,0.13095238095238096
SRA1,-0.27003607,0.04176212,0.7871325054478244,1.0,0.39285714285714285
ABCC1,-0.27034262,0.08791427,0.7868966811988141,1.0,0.27380952380952384
ZNF124,-0.27034262,-0.47831434,0.7868966811988141,1.0,0.05952380952380952
JARID2,-0.2705129,-0.1632041,0.7867656761702239,1.0,0.14285714285714285
PDCD11,-0.2705129,-0.09529298,0.7867656761702239,1.0,0.32142857142857145
GHITM,-0.27054697,-0.07685771,0.7867394758886213,1.0,0.6428571428571429
NAE1,-0.2706151,-0.041948684,0.7866870760497569,1.0,0.34523809523809523
TNFRSF19,-0.2707173,-0.21094747,0.7866084781027345,1.0,0.21428571428571427
AL139330.1,-0.27078542,-0.8784515,0.7865560806792313,1.0,0.023809523809523808
ANKEF1,-0.27102384,-1.0666558,0.7863726973099423,1.0,0.011904761904761904
GNA13,-0.27102384,-0.14563653,0.7863726973099423,1.0,0.14285714285714285
MAGI3,-0.27136445,-0.3342039,0.7861107416262015,1.0,0.08333333333333333
ATP5MG,-0.27163693,0.006620469,0.785901194510023,1.0,0.9761904761904762
AL078459.1,-0.27180725,-23.42813,0.7857702354375011,1.0,0.0
DLEU2L,-0.27180725,-23.377209,0.7857702354375011,1.0,0.0
SYTL3,-0.27194348,-0.51609915,0.7856654725439425,1.0,0.023809523809523808
REXO1,-0.27194348,-0.14603125,0.7856654725439425,1.0,0.11904761904761904
FAM53B,-0.27207974,-0.21153091,0.7855607135318537,1.0,0.023809523809523808
WDR4,-0.27235222,-0.22793198,0.7853512071592886,1.0,0.08333333333333333
AHI1,-0.27235222,-0.01614836,0.7853512071592886,1.0,0.21428571428571427
FEM1A,-0.27255657,-0.26889127,0.7851940875821147,1.0,0.07142857142857142
TYW3,-0.2727269,-0.12003201,0.7850631612860796,1.0,0.35714285714285715
CUEDC1,-0.27310157,-0.32054508,0.784775144844767,1.0,0.05952380952380952
REEP2,-0.27320376,-0.56333005,0.7846966000191624,1.0,0.03571428571428571
CDK5RAP3,-0.27340811,-0.10764864,0.7845395169467873,1.0,0.15476190476190477
CEP131,-0.27364653,-0.39505205,0.7843562644557227,1.0,0.023809523809523808
ZNF776,-0.27385092,-1.1961457,0.7841992004074989,1.0,0.011904761904761904
CDC42-IT1,-0.27398714,-1.6976343,0.7840944959249676,1.0,0.011904761904761904
OPHN1,-0.27415746,-0.76875687,0.7839636208182836,1.0,0.011904761904761904
VPS35L,-0.27449808,-0.25364706,0.783701888939857,1.0,0.17857142857142858
XAB2,-0.27449808,-0.6774654,0.783701888939857,1.0,0.08333333333333333
STAM2,-0.2746343,-0.09301672,0.7835972030385105,1.0,0.11904761904761904
CAHM,-0.27466837,-23.332884,0.7835710321751341,1.0,0.0
AC132192.1,-0.27466837,-23.37932,0.7835710321751341,1.0,0.0
ITCH,-0.27466837,-0.033746786,0.7835710321751341,1.0,0.34523809523809523
AC009093.2,-0.27466837,-23.440098,0.7835710321751341,1.0,0.0
AC005072.1,-0.27466837,-23.350197,0.7835710321751341,1.0,0.0
AC008079.1,-0.27466837,-23.493313,0.7835710321751341,1.0,0.0
EEF1AKMT4,-0.27480462,-0.7640421,0.7834663511703119,1.0,0.023809523809523808
AKAP9,-0.27480462,-0.044871386,0.7834663511703119,1.0,0.5595238095238095
SLC25A40,-0.27480462,-0.59937894,0.7834663511703119,1.0,0.047619047619047616
POM121C,-0.27494085,-0.18538977,0.78336167408473,1.0,0.17857142857142858
MED17,-0.27504304,-0.1164594,0.7832831688436257,1.0,0.15476190476190477
C1orf53,-0.2750771,-0.31205386,0.7832570009201847,1.0,0.09523809523809523
RBL2,-0.27511117,-0.14243434,0.7832308332419209,1.0,0.16666666666666666
TTF1,-0.27528146,-0.015530178,0.7830999985292394,1.0,0.16666666666666666
MAP1B,-0.27531552,-0.030976223,0.7830738323226271,1.0,0.9047619047619048
NATD1,-0.27531552,-1.6361336,0.7830738323226271,1.0,0.011904761904761904
LNX2,-0.27562207,-0.59403825,0.782838347508288,1.0,0.03571428571428571
CAMK1D,-0.276133,-1.7063509,0.7824459170404842,1.0,0.011904761904761904
GTF2H3,-0.27633736,-0.108292624,0.782288960348996,1.0,0.32142857142857145
PQBP1,-0.27640548,-0.08627861,0.7822366434212522,1.0,0.2261904761904762
ENKD1,-0.27654174,-0.27522287,0.7821320125212388,1.0,0.08333333333333333
CYP51A1,-0.2766439,-0.027155679,0.7820535419331512,1.0,0.8095238095238095
AC007009.1,-0.27678016,-1.6261356,0.7819489179330366,1.0,0.023809523809523808
RCC1,-0.2770867,-0.38557398,0.7817135283603863,1.0,0.08333333333333333
CYB5D1,-0.27739325,-1.4165354,0.781478158781065,1.0,0.023809523809523808
FBF1,-0.27742732,-1.9228591,0.781452007840628,1.0,0.011904761904761904
SFT2D3,-0.2775295,-0.47861585,0.7813735565020967,1.0,0.047619047619047616
APBB3,-0.2775295,-23.326328,0.7813735565020967,1.0,0.0
AC068473.5,-0.2775295,-23.424145,0.7813735565020967,1.0,0.0
GRK3,-0.2775295,-23.407736,0.7813735565020967,1.0,0.0
TMSB15B,-0.2775295,-23.36897,0.7813735565020967,1.0,0.0
RAPGEF4,-0.27759764,-1.525921,0.7813212568456722,1.0,0.011904761904761904
PRRC2C,-0.277802,-0.06276508,0.7811643638113269,1.0,0.8333333333333334
PCGF3,-0.27787012,-0.058159173,0.7811120681122675,1.0,0.19047619047619047
FAM215B,-0.27787012,-1.6014785,0.7811120681122675,1.0,0.011904761904761904
NSUN2,-0.27790418,-0.34794846,0.7810859206339368,1.0,0.13095238095238096
MIR99AHG,-0.27797228,-0.08504135,0.7810336264198132,1.0,0.3333333333333333
NUSAP1,-0.27800635,-0.122552246,0.7810074796840762,1.0,0.14285714285714285
YTHDC2,-0.27834696,0.07344113,0.7807460259486237,1.0,0.20238095238095238
HIST1H2BH,-0.27855134,-1.6405623,0.7805891656031824,1.0,0.011904761904761904
TAF5,-0.27861947,-1.0502619,0.78053688080535,1.0,0.011904761904761904
HOXB5,-0.27878976,-0.55772156,0.78040617315285,1.0,0.03571428571428571
RIC1,-0.27889195,-0.29778725,0.7803277515398956,1.0,0.09523809523809523
MED15,-0.2789941,-0.25424454,0.7802493321617736,1.0,0.16666666666666666
PPP4R3B,-0.27902818,-0.18044025,0.7802231928658262,1.0,0.23809523809523808
MESD,-0.27906224,-0.061039925,0.7801970538183053,1.0,0.6547619047619048
RCHY1,-0.2797094,-0.027888741,0.7797004591536435,1.0,0.13095238095238096
DDX39B,-0.27974346,-0.030189225,0.7796743250805253,1.0,0.4880952380952381
USP46,-0.2799819,0.043948773,0.7794913935426444,1.0,0.19047619047619047
LY6G5B,-0.2799819,-0.6640169,0.7794913935426444,1.0,0.023809523809523808
SLC7A2,-0.28018627,-0.2586146,0.7793346048004005,1.0,0.16666666666666666
SPATA1,-0.28039062,-23.442154,0.7791778250357241,1.0,0.0
LINC01089,-0.28039062,-0.6906924,0.7791778250357241,1.0,0.03571428571428571
AC017002.3,-0.28039062,-23.459875,0.7791778250357241,1.0,0.0
WFS1,-0.28062907,-0.25784522,0.778994926664965,1.0,0.14285714285714285
EIF5A2,-0.28117403,-0.33181515,0.778576919213652,1.0,0.09523809523809523
EEF1A1,-0.28117403,-0.005459965,0.778576919213652,1.0,1.0
TLNRD1,-0.2812081,0.0052527823,0.7785507958733452,1.0,0.27380952380952384
IFNGR1,-0.2813103,-0.17716347,0.7784724273538236,1.0,0.17857142857142858
PHF2,-0.28148058,-0.5377941,0.7783418181609587,1.0,0.07142857142857142
ARHGAP42,-0.28151464,-1.7285906,0.7783156970735876,1.0,0.011904761904761904
CANT1,-0.281719,-0.24788737,0.7781589758101175,1.0,0.20238095238095238
TMEM181,-0.2818212,-0.11575732,0.7780806185615529,1.0,0.36904761904761907
NFATC1,-0.2821618,-0.6045676,0.7778194440338275,1.0,0.023809523809523808
AC090559.2,-0.2821618,-0.63906336,0.7778194440338275,1.0,0.011904761904761904
PEX5,-0.28229806,-0.9828543,0.7777149812490558,1.0,0.023809523809523808
SH3BP2,-0.28243428,-0.10408329,0.7776105224820002,1.0,0.21428571428571427
RWDD2B,-0.2828771,-0.16859719,0.7772710592579863,1.0,0.14285714285714285
WDR46,-0.28308144,-0.010252867,0.7771143982602446,1.0,0.21428571428571427
SLC29A4,-0.28325176,-23.416796,0.7769838543516174,1.0,0.0
SEC24B-AS1,-0.28325176,-23.437624,0.7769838543516174,1.0,0.0
WDR81,-0.28325176,-23.308245,0.7769838543516174,1.0,0.0
ZNF554,-0.28325176,-23.433098,0.7769838543516174,1.0,0.0
AL162586.2,-0.28325176,-23.509975,0.7769838543516174,1.0,0.0
FNDC10,-0.2833199,-1.5714728,0.7769316385511851,1.0,0.011904761904761904
SLC48A1,-0.2833199,-0.36730173,0.7769316385511851,1.0,0.09523809523809523
CCDC15,-0.28335395,-1.3250453,0.77690553102887,1.0,0.011904761904761904
NEU1,-0.283388,-0.17682189,0.7768794237585261,1.0,0.2619047619047619
ERG,-0.28342205,-0.07530333,0.7768533167401814,1.0,0.2976190476190476
AL592183.1,-0.2836605,-0.5706147,0.7766705746700826,1.0,0.023809523809523808
MED8,-0.28369457,-0.0865636,0.7766444696687332,1.0,0.2619047619047619
GOPC,-0.28379673,-0.017682133,0.7765661561782953,1.0,0.2857142857142857
BRF2,-0.28379673,-0.2579067,0.7765661561782953,1.0,0.03571428571428571
TMEM9B-AS1,-0.28386486,-0.27034298,0.77651394844629,1.0,0.03571428571428571
RBM47,-0.28440982,-1.0779045,0.7760963229529705,1.0,0.011904761904761904
WDR45,-0.28492075,-0.15172109,0.7757048578348159,1.0,0.14285714285714285
MAPK3,-0.2851251,-0.083979465,0.7755482877371553,1.0,0.3333333333333333
MTBP,-0.28536355,-1.9649794,0.775365634154187,1.0,0.011904761904761904
AC012360.3,-0.28543165,-0.4706243,0.7753134496982987,1.0,0.023809523809523808
UQCC1,-0.2855679,-0.12512374,0.7752090838307711,1.0,0.15476190476190477
B3GALT6,-0.28577226,-0.050700266,0.7750525426434391,1.0,0.21428571428571427
ZSCAN16,-0.28611287,-23.474527,0.7747916609832695,1.0,0.0
AP001372.2,-0.28611287,-23.455845,0.7747916609832695,1.0,0.0
KITLG,-0.286181,-0.5521253,0.7747394877010441,1.0,0.047619047619047616
INPP4A,-0.28635132,-0.2133745,0.7746090589458738,1.0,0.11904761904761904
KIAA0513,-0.2865216,-0.8584481,0.7744786365511864,1.0,0.023809523809523808
GRN,-0.2866238,-0.086677186,0.7744003861688501,1.0,0.7023809523809523
TRMT2B,-0.28686222,-0.5281609,0.7742178108571487,1.0,0.05952380952380952
AC132872.1,-0.28699848,-2.2619889,0.7741134877133846,1.0,0.011904761904761904
H1F0,-0.28720284,-0.32722324,0.773957010646704,1.0,0.14285714285714285
HECTD1,-0.2872369,-0.10032098,0.773930932028326,1.0,0.5119047619047619
HSPA8,-0.2873391,-0.063357234,0.7738526977041514,1.0,0.9404761904761905
CCP110,-0.28740722,-0.026284698,0.7738005427641117,1.0,0.16666666666666666
SH3BP5L,-0.28744128,-0.13270338,0.7737744656769983,1.0,0.03571428571428571
VPS9D1-AS1,-0.28747532,-0.30325723,0.7737483888451926,1.0,0.047619047619047616
PCAT6,-0.28750938,-1.6618778,0.7737223122687226,1.0,0.011904761904761904
PFDN1,-0.28774783,-0.120161496,0.7735397833851612,1.0,0.4523809523809524
YIPF2,-0.28791812,-0.11418157,0.7734094132773623,1.0,0.19047619047619047
SLC52A2,-0.2885312,-0.13487296,0.7729401338433095,1.0,0.2857142857142857
SLC39A3,-0.28876966,-0.11213124,0.7727576586938358,1.0,0.19047619047619047
SERTAD1,-0.28883776,0.004009579,0.7727055252439341,1.0,0.14285714285714285
OSMR-AS1,-0.28897402,-23.425678,0.7726012614216928,1.0,0.0
SPATA17,-0.28897402,-23.507217,0.7726012614216928,1.0,0.0
SYT15,-0.28897402,-23.48986,0.7726012614216928,1.0,0.0
AC002553.1,-0.28897402,-23.505379,0.7726012614216928,1.0,0.0
UTP23,-0.28921244,-0.11027481,0.7724188096112403,1.0,0.23809523809523808
ZFP62,-0.28941682,0.33294678,0.7722624323580237,1.0,0.03571428571428571
UBA3,-0.28955305,-0.06863818,0.7721581859938326,1.0,0.20238095238095238
MOGS,-0.28965524,-0.020309132,0.7720800039193751,1.0,0.16666666666666666
STIM2,-0.2896893,-0.27368915,0.7720539437420725,1.0,0.14285714285714285
AC104794.3,-0.28972337,-1.4012713,0.7720278838219076,1.0,0.023809523809523808
DACH1,-0.2897915,-0.084882796,0.7719757647531017,1.0,0.07142857142857142
IMPACT,-0.2898596,-0.12992842,0.7719236467131791,1.0,0.2857142857142857
UTP6,-0.28989366,-0.10079764,0.7718975880791182,1.0,0.2261904761904762
TMEM45A,-0.2900299,-0.76413274,0.7717933561161907,1.0,0.03571428571428571
CAMKMT,-0.29009804,-0.4641693,0.7717412416791041,1.0,0.05952380952380952
PABPC4,-0.29016614,-0.058134302,0.7716891282718976,1.0,0.7023809523809523
PARP2,-0.29026833,-0.106381774,0.7716109600925976,1.0,0.09523809523809523
SOBP,-0.29033646,-0.10062421,0.7715588492610603,1.0,0.16666666666666666
ZSCAN29,-0.29033646,-1.1301287,0.7715588492610603,1.0,0.011904761904761904
EXOC7,-0.29037052,-0.15179648,0.7715327942317737,1.0,0.21428571428571427
MGAT5,-0.29060894,-0.041396756,0.7713504162436781,1.0,0.21428571428571427
PLXNA1,-0.2907452,-0.23788989,0.7712462059233466,1.0,0.05952380952380952
SLC7A1,-0.2907452,-0.061614066,0.7712462059233466,1.0,0.23809523809523808
LEMD2,-0.29081333,-0.5315739,0.7711941023110456,1.0,0.08333333333333333
UGDH,-0.2909155,-0.085459426,0.7711159488280477,1.0,0.42857142857142855
MSANTD2,-0.2910858,-0.23416643,0.7709856981861047,1.0,0.08333333333333333
CCDC71,-0.29111987,-0.84609914,0.7709596488324231,1.0,0.011904761904761904
TRAPPC2,-0.29115394,-0.4293234,0.7709335997370418,1.0,0.11904761904761904
VAPB,-0.2913583,-0.0816238,0.7707773105906072,1.0,0.34523809523809523
CNEP1R1,-0.29139236,-0.21518256,0.7707512633041017,1.0,0.08333333333333333
EIF4ENIF1,-0.29146048,0.02459832,0.7706991695066829,1.0,0.10714285714285714
ANAPC4,-0.2916989,-0.58352447,0.7705168493623373,1.0,0.07142857142857142
ZNF555,-0.29173297,-1.5633459,0.7704908046622909,1.0,0.011904761904761904
TBC1D2,-0.29183516,-0.51813465,0.7704126721150497,1.0,0.07142857142857142
ZNF528-AS1,-0.29183516,-23.5287,0.7704126721150497,1.0,0.0
LRATD2,-0.29183516,-23.539902,0.7704126721150497,1.0,0.0
C19orf73,-0.29183516,-23.496868,0.7704126721150497,1.0,0.0
AC021016.2,-0.29183516,-23.507269,0.7704126721150497,1.0,0.0
HSPG2,-0.29210764,0.013521829,0.770204330048526,1.0,1.0
MMP24OS,-0.29234606,-0.018398874,0.7700220443426882,1.0,0.6666666666666666
GPHN,-0.2925504,-0.16439295,0.7698658095641315,1.0,0.11904761904761904
DNAJC10,-0.29261854,-0.05950398,0.7698137333800074,1.0,0.7261904761904762
NOP10,-0.29272074,-0.08457739,0.769735621050263,1.0,0.8571428571428571
SEPTIN1,-0.2927548,-0.3585266,0.7697095841261767,1.0,0.05952380952380952
POP7,-0.2929251,-0.06687981,0.7695794034007004,1.0,0.32142857142857145
POLR3GL,-0.29364038,-0.04688948,0.769032715309733,1.0,0.4880952380952381
RBM12,-0.29367444,-0.14416058,0.7690066854052636,1.0,0.17857142857142858
SBDS,-0.2937085,-0.06958453,0.7689806557611665,1.0,0.5833333333333334
STK3,-0.29377663,-0.1528162,0.7689285972541995,1.0,0.2261904761904762
CREM,-0.29401505,-0.14733133,0.7687464006855964,1.0,0.2857142857142857
IFFO2,-0.29411724,-0.9516377,0.7686683203510798,1.0,0.03571428571428571
MSN,-0.29418537,-0.012477033,0.7686162680983439,1.0,0.8690476190476191
BTBD8,-0.29428753,-0.7675768,0.7685381916752043,1.0,0.03571428571428571
RUFY1,-0.29459408,-0.19911714,0.7683039764956793,1.0,0.20238095238095238
SPAG4,-0.29469627,-0.07916932,0.7682259094682837,1.0,0.047619047619047616
SLC46A1,-0.29469627,-23.482624,0.7682259094682837,1.0,0.0
PDZD7,-0.29469627,-23.485123,0.7682259094682837,1.0,0.0
TRIM39,-0.29469627,-23.488932,0.7682259094682837,1.0,0.0
AKAP8,-0.2947644,-0.33330017,0.7681738660893057,1.0,0.08333333333333333
ICA1L,-0.29490063,-0.5364029,0.7680697824666279,1.0,0.08333333333333333
PRXL2C,-0.2952072,-0.12806328,0.7678356096081463,1.0,0.19047619047619047
VHL,-0.2952072,-0.17992955,0.7678356096081463,1.0,0.13095238095238096
MPDU1,-0.2956159,-0.1793888,0.7675234120968909,1.0,0.10714285714285714
FAM228B,-0.29564998,-0.33141792,0.767497397339597,1.0,0.10714285714285714
AIP,-0.2957181,-0.027538849,0.7674453686109504,1.0,0.35714285714285715
JPT2,-0.29578623,-0.43027672,0.767393340930409,1.0,0.16666666666666666
FNTA,-0.29585436,-0.07442672,0.7673413142981932,1.0,0.5
LRRC34,-0.29588842,-1.4367487,0.7673153013752763,1.0,0.011904761904761904
TIMM44,-0.2959906,-0.15211314,0.7672372641796195,1.0,0.20238095238095238
CDC37,-0.2960587,-0.023852741,0.767185240693702,1.0,0.8333333333333334
SULF2,-0.2961609,-0.12303205,0.7671072074321573,1.0,0.4642857142857143
VPS33A,-0.29619497,-0.52478766,0.7670811968697075,1.0,0.07142857142857142
MORN4,-0.29619497,-0.20807722,0.7670811968697075,1.0,0.15476190476190477
FDX2,-0.2963312,-0.054304626,0.7669771572443018,1.0,0.2619047619047619
CCNYL1,-0.29639933,-0.16103941,0.7669251390066203,1.0,0.14285714285714285
CHID1,-0.29639933,-0.032141715,0.7669251390066203,1.0,0.5119047619047619
EIF2B1,-0.2966718,-0.1560323,0.7667170765611738,1.0,0.2261904761904762
SMPD4,-0.29684213,-0.2382694,0.7665870460727816,1.0,0.07142857142857142
NEXN,-0.29691026,-0.18359944,0.7665350357177748,1.0,0.11904761904761904
CCDC82,-0.2969443,-0.14118502,0.7665090309347423,1.0,0.21428571428571427
HSPA14,-0.29708055,-0.67751145,0.7664050144330592,1.0,0.023809523809523808
TMCC1,-0.29708055,-0.22264472,0.7664050144330592,1.0,0.10714285714285714
CAPN10-DT,-0.29725087,-1.8644372,0.7662749997265247,1.0,0.011904761904761904
PCDHGA7,-0.2972849,-0.5560003,0.7662489975749021,1.0,0.023809523809523808
COPS5,-0.29735303,-0.08406862,0.766196994061561,1.0,0.42857142857142855
EPB41,-0.29752335,-0.21858075,0.7660669898872667,1.0,0.10714285714285714
CXorf40A,-0.2975574,-23.573553,0.7660409898427522,1.0,0.0
RAD51,-0.2975574,-23.528769,0.7660409898427522,1.0,0.0
SULT1A3,-0.2975574,-23.509623,0.7660409898427522,1.0,0.0
SAXO2,-0.2975574,-23.461382,0.7660409898427522,1.0,0.0
TEAD1,-0.2976255,-0.021002231,0.7659889905442872,1.0,0.27380952380952384
KIF20B,-0.2978299,-0.43516266,0.7658329989753851,1.0,0.11904761904761904
NAGK,-0.29786396,-0.16733247,0.7658070013034703,1.0,0.15476190476190477
WAC,-0.29813644,-0.0819549,0.7655990294258073,1.0,0.5119047619047619
PRIMPOL,-0.2983408,-0.36164892,0.7654430616039292,1.0,0.07142857142857142
GTSE1,-0.29851112,-0.40407565,0.7653130956827483,1.0,0.07142857142857142
ZNF284,-0.2986133,-1.7604307,0.7652351193012004,1.0,0.011904761904761904
AC090409.1,-0.2986814,-1.1056111,0.7651831363686099,1.0,0.011904761904761904
CYB561A3,-0.29871547,-0.32031536,0.7651571452989293,1.0,0.09523809523809523
MEG3,-0.2988858,-0.7668824,0.7650271939177735,1.0,0.03571428571428571
PAIP2,-0.29905608,-0.087609835,0.7648972491512125,1.0,0.4880952380952381
LINC02482,-0.29905608,-0.09036812,0.7648972491512125,1.0,0.07142857142857142
AGAP1,-0.2991242,-0.4720671,0.7648452730974433,1.0,0.05952380952380952
NCAPH,-0.29970324,-1.8875204,0.7644035194238916,1.0,0.011904761904761904
ZNF467,-0.29970324,-0.21482246,0.7644035194238916,1.0,0.20238095238095238
GRAMD1C,-0.2997373,-1.2768421,0.7643775362995483,1.0,0.023809523809523808
ANLN,-0.29980543,-0.13347681,0.7643255708466992,1.0,0.07142857142857142
ZNF331,-0.3000098,-0.89122915,0.7641696808568259,1.0,0.023809523809523808
MTA3,-0.30004385,-0.066824175,0.7641437001209,1.0,0.16666666666666666
RPS6KL1,-0.3002823,-0.9098773,0.7639618424054271,1.0,0.023809523809523808
AC010809.2,-0.30041853,-23.488031,0.7638579295558622,1.0,0.0
AC026471.4,-0.30041853,-23.576971,0.7638579295558622,1.0,0.0
CDT1,-0.30041853,-23.454695,0.7638579295558622,1.0,0.0
AL592295.5,-0.30041853,-23.605604,0.7638579295558622,1.0,0.0
PLEKHN1,-0.3007932,-0.23374736,0.7635721911548637,1.0,0.05952380952380952
AC008875.3,-0.30086133,-0.027910098,0.7635202421768104,1.0,0.5476190476190477
TOMM40L,-0.30103162,-0.39991456,0.763390374390217,1.0,0.047619047619047616
ZNF510,-0.30137223,-0.61464363,0.7631306587938471,1.0,0.023809523809523808
CHST12,-0.3015085,-0.23657595,0.7630267800181695,1.0,0.20238095238095238
DANCR,-0.3015085,-0.013936154,0.7630267800181695,1.0,0.4642857142857143
FAM3A,-0.30171284,-0.27373937,0.7628709698560638,1.0,0.15476190476190477
UBALD1,-0.30178097,-0.5941121,0.762819035269948,1.0,0.08333333333333333
CCNT2,-0.30239406,-0.3198812,0.762351672065802,1.0,0.14285714285714285
AC243964.3,-0.30266657,-0.61072695,0.7621439828870478,1.0,0.023809523809523808
ZFX,-0.3027006,-0.15397044,0.7621180229437338,1.0,0.2619047619047619
WASL,-0.30283687,-0.06569311,0.762014185847287,1.0,0.23809523809523808
TMEM80,-0.30297312,-0.28565723,0.7619103530350473,1.0,0.13095238095238096
AEBP1,-0.30304122,-0.56889534,0.7618584382360519,1.0,0.08333333333333333
BUB1B,-0.30307528,-0.9229735,0.7618324812384313,1.0,0.03571428571428571
NUTM2B-AS1,-0.30310935,-0.15270522,0.761806524508765,1.0,0.30952380952380953
AC079915.1,-0.30327967,-23.515007,0.7616767448807065,1.0,0.0
ITGA8,-0.30327967,-23.531239,0.7616767448807065,1.0,0.0
AC019069.1,-0.30327967,-23.472921,0.7616767448807065,1.0,0.0
NUDT8,-0.30331373,-0.14590432,0.7616507897593408,1.0,0.3333333333333333
IDNK,-0.3033478,-1.2455423,0.761624834906121,1.0,0.023809523809523808
CDK17,-0.3038587,-0.08116931,0.7612355443039098,1.0,0.2619047619047619
ESAM,-0.30389276,-0.025601525,0.7612095937447406,1.0,0.8333333333333334
ABCC3,-0.30399495,-0.06895472,0.7611317436790054,1.0,0.39285714285714285
ZDHHC13,-0.30416524,0.082646854,0.7610019989436602,1.0,0.23809523809523808
IST1,-0.3041993,-0.025917325,0.760976050802969,1.0,0.2857142857142857
MORC2-AS1,-0.30494866,-1.1967585,0.7604052597768005,1.0,0.011904761904761904
SOCS7,-0.3050168,-0.60848254,0.7603533761461158,1.0,0.03571428571428571
CUTA,-0.30505085,-0.091536835,0.7603274347350275,1.0,0.6547619047619048
CENPK,-0.30528927,-0.15890509,0.7601458524060307,1.0,0.11904761904761904
EPAS1,-0.30532333,-0.07632959,0.7601199131520191,1.0,0.5476190476190477
PAGR1,-0.3053574,-0.11118983,0.7600939741677646,1.0,0.16666666666666666
ZHX1,-0.3055277,-0.0952309,0.7599642832938086,1.0,0.32142857142857145
PHF7,-0.30556175,-0.42071885,0.7599383459286715,1.0,0.03571428571428571
POLA1,-0.30556175,-0.97145265,0.7599383459286715,1.0,0.03571428571428571
EIPR1,-0.30562988,-0.25939566,0.7598864720082699,1.0,0.10714285714285714
PDK3,-0.30583423,-0.053672135,0.7597308567280081,1.0,0.08333333333333333
TWSG1,-0.30593643,-0.15671782,0.7596530527347582,1.0,0.34523809523809523
MROH6,-0.30614078,-23.515879,0.7594974520457021,1.0,0.0
PPM1J,-0.30614078,-23.54045,0.7594974520457021,1.0,0.0
ITPKB,-0.3063111,-0.22715154,0.7593677922409028,1.0,0.08333333333333333
LINC00346,-0.3063111,-1.3869424,0.7593677922409028,1.0,0.011904761904761904
VEGFA,-0.30634516,-0.2480007,0.7593418610914789,1.0,0.21428571428571427
NCK2,-0.30699232,-0.34785324,0.7588492206928651,1.0,0.07142857142857142
TPGS1,-0.30699232,0.0048515615,0.7588492206928651,1.0,0.19047619047619047
MDM4,-0.3070945,-0.11153516,0.7587714443080549,1.0,0.2857142857142857
AMACR,-0.30723074,-0.9390655,0.7586677462582202,1.0,0.023809523809523808
SLC35D2,-0.3072648,-0.17364669,0.7586418224239037,1.0,0.25
STK36,-0.3074351,-1.0902692,0.7585122073225354,1.0,0.023809523809523808
TCEAL1,-0.30746916,-0.022104964,0.7584862851164954,1.0,0.10714285714285714
NAV2,-0.30746916,0.009158525,0.7584862851164954,1.0,0.13095238095238096
KLHL42,-0.3077076,-0.10359851,0.7583048372770316,1.0,0.30952380952380953
FLNC,-0.3078779,-0.2158494,0.7581752398268294,1.0,0.25
METTL6,-0.30791196,-0.4801998,0.7581493211520844,1.0,0.09523809523809523
ZYX,-0.30818444,-0.004695197,0.7579419815422415,1.0,0.6309523809523809
MAPK1,-0.3082185,-0.06251578,0.7579160653149338,1.0,0.4642857142857143
KSR1,-0.30825257,-0.7971862,0.7578901493596999,1.0,0.05952380952380952
SIRT5,-0.30825257,-0.28677118,0.7578901493596999,1.0,0.07142857142857142
S1PR3,-0.30872944,-0.38501298,0.7575273545693859,1.0,0.047619047619047616
ERI2,-0.30900192,-23.540209,0.7573200672342304,1.0,0.0
WNT3,-0.30900192,-23.509666,0.7573200672342304,1.0,0.0
BORA,-0.30900192,-23.52975,0.7573200672342304,1.0,0.0
AC022613.3,-0.30900192,-23.58743,0.7573200672342304,1.0,0.0
STK17A,-0.309036,-0.01637378,0.7572941575441968,1.0,0.6547619047619048
PNPLA6,-0.30907005,-0.064479165,0.7572682481268894,1.0,0.25
METTL8,-0.30913815,0.014420207,0.7572164301105626,1.0,0.2976190476190476
PAQR3,-0.3092744,-0.21233174,0.7571127973518215,1.0,0.09523809523809523
ZNF274,-0.3092744,-0.7361802,0.7571127973518215,1.0,0.047619047619047616
AP5M1,-0.30981937,-0.25098354,0.7566983100009153,1.0,0.15476190476190477
AL590226.1,-0.31009188,-1.0249022,0.7564910925602448,1.0,0.023809523809523808
VDAC2,-0.31012595,-0.05293975,0.7564651916109352,1.0,0.7619047619047619
SEC11C,-0.31039843,-0.051347133,0.7562579938681925,1.0,0.27380952380952384
ZCCHC3,-0.31039843,-0.1780176,0.7562579938681925,1.0,0.2261904761904762
SPINDOC,-0.3104325,-0.26903415,0.7562320953822237,1.0,0.07142857142857142
SNHG29,-0.3104325,0.022312354,0.7562320953822237,1.0,1.0
DUS4L,-0.31056872,-0.1806518,0.7561285041770233,1.0,0.08333333333333333
SPATA6,-0.31060278,-0.15093659,0.7561026070605276,1.0,0.09523809523809523
XYLT2,-0.31060278,-0.542958,0.7561026070605276,1.0,0.09523809523809523
AK4,-0.31063685,-0.21746561,0.7560767102180079,1.0,0.20238095238095238
RANBP6,-0.3107731,-0.20020194,0.7559731255882327,1.0,0.11904761904761904
UBAC1,-0.31087527,-0.068145394,0.7558954399939797,1.0,0.38095238095238093
DOK1,-0.31087527,-0.6150884,0.7558954399939797,1.0,0.03571428571428571
ZNF747,-0.3109434,-1.2879671,0.7558436509687319,1.0,0.011904761904761904
FJX1,-0.3113862,-0.08109827,0.7555070490534483,1.0,0.13095238095238096
HMGN5,-0.31142026,-0.84080064,0.755481158519868,1.0,0.03571428571428571
SLC27A3,-0.31145433,-0.6370287,0.755455268260915,1.0,0.047619047619047616
NDUFAF2,-0.31162462,-0.08736647,0.7553258210865088,1.0,0.5833333333333334
EME2,-0.31186303,-23.598055,0.75514460658428,1.0,0.0
GPR89B,-0.31186303,-23.512836,0.75514460658428,1.0,0.0
GPR157,-0.3118971,-1.0127976,0.7551187198979495,1.0,0.03571428571428571
TACC3,-0.31193116,-0.36220437,0.7550928334866261,1.0,0.07142857142857142
ZHX3,-0.31213555,-0.11277959,0.7549375207953494,1.0,0.23809523809523808
GPM6B,-0.31251022,-2.0729785,0.754652806596455,1.0,0.011904761904761904
ASTE1,-0.31281677,-0.9962222,0.7544198834084448,1.0,0.023809523809523808
VPS37A,-0.31298706,-0.07800676,0.7542904912869143,1.0,0.3333333333333333
AL031595.3,-0.31302112,-0.18334183,0.7542646136901219,1.0,0.07142857142857142
PSMD5,-0.31370234,-0.07825773,0.7537471197295121,1.0,0.17857142857142858
EGFR,-0.3144517,-0.4621586,0.7531780040975972,1.0,0.05952380952380952
MVB12A,-0.3146901,-0.1050967,0.7529969499566724,1.0,0.38095238095238093
TIGD7,-0.31472418,-23.607412,0.7529710861880887,1.0,0.0
AC068888.1,-0.31472418,-23.571447,0.7529710861880887,1.0,0.0
CCDC36,-0.31472418,-23.620546,0.7529710861880887,1.0,0.0
PCAT1,-0.31472418,-23.59868,0.7529710861880887,1.0,0.0
TANC1,-0.31475824,-0.020573122,0.752945222696759,1.0,0.44047619047619047
FEN1,-0.3147923,-2.0232725,0.7529193594827102,1.0,0.011904761904761904
UHRF1BP1L,-0.31489447,-0.55817074,0.7528417715045201,1.0,0.10714285714285714
MED18,-0.31489447,-1.6640373,0.7528417715045201,1.0,0.011904761904761904
HS1BP3,-0.31492853,-0.49730715,0.7528159093998655,1.0,0.047619047619047616
AC027097.1,-0.31513292,-1.0681672,0.7526607425986226,1.0,0.023809523809523808
FADD,-0.31520104,-0.18807417,0.7526090225518796,1.0,0.15476190476190477
ZNF460,-0.31567788,-2.3546116,0.7522470133316013,1.0,0.011904761904761904
PIGO,-0.315746,-0.36407754,0.7521953021751437,1.0,0.047619047619047616
TMEM160,-0.31578007,-0.089173995,0.7521694470139983,1.0,0.5119047619047619
GOSR1,-0.3159163,-0.15763253,0.7520660291506021,1.0,0.30952380952380953
ZNF787,-0.31615475,-0.46713394,0.7518850586013803,1.0,0.09523809523809523
PHTF2,-0.31676784,-0.1682857,0.7514197684202093,1.0,0.13095238095238096
PPWD1,-0.31693813,-0.30406654,0.7512905371762095,1.0,0.13095238095238096
CDCA2,-0.31744906,-1.3573555,0.7509028853090676,1.0,0.03571428571428571
KBTBD7,-0.31744906,-0.51612145,0.7509028853090676,1.0,0.047619047619047616
CDC42EP3,-0.3175172,-0.11048151,0.7508512031414942,1.0,0.4166666666666667
AC010531.6,-0.31758532,-23.683632,0.7507995220917911,1.0,0.0
CDC25A,-0.31758532,-23.598688,0.7507995220917911,1.0,0.0
VILL,-0.31758532,-23.521313,0.7507995220917911,1.0,0.0
SP2-AS1,-0.31758532,-23.56902,0.7507995220917911,1.0,0.0
MSANTD3,-0.3177556,-0.11790447,0.7506703243596308,1.0,0.39285714285714285
OLA1,-0.3178578,-0.034310676,0.7505928090759937,1.0,0.6666666666666666
TNFRSF25,-0.31830058,-0.8037756,0.7502569386155631,1.0,0.047619047619047616
ZNF112,-0.3185731,-2.3962414,0.7500502726250147,1.0,0.011904761904761904
ALG13,-0.31860715,-0.32081547,0.7500244406372758,1.0,0.17857142857142858
MECOM,-0.31867525,-0.14605966,0.7499727775028141,1.0,0.25
AC058791.1,-0.31894776,-1.0163063,0.749766136182463,1.0,0.03571428571428571
SEC24B,-0.319084,-0.18032846,0.7496628222557999,1.0,0.11904761904761904
CPT1C,-0.31918618,-0.8298983,0.7495853397581276,1.0,0.011904761904761904
EML2-AS1,-0.31935647,-0.8609208,0.7494562078781118,1.0,0.03571428571428571
TTC39C,-0.31966302,-0.18485557,0.7492237881944206,1.0,0.10714285714285714
IER2,-0.32013988,-0.044770487,0.748862291738849,1.0,0.6428571428571429
ELMSAN1,-0.320208,-0.0720392,0.7488106538909794,1.0,0.32142857142857145
EYA3,-0.32034424,-0.44420066,0.7487073815745857,1.0,0.10714285714285714
DIRC3-AS1,-0.32044643,-23.68792,0.7486299302950646,1.0,0.0
RNF44,-0.32061675,-0.5130339,0.7485008504652018,1.0,0.09523809523809523
SLC25A21,-0.32068485,-1.6934061,0.7484492205064857,1.0,0.011904761904761904
PANK4,-0.32075298,-0.53668326,0.7483975916756513,1.0,0.03571428571428571
LNPK,-0.32119578,-0.44717848,0.7480620317821931,1.0,0.07142857142857142
PPIL6,-0.32140014,-0.49566984,0.7479071740769241,1.0,0.03571428571428571
C2CD2L,-0.32160452,-2.3924754,0.7477523265428974,1.0,0.011904761904761904
SMPD2,-0.3217748,-0.47940326,0.7476232947050914,1.0,0.03571428571428571
LARP1B,-0.3217748,-0.17617978,0.7476232947050914,1.0,0.27380952380952384
PRRG1,-0.3219792,-0.04222504,0.7474684658334025,1.0,0.11904761904761904
IFNGR2,-0.3220473,-0.10153846,0.7474168584731464,1.0,0.3333333333333333
LSM5,-0.32225168,-0.06210417,0.7472620431863046,1.0,0.5952380952380952
FIZ1,-0.32235384,-1.3340546,0.747184639365795,1.0,0.023809523809523808
LIPE-AS1,-0.3227285,-0.19751953,0.7469008471757828,1.0,0.05952380952380952
RABL2A,-0.32279664,-1.3056482,0.7468492522812867,1.0,0.011904761904761904
MUTYH,-0.3228307,-0.95032877,0.746823455259477,1.0,0.011904761904761904
FBXO48,-0.32286477,-1.3301585,0.7467976585213287,1.0,0.011904761904761904
AC008735.2,-0.32330757,-23.707178,0.7464623267507795,1.0,0.0
SUGCT,-0.32330757,-23.66928,0.7464623267507795,1.0,0.0
GLE1,-0.32330757,-0.37125129,0.7464623267507795,1.0,0.03571428571428571
RUSC1-AS1,-0.32330757,-23.575161,0.7464623267507795,1.0,0.0
ZNF202,-0.32330757,-23.586555,0.7464623267507795,1.0,0.0
SIAH1,-0.32334164,-0.2914026,0.7464365339867045,1.0,0.10714285714285714
DHX33,-0.3234438,-0.14592823,0.7463591573989669,1.0,0.25
TNFRSF11A,-0.32364818,-1.662808,0.7462044118960964,1.0,0.011904761904761904
FAM120AOS,-0.3238866,-0.21976256,0.7460238884123414,1.0,0.23809523809523808
CCDC107,-0.3238866,-0.15137897,0.7460238884123414,1.0,0.21428571428571427
GPR173,-0.32392067,-1.1834152,0.745998100480987,1.0,0.011904761904761904
RAC3,-0.3239888,-0.1273588,0.7459465254718617,1.0,0.3333333333333333
EDC4,-0.32412502,-0.48394027,0.7458433788686929,1.0,0.047619047619047616
COQ7,-0.32412502,-0.63865507,0.7458433788686929,1.0,0.05952380952380952
NOMO1,-0.3242272,-0.16348416,0.7457660219053561,1.0,0.08333333333333333
SLC44A1,-0.3242272,-0.08298331,0.7457660219053561,1.0,0.42857142857142855
KCNQ1OT1,-0.32426128,-0.09476823,0.7457402368203944,1.0,0.4166666666666667
AP000542.2,-0.3243294,-0.45601323,0.7456886675048571,1.0,0.11904761904761904
GPAA1,-0.32443157,-0.08332356,0.7456113156679182,1.0,0.42857142857142855
YWHAB,-0.32477218,-0.036489204,0.7453534947353353,1.0,0.9761904761904762
C3orf33,-0.3249425,-0.5693177,0.7452245949619185,1.0,0.03571428571428571
MTFMT,-0.3249425,-0.2997857,0.7452245949619185,1.0,0.09523809523809523
ANKAR,-0.32501063,-0.7303111,0.7451730370496165,1.0,0.023809523809523808
SPRYD4,-0.32521498,-0.24070169,0.7450183701625701,1.0,0.09523809523809523
ZNF529-AS1,-0.3252831,-0.83300996,0.7449668168175547,1.0,0.023809523809523808
MAPK7,-0.32531717,-0.5400755,0.7449410405734173,1.0,0.05952380952380952
LRWD1,-0.3253853,-0.54936594,0.7448894889420169,1.0,0.05952380952380952
DYNC2H1,-0.3257259,-0.6100528,0.7446317479294535,1.0,0.10714285714285714
BLM,-0.3261687,-23.610054,0.7442967273646492,1.0,0.0
AL355881.1,-0.3261687,-23.709349,0.7442967273646492,1.0,0.0
PAQR4,-0.3261687,-23.701351,0.7442967273646492,1.0,0.0
OSCP1,-0.32637307,-0.57171667,0.7441421188032238,1.0,0.047619047619047616
DUSP11,-0.3265093,-0.13566978,0.7440390521574706,1.0,0.14285714285714285
CDC7,-0.32664555,-2.2332082,0.7439359900965361,1.0,0.011904761904761904
RAD51AP1,-0.32678178,-1.1510042,0.7438329326221295,1.0,0.023809523809523808
OSBPL9,-0.3268499,-0.073710024,0.7437814056054081,1.0,0.3333333333333333
RNASEH2B,-0.32715645,-0.14669332,0.7435495482307448,1.0,0.20238095238095238
RPP21,-0.32722458,-0.07872289,0.743498027526666,1.0,0.39285714285714285
JMJD7,-0.32732677,-0.9170325,0.7434207486239528,1.0,0.023809523809523808
DENND11,-0.32742894,-0.39919445,0.7433434723059662,1.0,0.047619047619047616
PIH1D1,-0.32763332,-0.11656268,0.7431889274270538,1.0,0.27380952380952384
PRKAB1,-0.32763332,-0.61929816,0.7431889274270538,1.0,0.03571428571428571
KIF22,-0.3278036,-0.54451996,0.743060147932094,1.0,0.05952380952380952
TSR2,-0.32793987,-0.26282227,0.7429571295121413,1.0,0.14285714285714285
NFIX,-0.32797393,-0.10101067,0.7429313756262664,1.0,0.14285714285714285
RFC5,-0.328008,-1.2223803,0.7429056220280901,1.0,0.023809523809523808
ABCG1,-0.32814422,-0.65900123,0.7428026105129046,1.0,0.07142857142857142
CEBPB,-0.32814422,-0.024516992,0.7428026105129046,1.0,0.34523809523809523
POP5,-0.32821235,-0.12068351,0.742751106482197,1.0,0.2976190476190476
TMEM68,-0.32841673,-0.1089678,0.742596601300173,1.0,0.2261904761904762
HCCS,-0.32848483,0.03479325,0.7425451018769089,1.0,0.17857142857142858
SKA3,-0.32865515,-0.8985665,0.7424163583609386,1.0,0.03571428571428571
AL121899.1,-0.32902983,-23.60209,0.7421331479948847,1.0,0.0
GNG2,-0.32916605,-0.51347,0.7420301710611071,1.0,0.047619047619047616
NCAPH2,-0.32937044,-1.5354822,0.7418757143199121,1.0,0.023809523809523808
AC120053.1,-0.32950667,-1.7877338,0.7417727489345816,1.0,0.011904761904761904
EXTL2,-0.3295748,-0.10319101,0.7417212679751952,1.0,0.2976190476190476
ANKRD13B,-0.33008572,-0.29081327,0.741335197635728,1.0,0.05952380952380952
NALCN,-0.33008572,-2.3322718,0.741335197635728,1.0,0.011904761904761904
AC090825.1,-0.33032414,-1.8518865,0.7411550537517937,1.0,0.011904761904761904
CAND1,-0.33076695,-0.12999503,0.740820538471104,1.0,0.42857142857142855
TENT4A,-0.33100536,-0.6513657,0.7406404351464324,1.0,0.023809523809523808
MLKL,-0.33110756,-0.13526931,0.740563252357775,1.0,0.19047619047619047
HAGHL,-0.33127785,-0.3747529,0.7404346201799867,1.0,0.10714285714285714
GAS8,-0.3314141,-0.19614597,0.7403317196626462,1.0,0.047619047619047616
GMDS,-0.3315844,-0.17745152,0.7402031005498727,1.0,0.11904761904761904
SNAI2,-0.33161846,-1.1216204,0.7401773775987707,1.0,0.023809523809523808
HDAC3,-0.3317547,-0.20220654,0.7400744887000898,1.0,0.10714285714285714
DIAPH3,-0.33182284,-0.60637665,0.7400230459945576,1.0,0.08333333333333333
MND1,-0.33189094,-23.732143,0.7399716044518476,1.0,0.0
AC092718.4,-0.33189094,-23.580294,0.7399716044518476,1.0,0.0
MTX3,-0.33209532,-0.2973947,0.7398172868027744,1.0,0.08333333333333333
SNX6,-0.33233374,-0.07625222,0.7396372627826908,1.0,0.75
EGR1,-0.3326403,0.030639939,0.7394058242890407,1.0,0.07142857142857142
MRAS,-0.33304903,-1.0281732,0.7390972763433452,1.0,0.023809523809523808
CUEDC2,-0.33315122,-0.0045317668,0.7390201459175008,1.0,0.5476190476190477
QSER1,-0.33315122,-0.03636524,0.7390201459175008,1.0,0.21428571428571427
AP3S2,-0.33328745,-0.434832,0.7389173094341976,1.0,0.10714285714285714
CHIC1,-0.33345777,0.1533251,0.7387887703968135,1.0,0.047619047619047616
BCL6,-0.33349183,-0.8628808,0.7387630634651677,1.0,0.03571428571428571
KIAA1211,-0.33349183,-0.871397,0.7387630634651677,1.0,0.03571428571428571
HIST1H1E,-0.33366212,-0.42949247,0.7386345331875521,1.0,0.07142857142857142
WRAP53,-0.33379838,-0.778631,0.7385317142237859,1.0,0.03571428571428571
PCGF1,-0.33386648,-0.65119344,0.7384803064952612,1.0,0.03571428571428571
PSMA7,-0.3339346,-0.043467708,0.7384288999359248,1.0,0.9761904761904762
PGGHG,-0.33444554,-1.1438613,0.7380433880301684,1.0,0.03571428571428571
TMCO6,-0.33451366,-0.3787328,0.7379919914174885,1.0,0.05952380952380952
AC130650.2,-0.33475208,-23.720167,0.737812112497708,1.0,0.0
DHRS13,-0.33475208,-23.671608,0.737812112497708,1.0,0.0
TMEM143,-0.33475208,-23.704205,0.737812112497708,1.0,0.0
RASSF4,-0.33475208,-23.629198,0.737812112497708,1.0,0.0
MFSD2B,-0.33475208,-23.763943,0.737812112497708,1.0,0.0
TRIM47,-0.33478615,-0.17673548,0.7377864166808987,1.0,0.14285714285714285
PAK4,-0.33485427,-0.36287418,0.7377350259263429,1.0,0.10714285714285714
RRP1B,-0.3348883,-0.07386991,0.7377093309886491,1.0,0.27380952380952384
DPM1,-0.33492237,-0.06992924,0.7376836363440471,1.0,0.2976190476190476
BNC2,-0.33502457,-0.30511266,0.7376065541690544,1.0,0.17857142857142858
C6orf47,-0.33516082,-0.40470633,0.7375037820406174,1.0,0.03571428571428571
LINC00667,-0.3355355,-0.29631042,0.7372211828900233,1.0,0.011904761904761904
ARSK,-0.33556953,-0.38156164,0.7371954938191871,1.0,0.13095238095238096
SAV1,-0.33563766,-0.039144304,0.7371441165584035,1.0,0.20238095238095238
MAP4K5,-0.33573985,-0.14042448,0.7370670528698455,1.0,0.2976190476190476
RASL10A,-0.3359442,-0.3515806,0.736912933424771,1.0,0.07142857142857142
ERBIN,-0.33611453,-0.2096741,0.7367845086361995,1.0,0.2261904761904762
EIF2S1,-0.33625075,-0.120989755,0.7366817740979698,1.0,0.47619047619047616
PPM1D,-0.33625075,-0.6274648,0.7366817740979698,1.0,0.047619047619047616
CKAP2L,-0.33662543,-1.0221881,0.7363992783902491,1.0,0.011904761904761904
BMP1,-0.33669356,-0.22076388,0.73634791936099,1.0,0.23809523809523808
CCDC106,-0.33669356,-0.3100356,0.73634791936099,1.0,0.09523809523809523
SLC22A4,-0.33672762,-1.3575828,0.7363222402880866,1.0,0.011904761904761904
TIMM22,-0.33676168,-0.104255974,0.7362965615097024,1.0,0.19047619047619047
ARMT1,-0.33686388,-0.31235573,0.7362195269419295,1.0,0.14285714285714285
GID4,-0.33689794,-0.13163505,0.7361938493418865,1.0,0.13095238095238096
AGTRAP,-0.3370001,-0.107857175,0.7361168183097713,1.0,0.32142857142857145
ZNF780A,-0.3370001,-0.16615058,0.7361168183097713,1.0,0.07142857142857142
SAMD4B,-0.33706823,5.361442e-06,0.7360654657619699,1.0,0.19047619047619047
ZNF875,-0.3373407,-0.68119603,0.7358600673642106,1.0,0.03571428571428571
ZNF697,-0.3373407,-0.8542578,0.7358600673642106,1.0,0.03571428571428571
SUPT5H,-0.33757916,-0.16467312,0.7356803592529237,1.0,0.2976190476190476
CDAN1,-0.3376132,-23.627209,0.7356546878461032,1.0,0.0
TDRD10,-0.3376132,-23.635786,0.7356546878461032,1.0,0.0
BMS1,-0.33764726,-0.055856638,0.7356290167344882,1.0,0.32142857142857145
DHX16,-0.33774945,-0.30833995,0.7355520051711416,1.0,0.15476190476190477
FOCAD,-0.33778352,-0.116614655,0.7355263352406134,1.0,0.15476190476190477
MLF1,-0.33781758,-0.16752997,0.7355006656054227,1.0,0.3333333333333333
ZNF821,-0.33832848,-1.2561221,0.7351156565360162,1.0,0.011904761904761904
PLAG1,-0.33843067,-2.2508361,0.7350386627047968,1.0,0.011904761904761904
GNAI2,-0.33860096,-0.013229751,0.7349103455698902,1.0,0.9642857142857143
FLII,-0.33873722,-0.14072962,0.7348076971892765,1.0,0.35714285714285715
AC022137.4,-0.33873722,-1.2677732,0.7348076971892765,1.0,0.011904761904761904
ARMC8,-0.33880535,-0.41563803,0.7347563747753199,1.0,0.11904761904761904
PRELID3A,-0.3388394,-0.766171,0.7347307140125214,1.0,0.023809523809523808
RDX,-0.33894157,-0.07455727,0.7346537335011616,1.0,0.75
PLEKHO2,-0.3391119,-0.4783748,0.734525438573928,1.0,0.05952380952380952
BNIP1,-0.3391119,-0.3612522,0.734525438573928,1.0,0.09523809523809523
EXOSC6,-0.3401678,-0.21799299,0.7337301755245643,1.0,0.2619047619047619
LRSAM1,-0.34026998,-0.61636555,0.7336532297280567,1.0,0.05952380952380952
VPS4A,-0.34033808,-0.10510067,0.733601934016646,1.0,0.39285714285714285
TMEM199,-0.3405084,-0.47444382,0.7334736999415665,1.0,0.07142857142857142
NDFIP2,-0.34054247,-0.20107447,0.7334480540187808,1.0,0.21428571428571427
FMR1,-0.34081495,-0.39065906,0.7332428973476738,1.0,0.11904761904761904
UBE2K,-0.34088308,-0.060062673,0.7331916111561889,1.0,0.6071428571428571
ZNF484,-0.34091714,-1.4438579,0.733165968507035,1.0,0.011904761904761904
CAPN5,-0.3409512,-0.6078817,0.7331403261556417,1.0,0.05952380952380952
HSPH1,-0.34129182,-0.046420924,0.7328839190243286,1.0,0.5357142857142857
CCAR1,-0.34132585,-0.07990373,0.7328582799500376,1.0,0.35714285714285715
ZIC4,-0.34149617,-1.7935799,0.7327300890502497,1.0,0.011904761904761904
LARP1,-0.34159836,-0.0923621,0.7326531780886565,1.0,0.5595238095238095
LRPAP1,-0.34163243,-0.09441633,0.7326275416979962,1.0,0.5952380952380952
TRMO,-0.34197304,-1.2563438,0.7323711942029203,1.0,0.011904761904761904
AK3,-0.3420752,-0.099726446,0.7322942957754194,1.0,0.5
WIPF2,-0.34214333,-0.1801578,0.7322430316503117,1.0,0.2619047619047619
DTNBP1,-0.3421774,-0.1798141,0.7322174000358046,1.0,0.11904761904761904
SLC25A42,-0.34289268,-1.6468722,0.7316792051788501,1.0,0.011904761904761904
TMEM204,-0.3432333,-0.46397468,0.7314229682877254,1.0,0.047619047619047616
AL049840.2,-0.34333548,-23.824438,0.7313461030603453,1.0,0.0
LINC02035,-0.34333548,-23.717688,0.7313461030603453,1.0,0.0
CEP135,-0.3437442,-0.46843874,0.7310386691241417,1.0,0.047619047619047616
SLC9A7,-0.34384638,-0.3072899,0.7309618173869589,1.0,0.08333333333333333
WDR6,-0.344187,0.014041942,0.7307056644348306,1.0,0.19047619047619047
AC048341.1,-0.34473196,-0.3699645,0.7302958821805734,1.0,0.10714285714285714
COL18A1,-0.3448682,-0.10017946,0.7301934486407824,1.0,0.5595238095238095
AC022098.1,-0.34500447,-1.8840057,0.7300910199138518,1.0,0.011904761904761904
TNRC18,-0.34500447,-0.09291845,0.7300910199138518,1.0,0.16666666666666666
DSTYK,-0.3450385,-0.313864,0.730065413484325,1.0,0.15476190476190477
WSCD1,-0.3452429,-0.0844048,0.7299117812277072,1.0,0.20238095238095238
BTG2,-0.34527695,-0.21680461,0.7298861769052724,1.0,0.17857142857142858
RRP1,-0.34589005,-0.12342979,0.7294253506179398,1.0,0.13095238095238096
ABCD1,-0.3459241,-0.39691034,0.7293997520212163,1.0,0.03571428571428571
CCDC77,-0.34606034,0.20663396,0.7292973606507315,1.0,0.023809523809523808
AL596202.1,-0.3461966,-23.747278,0.7291949741077555,1.0,0.0
AL512625.1,-0.3461966,-23.705774,0.7291949741077555,1.0,0.0
ZNF444,-0.34629878,-0.1886776,0.7291181873695824,1.0,0.08333333333333333
POLR2D,-0.34633285,-0.16426115,0.7290925923939612,1.0,0.14285714285714285
ANKRD12,-0.34670752,-0.17479491,0.7288110675951498,1.0,0.36904761904761907
DAXX,-0.3468097,-0.23466948,0.7287342944496337,1.0,0.19047619047619047
MRPL40,-0.34698,-0.08716772,0.7286063452533379,1.0,0.47619047619047616
PLAA,-0.34721842,-0.27080324,0.7284272290810937,1.0,0.16666666666666666
DIS3L2,-0.34728655,-0.26020628,0.7283760557549569,1.0,0.11904761904761904
PLPP6,-0.3474909,-1.2859552,0.7282225430412148,1.0,0.023809523809523808
KLF11,-0.3474909,-1.0005298,0.7282225430412148,1.0,0.023809523809523808
PDCD1LG2,-0.3477634,-1.21201,0.7280178763815798,1.0,0.023809523809523808
TBC1D25,-0.3480359,-0.19113503,0.7278132291155486,1.0,0.07142857142857142
AP4B1,-0.34817213,-0.9482493,0.7277109127593083,1.0,0.047619047619047616
PLCD1,-0.34824026,-1.381654,0.7276597564011122,1.0,0.011904761904761904
AC245060.5,-0.348649,-0.82039124,0.7273528437440153,1.0,0.023809523809523808
ZNF687-AS1,-0.34885335,-1.2974497,0.7271994038126167,1.0,0.023809523809523808
FAM50A,-0.34902367,-0.06677636,0.7270715455590131,1.0,0.6904761904761905
CD40,-0.34905773,-23.648256,0.7270459748201572,1.0,0.0
TMEM191B,-0.34905773,-23.752121,0.7270459748201572,1.0,0.0
C17orf97,-0.34905773,-23.807705,0.7270459748201572,1.0,0.0
MORN3,-0.34905773,-23.814404,0.7270459748201572,1.0,0.0
CCDC28A,-0.34912583,-0.30630556,0.7269948342545187,1.0,0.09523809523809523
AC005670.3,-0.34912583,-0.33905786,0.7269948342545187,1.0,0.19047619047619047
ZBTB5,-0.3492621,-1.5239619,0.7268925567722645,1.0,0.011904761904761904
MTMR1,-0.34936428,-1.052691,0.7268158518542889,1.0,0.03571428571428571
CRCP,-0.34936428,-0.2189662,0.7268158518542889,1.0,0.2261904761904762
LSM8,-0.34946644,-0.09986744,0.726739149674565,1.0,0.5833333333333334
ZNF792,-0.3496027,-1.5726911,0.7266368843623174,1.0,0.011904761904761904
ANKRD54,-0.34973896,-0.5424723,0.7265346239209887,1.0,0.10714285714285714
TMEM263,-0.34977302,-0.08706695,0.7265090595719328,1.0,0.30952380952380953
RPS11,-0.34980705,-0.0035622765,0.7264834955274396,1.0,1.0
TBC1D8B,-0.34980705,-0.29316425,0.7264834955274396,1.0,0.07142857142857142
KIAA0930,-0.34987518,-0.22625042,0.7264323683522451,1.0,0.15476190476190477
RNF126,-0.34990925,-0.20090021,0.7264068052215958,1.0,0.20238095238095238
POLI,-0.35018173,-0.48182827,0.7262023111465897,1.0,0.07142857142857142
DUSP4,-0.3502158,-0.12101512,0.7261767507588777,1.0,0.32142857142857145
KCTD6,-0.35024986,-0.47589993,0.7261511906760667,1.0,0.03571428571428571
CDH2,-0.35031798,-0.099886216,0.7261000714252512,1.0,0.39285714285714285
ACVR1B,-0.35042018,-0.35443532,0.7260233948364354,1.0,0.047619047619047616
PHKG2,-0.35042018,-0.1814272,0.7260233948364354,1.0,0.09523809523809523
ITPRID2,-0.35045424,-0.058962923,0.7259978365835762,1.0,0.4166666666666667
SPNS1,-0.35048828,-0.24423246,0.7259722786357998,1.0,0.20238095238095238
FYN,-0.3508289,-0.21482228,0.725716715943323,1.0,0.25
LENG8-AS1,-0.35086295,-0.9990678,0.725691161353176,1.0,0.011904761904761904
SAMD1,-0.35106733,-0.24837343,0.7255378402265,1.0,0.11904761904761904
TP53I3,-0.3511014,0.057728495,0.7255122877746643,1.0,0.3333333333333333
DHPS,-0.35147604,-0.18498261,0.7252312309782699,1.0,0.25
PCF11,-0.35174856,-0.14646843,0.7250268492790377,1.0,0.13095238095238096
SNIP1,-0.35185072,-0.24390873,0.7249502111912768,1.0,0.11904761904761904
SLC30A6,-0.35208917,-0.93643135,0.7247713997029118,1.0,0.05952380952380952
BBS5,-0.3526682,-1.3262353,0.7243372057401964,1.0,0.023809523809523808
CKMT2-AS1,-0.35280445,-1.2781737,0.7242350553345309,1.0,0.011904761904761904
FAM102B,-0.3529066,-0.5059568,0.7241584457523809,1.0,0.05952380952380952
TNFRSF11B,-0.35297474,-2.38592,0.7241073742323363,1.0,0.011904761904761904
PDCD2L,-0.35297474,-0.48774523,0.7241073742323363,1.0,0.08333333333333333
SETDB2,-0.35307693,-0.7981716,0.7240307692548711,1.0,0.047619047619047616
LNCTAM34A,-0.35321316,-0.6318344,0.7239286335841963,1.0,0.07142857142857142
SNHG9,-0.35334942,-0.3252568,0.7238265028285047,1.0,0.14285714285714285
SLC6A8,-0.3535197,-2.446913,0.7236988462981124,1.0,0.011904761904761904
WDR83OS,-0.35379222,-0.0446907,0.7234946118366585,1.0,0.8214285714285714
AC026124.1,-0.35382628,-0.86215717,0.7234690839130264,1.0,0.047619047619047616
RRAS2,-0.3539625,-0.059989814,0.7233669752952865,1.0,0.42857142857142855
SLC19A1,-0.35399657,-0.58633447,0.7233414489101783,1.0,0.07142857142857142
SLC39A10,-0.3545075,-0.03323795,0.7229585900819551,1.0,0.47619047619047616
LINC01504,-0.35478,-23.820131,0.7227544270530684,1.0,0.0
LUCAT1,-0.35478,-23.722197,0.7227544270530684,1.0,0.0
AC138150.1,-0.35478,-23.689476,0.7227544270530684,1.0,0.0
HSPBP1,-0.35495028,-0.20909688,0.7226268351814573,1.0,0.10714285714285714
AK1,-0.3550184,-0.037319493,0.7225758005921834,1.0,0.5476190476190477
CLN6,-0.3551206,-0.35351485,0.7224992510225305,1.0,0.07142857142857142
APP,-0.35532495,-0.046815626,0.7223461602171151,1.0,0.9761904761904762
TNFRSF6B,-0.3554612,-1.0020887,0.722244105855665,1.0,0.023809523809523808
PTPN1,-0.35549527,-0.056622483,0.7222185930374763,1.0,0.5476190476190477
DUSP19,-0.35556337,-1.7674226,0.7221675683278885,1.0,0.011904761904761904
NRDC,-0.35566556,-0.04797229,0.7220910335808683,1.0,0.6666666666666666
SEC61A1,-0.35569963,-0.068408474,0.7220655226165948,1.0,0.39285714285714285
BTBD9,-0.35593805,-0.8592468,0.7218869545222661,1.0,0.023809523809523808
OSBPL2,-0.3563468,-0.23915607,0.7215808730493729,1.0,0.11904761904761904
PARD3B,-0.35661927,-0.51756436,0.7213768434967435,1.0,0.10714285714285714
EML3,-0.35661927,-0.13575836,0.7213768434967435,1.0,0.13095238095238096
SLTM,-0.35733455,-0.09950182,0.720841360281336,1.0,0.44047619047619047
FNTB,-0.35753894,-1.4984999,0.7206883902020829,1.0,0.011904761904761904
SLC12A5,-0.3576411,-23.806885,0.7206119093534644,1.0,0.0
ASF1B,-0.3576411,-23.822382,0.7206119093534644,1.0,0.0
BCL2L15,-0.3576411,-23.774103,0.7206119093534644,1.0,0.0
TNFRSF1B,-0.3576411,-23.762884,0.7206119093534644,1.0,0.0
DNAH14,-0.3576411,-23.732,0.7206119093534644,1.0,0.0
PSRC1,-0.3576411,-23.780762,0.7206119093534644,1.0,0.0
SGO2,-0.35777736,-0.74197567,0.7205099392364358,1.0,0.047619047619047616
GRPEL2,-0.3579817,-0.5633362,0.7203569933809507,1.0,0.05952380952380952
ENOSF1,-0.35801578,-0.12945725,0.7203315034927076,1.0,0.34523809523809523
ADI1,-0.3581861,-0.056623764,0.7202040587144859,1.0,0.5238095238095238
NFKBIE,-0.35832232,-1.0018178,0.7201021084890482,1.0,0.023809523809523808
RNPC3,-0.35839045,-0.14261314,0.7200511352426098,1.0,0.08333333333333333
RAB40C,-0.35839045,-0.86631477,0.7200511352426098,1.0,0.047619047619047616
ZNF30,-0.3587992,-1.3319491,0.7197453219048903,1.0,0.011904761904761904
NADK,-0.35896948,-0.2615361,0.7196179129138316,1.0,0.14285714285714285
S100A2,-0.35941228,-0.8753242,0.7192866859968585,1.0,0.047619047619047616
CENPF,-0.3595826,0.05292422,0.7191593050606664,1.0,0.14285714285714285
RFWD3,-0.3596507,-0.5372668,0.7191083548701268,1.0,0.05952380952380952
ABCB9,-0.3599232,-1.7155386,0.7189045665927556,1.0,0.011904761904761904
AC108134.2,-0.3600935,-0.62384415,0.7187772090674691,1.0,0.047619047619047616
GANC,-0.3600935,-0.7557955,0.7187772090674691,1.0,0.03571428571428571
POLR2C,-0.3600935,-0.20101033,0.7187772090674691,1.0,0.15476190476190477
PNMA1,-0.36033192,-0.18426658,0.7185989216536997,1.0,0.17857142857142858
NBPF10,-0.36050224,-23.812817,0.7184715828779726,1.0,0.0
CDC6,-0.36050224,-23.877413,0.7184715828779726,1.0,0.0
CYP3A5,-0.36050224,-23.756502,0.7184715828779726,1.0,0.0
INTS14,-0.36057037,0.16851006,0.7184206495564802,1.0,0.09523809523809523
ZBTB40,-0.3607066,-0.7871957,0.7183187866668523,1.0,0.047619047619047616
MIPOL1,-0.36074066,-0.18192306,0.7182933217265446,1.0,0.2619047619047619
CAPNS1,-0.36097908,-0.05414386,0.7181150759067811,1.0,0.8333333333333334
ABCD4,-0.36111534,-0.34417644,0.7180132280396269,1.0,0.11904761904761904
NOD1,-0.36111534,-1.1616254,0.7180132280396269,1.0,0.023809523809523808
ADGRL1,-0.3611494,-1.8061953,0.7179877668557084,1.0,0.011904761904761904
AC010359.3,-0.36128566,-1.8129632,0.7178859252522858,1.0,0.011904761904761904
ANO10,-0.36169437,-0.07181095,0.7175804305255985,1.0,0.5952380952380952
ZNF684,-0.3618647,-1.6356506,0.7174531543820359,1.0,0.011904761904761904
MAEA,-0.3622053,-0.2620406,0.7171986256285132,1.0,0.10714285714285714
ANKRD13C,-0.3623075,-0.36836824,0.7171222731241953,1.0,0.10714285714285714
DGKH,-0.3623075,-0.042724848,0.7171222731241953,1.0,0.30952380952380953
IKZF4,-0.36234152,-1.1306707,0.7170968229175326,1.0,0.023809523809523808
MARC2,-0.3623756,-0.40201083,0.7170713730249678,1.0,0.08333333333333333
ELK4,-0.3625459,0.061008032,0.7169441282745086,1.0,0.35714285714285715
IL27RA,-0.36278433,-0.4294494,0.7167659988231538,1.0,0.11904761904761904
IPO5,-0.36278433,-0.10572622,0.7167659988231538,1.0,0.39285714285714285
SOS2,-0.36302274,-0.24050261,0.7165878847789251,1.0,0.19047619047619047
ZNF182,-0.36336336,-23.77012,0.7163334628883897,1.0,0.0
TSLP,-0.36336336,-23.78967,0.7163334628883897,1.0,0.0
ZNF624,-0.36336336,-23.787958,0.7163334628883897,1.0,0.0
BAALC-AS1,-0.36336336,-23.784132,0.7163334628883897,1.0,0.0
SMAD7,-0.36336336,-23.828634,0.7163334628883897,1.0,0.0
FBXO9,-0.36356774,0.014720223,0.7161808248660355,1.0,0.34523809523809523
THOC5,-0.3636018,-0.42302784,0.7161553862980654,1.0,0.10714285714285714
PKIA,-0.36380616,-0.070537336,0.7160027615071098,1.0,0.3333333333333333
DPP3,-0.36380616,-0.4198892,0.7160027615071098,1.0,0.11904761904761904
FAP,-0.36390835,-1.0745716,0.7159264533664831,1.0,0.023809523809523808
RCOR1,-0.3641127,-0.33522183,0.715773845598388,1.0,0.19047619047619047
PYROXD2,-0.36418083,-1.8315648,0.7157229788655245,1.0,0.011904761904761904
C16orf70,-0.36424896,-0.64897466,0.7156721133945864,1.0,0.03571428571428571
PTGS2,-0.36428303,-0.86392665,0.7156466811324034,1.0,0.011904761904761904
PSPC1,-0.3643171,-0.16893144,0.7156212491857784,1.0,0.17857142857142858
PON2,-0.36435112,-0.1214867,0.7155958175547372,1.0,0.4880952380952381
S1PR1,-0.3643852,-0.06397111,0.7155703862393052,1.0,0.5595238095238095
NSMCE2,-0.36441925,-0.045980603,0.7155449552395081,1.0,0.23809523809523808
BIN3,-0.3647258,0.041222222,0.7153160904491256,1.0,0.09523809523809523
SCD,-0.36503235,-0.09945035,0.715087251245889,1.0,0.8333333333333334
AL365203.2,-0.3652708,-0.8230563,0.7149092829007392,1.0,0.023809523809523808
RALY-AS1,-0.3656114,-1.1287175,0.7146550692953213,1.0,0.023809523809523808
HSPA9,-0.36564547,-0.05624411,0.7146296496754123,1.0,0.5595238095238095
FMNL3,-0.3657817,-0.15846872,0.7145279743618398,1.0,0.14285714285714285
FBXL13,-0.36581576,-0.33537793,0.7145025563250906,1.0,0.08333333333333333
CCDC113,-0.36591795,-0.359683,0.7144263041151964,1.0,0.08333333333333333
DPAGT1,-0.36591795,-0.061001696,0.7144263041151964,1.0,0.17857142857142858
REP15,-0.3662245,-23.8083,0.7141975645946732,1.0,0.0
BARD1,-0.3662245,-0.40437275,0.7141975645946732,1.0,0.047619047619047616
CHST3,-0.36629263,-1.5155531,0.7141467370766226,1.0,0.023809523809523808
EID2B,-0.36642885,-0.58088297,0.7140450858455185,1.0,0.05952380952380952
IRAK3,-0.36649698,-0.8681042,0.7139942621328734,1.0,0.023809523809523808
NCAPG,-0.3666673,-0.63596684,0.713867208403044,1.0,0.03571428571428571
PURG,-0.36670136,-0.4874749,0.7138417986090164,1.0,0.011904761904761904
CEP170B,-0.36670136,-0.9493716,0.7138417986090164,1.0,0.03571428571428571
USPL1,-0.36676946,-0.40929163,0.713790979973104,1.0,0.07142857142857142
POGLUT1,-0.3668376,-0.26035276,0.7137401626068851,1.0,0.21428571428571427
CHMP6,-0.3668376,0.06994384,0.7137401626068851,1.0,0.11904761904761904
ATF7IP2,-0.36711007,-0.71665615,0.7135369058430259,1.0,0.07142857142857142
CABLES1,-0.36711007,-1.2874756,0.7135369058430259,1.0,0.023809523809523808
UBXN2B,-0.3671782,-0.68970615,0.7134860948283354,1.0,0.047619047619047616
AUXG01000058.1,-0.36721227,-1.3371992,0.7134606897975717,1.0,0.011904761904761904
STEAP1B,-0.36741662,-0.5589697,0.7133082662867352,1.0,0.08333333333333333
TBC1D14,-0.367621,-0.48778936,0.7131558542205841,1.0,0.07142857142857142
STX17,-0.3677232,-0.07867015,0.7130796524809859,1.0,0.25
CLPP,-0.36809784,-0.06548393,0.7128002706042655,1.0,0.5714285714285714
ZER1,-0.36826816,-0.8106613,0.7126732915767847,1.0,0.047619047619047616
GCFC2,-0.36891532,-0.2565735,0.7121908439276895,1.0,0.09523809523809523
ZNF587B,-0.36908564,-23.76493,0.7120639031546216,1.0,0.0
METTL17,-0.36908564,-0.5248441,0.7120639031546216,1.0,0.09523809523809523
PREX2,-0.36922187,-0.6849538,0.7119623562808195,1.0,0.023809523809523808
GPAT4,-0.36922187,-0.12790431,0.7119623562808195,1.0,0.17857142857142858
TNNT1,-0.36935812,-0.27889282,0.711860814515138,1.0,0.23809523809523808
RXYLT1,-0.36935812,-0.15631072,0.711860814515138,1.0,0.27380952380952384
SLC27A4,-0.3696306,-0.64668465,0.7116577463146495,1.0,0.047619047619047616
MICAL2,-0.3696306,-0.13739988,0.7116577463146495,1.0,0.39285714285714285
TOP1MT,-0.37020963,-0.11498126,0.711226294311895,1.0,0.2261904761904762
USP14,-0.3705843,-0.11376194,0.7109471687579519,1.0,0.6547619047619048
TMEM218,-0.37061837,-0.27653736,0.7109217956287307,1.0,0.16666666666666666
ZNF385A,-0.3706865,-1.7343558,0.7108710503312123,1.0,0.011904761904761904
AC020915.2,-0.37092492,-0.8066256,0.7106934518822672,1.0,0.03571428571428571
KLHL17,-0.3714018,-1.4626417,0.710338302110709,1.0,0.011904761904761904
TPR,-0.37150395,-0.06862459,0.7102622067683853,1.0,0.7023809523809523
AC004812.2,-0.37194675,-23.817968,0.7099324936735563,1.0,0.0
NAPA-AS1,-0.37194675,-23.863726,0.7099324936735563,1.0,0.0
SHPK,-0.37194675,-23.788883,0.7099324936735563,1.0,0.0
AMBRA1,-0.37194675,-23.835781,0.7099324936735563,1.0,0.0
NDEL1,-0.37198082,-0.2750695,0.709907133376114,1.0,0.13095238095238096
FCHSD1,-0.37201488,-1.3447816,0.7098817733999863,1.0,0.023809523809523808
FBXO30,-0.3721511,-0.26992056,0.7097803367091265,1.0,0.08333333333333333
KPNA2,-0.37242362,-0.11627111,0.7095774787582065,1.0,0.39285714285714285
HES7,-0.37245768,-1.0228688,0.7095521229614733,1.0,0.03571428571428571
C19orf54,-0.37245768,-1.8367783,0.7095521229614733,1.0,0.011904761904761904
PPIE,-0.37266204,-0.106620595,0.7093999949370142,1.0,0.34523809523809523
HIST1H4C,-0.3727983,-0.10563803,0.7092985826901288,1.0,0.4166666666666667
DNAJC25,-0.37290046,-0.13711922,0.7092225268850632,1.0,0.09523809523809523
MOCS3,-0.37296858,-0.80471194,0.7091718246249699,1.0,0.03571428571428571
MIIP,-0.3730367,-0.5602667,0.7091211236530732,1.0,0.08333333333333333
TSIX,-0.37310484,-0.7131026,0.7090704239695759,1.0,0.047619047619047616
HAUS4,-0.373207,-0.17426279,0.7089943768605215,1.0,0.27380952380952384
ZNF16,-0.37371793,-0.6086118,0.7086141848294782,1.0,0.047619047619047616
RRAS,-0.37385416,-0.02962331,0.7085128125433677,1.0,0.7738095238095238
CYTH1,-0.37419477,-0.14721718,0.7082594044211308,1.0,0.09523809523809523
KRR1,-0.37422884,-0.1312725,0.7082340653847699,1.0,0.32142857142857145
PGF,-0.3742629,-0.13105287,0.7082087266713941,1.0,0.3333333333333333
MOCOS,-0.37443322,-1.5164444,0.7080820379501798,1.0,0.011904761904761904
PORCN,-0.3746035,-0.4883243,0.7079553573073887,1.0,0.05952380952380952
DCLK2,-0.3748079,-23.941307,0.7078033512040058,1.0,0.0
HSD11B1,-0.3748079,-23.940725,0.7078033512040058,1.0,0.0
TAS2R14,-0.3748079,-23.822916,0.7078033512040058,1.0,0.0
MTRNR2L6,-0.3748079,-23.88826,0.7078033512040058,1.0,0.0
ASCC1,-0.37572753,-0.16487265,0.7071194678988661,1.0,0.13095238095238096
KMT2B,-0.3759319,-0.33948967,0.706967525899125,1.0,0.15476190476190477
SEPHS2,-0.37603408,-0.2896379,0.7068915592762609,1.0,0.19047619047619047
NLGN2,-0.37613627,-0.20148657,0.7068155955723092,1.0,0.05952380952380952
INTS12,-0.37630656,-0.49467698,0.7066889958873783,1.0,0.09523809523809523
SLC47A1,-0.37664717,-0.9620021,0.7064358208600697,1.0,0.023809523809523808
PDIK1L,-0.37678343,-2.0451374,0.7063345599415034,1.0,0.011904761904761904
TMEM179B,-0.37685156,-0.07157808,0.7062839314313889,1.0,0.38095238095238093
HAND2,-0.37739652,-0.21579011,0.7058789501571295,1.0,0.09523809523809523
ZNF12,-0.37739652,-0.61403435,0.7058789501571295,1.0,0.07142857142857142
BTBD10,-0.37760088,0.010819112,0.705727103645632,1.0,0.35714285714285715
MMP19,-0.377669,-23.883116,0.7056764907453928,1.0,0.0
CCDC88C,-0.377669,-23.855711,0.7056764907453928,1.0,0.0
SLC31A2,-0.377669,-23.761335,0.7056764907453928,1.0,0.0
MAN2C1,-0.37783933,-0.113346554,0.7055499641920644,1.0,0.15476190476190477
ZNF160,-0.3779415,-0.32220033,0.705474052167773,1.0,0.09523809523809523
DENND1A,-0.37800962,-0.42216036,0.7054234457802089,1.0,0.05952380952380952
RBM28,-0.3781118,-0.11194685,0.7053475386423113,1.0,0.36904761904761907
SLC66A2,-0.37858865,-0.34635904,0.7049933441204634,1.0,0.11904761904761904
CCDC57,-0.37875897,-0.4490948,0.704866861568448,1.0,0.05952380952380952
PAK1IP1,-0.3788271,-0.20530324,0.704816270831832,1.0,0.2976190476190476
PITPNA-AS1,-0.37920177,-0.54604596,0.7045380451225969,1.0,0.08333333333333333
PIDD1,-0.37923583,-0.4916549,0.7045127538357885,1.0,0.023809523809523808
JUND,-0.37926987,-0.072566934,0.7044874628756699,1.0,0.8214285714285714
SMIM8,-0.379338,-0.3522876,0.7044368819356027,1.0,0.10714285714285714
NOVA2,-0.37961048,-0.16828157,0.7042345712479505,1.0,0.20238095238095238
SMIM12,-0.379883,-0.13566233,0.7040322814861285,1.0,0.27380952380952384
COL6A1,-0.37991706,-0.089659855,0.7040069967378884,1.0,0.4166666666666667
SHANK3,-0.38018954,-0.2573375,0.7038047305329892,1.0,0.17857142857142858
MARK2,-0.38025767,-0.22703806,0.7037541672551906,1.0,0.11904761904761904
RNF139-AS1,-0.38053015,-23.833485,0.703551927243723,1.0,0.0
SLC25A19,-0.38121137,-0.7359341,0.7030464189833632,1.0,0.07142857142857142
TWNK,-0.3816201,-0.44130608,0.7027431770181638,1.0,0.047619047619047616
MRTFB,-0.3816201,-0.18374978,0.7027431770181638,1.0,0.16666666666666666
AC009120.2,-0.3816882,-1.2084882,0.7026926412877013,1.0,0.023809523809523808
PPIL2,-0.38175634,-0.20340554,0.7026421068712219,1.0,0.10714285714285714
VWF,-0.3818926,-1.1491721,0.7025410419810137,1.0,0.023809523809523808
ZMYM4,-0.38209695,-0.07048312,0.7023894545055828,1.0,0.30952380952380953
GLIS2,-0.38236943,-1.9569187,0.7021873562851977,1.0,0.011904761904761904
LDLR,-0.38247162,-0.02585948,0.7021115748803064,1.0,0.6785714285714286
MSANTD4,-0.3826419,-0.35157144,0.7019852791205838,1.0,0.14285714285714285
AURKB,-0.38267598,-1.1731263,0.7019600209561292,1.0,0.023809523809523808
GSTZ1,-0.3828463,-0.30031493,0.7018337350726791,1.0,0.23809523809523808
KIAA1614,-0.3828463,-1.5333551,0.7018337350726791,1.0,0.011904761904761904
NCOA4,-0.3828463,-0.1667072,0.7018337350726791,1.0,0.42857142857142855
IFFO1,-0.38311878,-0.718488,0.7016316947864841,1.0,0.047619047619047616
PIBF1,-0.38311878,-0.31617725,0.7016316947864841,1.0,0.11904761904761904
TOM1,-0.3831869,-0.89902866,0.7015811880099019,1.0,0.023809523809523808
SLC2A6,-0.38386813,-0.08260635,0.7010761927883277,1.0,0.13095238095238096
CATSPER2,-0.3839022,-1.2000757,0.7010509464915995,1.0,0.03571428571428571
EMC1,-0.38420874,-0.19600806,0.7008237446795005,1.0,0.2976190476190476
PLPPR1,-0.38427687,-0.73165333,0.7007732590210883,1.0,0.047619047619047616
COPS6,-0.38431093,-0.08781121,0.7007480166874638,1.0,0.7261904761904762
CCDC122,-0.38434497,-0.36415684,0.70072277468426,1.0,0.13095238095238096
SNX2,-0.3844131,-0.14932296,0.7006722916692152,1.0,0.3333333333333333
ZNF276,-0.38468558,-0.3023279,0.7004703728308632,1.0,0.11904761904761904
S100A4,-0.38577554,-1.2342675,0.6996629092501918,1.0,0.023809523809523808
FKBP11,-0.38608208,-0.16602425,0.699435871243363,1.0,0.36904761904761907
SH2B3,-0.38618428,-0.12881824,0.6993601978777688,1.0,0.38095238095238093
AC024560.5,-0.3862524,-23.836494,0.6993097506262911,1.0,0.0
RASA4,-0.3862524,-23.920263,0.6993097506262911,1.0,0.0
AC009779.2,-0.3862524,-23.829195,0.6993097506262911,1.0,0.0
TRIM52-AS1,-0.38638863,0.030085184,0.6992088601056371,1.0,0.15476190476190477
SGPP1,-0.38645676,-1.6529727,0.699158416836859,1.0,0.023809523809523808
SMG7,-0.386593,-0.03421713,0.699057534283396,1.0,0.17857142857142858
ROM1,-0.3868655,-1.1033772,0.6988557851184183,1.0,0.023809523809523808
HNRNPH2,-0.38727424,-0.2346365,0.6985532012497064,1.0,0.2976190476190476
RBM27,-0.38734236,-0.12338561,0.6985027752599962,1.0,0.3333333333333333
TAF11,-0.38741046,-0.006824347,0.6984523506008378,1.0,0.44047619047619047
ANKRD27,-0.38754672,-0.5778115,0.698351505274972,1.0,0.05952380952380952
DFFB,-0.38771704,-0.7713199,0.6982254561055367,1.0,0.03571428571428571
SLC25A36,-0.38785326,-0.07187804,0.6981246227622443,1.0,0.44047619047619047
FAM89B,-0.38822794,-0.21106066,0.6978473585463614,1.0,0.23809523809523808
ZNF254,-0.38822794,-0.7202187,0.6978473585463614,1.0,0.03571428571428571
ZNF579,-0.388262,-0.39232206,0.6978221547077614,1.0,0.08333333333333333
BRI3BP,-0.388262,-0.27809295,0.6978221547077614,1.0,0.09523809523809523
WDR34,-0.38829607,-0.21577503,0.69779695120247,1.0,0.23809523809523808
EXOSC4,-0.38850042,-0.018954488,0.6976457371715983,1.0,0.23809523809523808
MTDH,-0.38894323,-0.028592914,0.6973181479636354,1.0,0.9642857142857143
GTF2E1,-0.3889773,-0.42704034,0.6972929511297343,1.0,0.07142857142857142
ZNF70,-0.38911352,-23.932203,0.6971921671326784,1.0,0.0
CPAMD8,-0.38911352,-23.978384,0.6971921671326784,1.0,0.0
AL139351.3,-0.38911352,-23.844862,0.6971921671326784,1.0,0.0
UBE3D,-0.3893179,-0.9379038,0.69704100115547,1.0,0.03571428571428571
STEAP3,-0.38938603,-0.33326358,0.696990615168761,1.0,0.05952380952380952
ZNF81,-0.38986287,-1.022941,0.6966379506952081,1.0,0.011904761904761904
MRPL4,-0.39047596,-0.087418795,0.6961846212817331,1.0,0.42857142857142855
MYO19,-0.3906122,-0.29482085,0.6960838961434939,1.0,0.10714285714285714
BEST1,-0.39068034,-0.912755,0.6960335355843932,1.0,0.023809523809523808
UBA6-AS1,-0.39068034,-0.585041,0.6960335355843932,1.0,0.023809523809523808
GMEB1,-0.3907144,-0.4043846,0.6960083558074341,1.0,0.08333333333333333
MYBL2,-0.3908847,-0.3895605,0.6958824619495425,1.0,0.07142857142857142
PPP1R15B,-0.39095283,-0.12038563,0.6958321067527364,1.0,0.13095238095238096
E2F6,-0.39105502,-0.39677846,0.6957565764720928,1.0,0.07142857142857142
XRCC4,-0.39112312,-0.64337707,0.6957062246283292,1.0,0.047619047619047616
MPHOSPH9,-0.39112312,-0.28298953,0.6957062246283292,1.0,0.13095238095238096
DCLRE1C,-0.39112312,-0.18213241,0.6957062246283292,1.0,0.09523809523809523
MTMR4,-0.39115718,-0.39793435,0.6956810492095213,1.0,0.11904761904761904
TTLL7,-0.39156592,-0.57428235,0.6953789703533191,1.0,0.07142857142857142
AC005632.3,-0.39197466,-23.887445,0.6950769398396985,1.0,0.0
PARP16,-0.39197466,-24.017937,0.6950769398396985,1.0,0.0
AC005229.4,-0.39197466,-23.89682,0.6950769398396985,1.0,0.0
AFG1L,-0.39197466,-23.881025,0.6950769398396985,1.0,0.0
PYGB,-0.3921109,-0.24224137,0.6949762737520042,1.0,0.21428571428571427
ZC2HC1A,-0.3925537,-0.22293916,0.6946491461151036,1.0,0.20238095238095238
FAM135A,-0.3933371,-0.73792744,0.6940705211500784,1.0,0.047619047619047616
SNHG26,-0.3933371,-0.54370594,0.6940705211500784,1.0,0.023809523809523808
SAP30BP,-0.39388207,-0.117489785,0.6936681045602444,1.0,0.3333333333333333
IER5,-0.3939502,-0.15724607,0.6936178085574844,1.0,0.14285714285714285
MRPS34,-0.39398426,-0.048010495,0.6935926610622527,1.0,0.75
ZNF587,-0.394393,-0.8971413,0.6932909174487962,1.0,0.03571428571428571
RAD51-AS1,-0.39469954,-0.3462604,0.693064641654765,1.0,0.07142857142857142
DCLRE1A,-0.3948358,-23.861155,0.6929640834216706,1.0,0.0
CCDC157,-0.3948358,-23.9515,0.6929640834216706,1.0,0.0
ZNF841,-0.3948358,-23.950006,0.6929640834216706,1.0,0.0
DEPDC5,-0.39531264,-0.76244295,0.6926121722143688,1.0,0.03571428571428571
ATP6V0A1,-0.39531264,-0.082821324,0.6926121722143688,1.0,0.19047619047619047
TPMT,-0.3953467,-0.32635057,0.6925870382369526,1.0,0.16666666666666666
DNAJA3,-0.39538077,-0.076732635,0.6925619045979863,1.0,0.11904761904761904
SLC2A11,-0.39558512,-0.8014984,0.6924111098730166,1.0,0.03571428571428571
ELP5,-0.39572138,-0.18234718,0.6923105868284862,1.0,0.15476190476190477
MBIP,-0.39602792,-0.30733934,0.692084429795844,1.0,0.11904761904761904
ACSL3,-0.3961301,-0.061000194,0.6920090502183646,1.0,0.7857142857142857
VIM,-0.39664102,-0.02023852,0.6916321981113376,1.0,1.0
SEMA3A,-0.39687943,-0.16836753,0.691456359922255,1.0,0.42857142857142855
DEPDC1,-0.39694756,-0.7257356,0.6914061234952953,1.0,0.023809523809523808
ATP6V1E2,-0.3970157,-0.67829674,0.6913558884267559,1.0,0.03571428571428571
PFDN5,-0.3974585,0.007882017,0.6910293936063048,1.0,0.9880952380952381
HSD17B11,-0.3974585,-0.08450847,0.6910293936063048,1.0,0.2619047619047619
SLC35E2B,-0.3976969,-0.91740984,0.6908536124976716,1.0,0.03571428571428571
MANBA,-0.39790127,-0.41141188,0.6907029562413174,1.0,0.09523809523809523
TGFBR2,-0.39834407,-0.08361907,0.690376576385675,1.0,0.6309523809523809
LEAP2,-0.39871874,-1.2269874,0.6901004537739615,1.0,0.023809523809523808
TBC1D10B,-0.39871874,-0.2489987,0.6901004537739615,1.0,0.11904761904761904
DHH,-0.39878687,-1.4682888,0.6900502540932268,1.0,0.011904761904761904
GBGT1,-0.39888906,-0.39709893,0.6899749571291542,1.0,0.03571428571428571
OAS2,-0.39912748,-0.5518559,0.6897992761492162,1.0,0.07142857142857142
ADAMTS9,-0.39929777,-0.24823456,0.6896737999697022,1.0,0.15476190476190477
ENPP1,-0.3993659,-0.46396142,0.6896236118867993,1.0,0.10714285714285714
NUDT6,-0.39939997,-0.4798873,0.6895985183573534,1.0,0.047619047619047616
ARPC5L,-0.3995703,-0.111464344,0.6894730558311588,1.0,0.5833333333333334
GGA2,-0.39974058,-0.27008513,0.6893476018422643,1.0,0.07142857142857142
SH3RF3,-0.3998087,-0.21938597,0.6892974226378356,1.0,0.10714285714285714
ETV6,-0.39994493,-0.41615698,0.6891970683291322,1.0,0.13095238095238096
CCDC59,-0.39994493,-0.14281958,0.6891970683291322,1.0,0.36904761904761907
ZNF585B,-0.40011525,-1.84942,0.6890716331330599,1.0,0.011904761904761904
EXOSC1,-0.40018338,-0.1400895,0.6890214614476426,1.0,0.25
CASD1,-0.40045586,-0.35625413,0.6888207883852155,1.0,0.08333333333333333
AL138724.1,-0.40055805,-23.88632,0.6887455416312397,1.0,0.0
MYEF2,-0.40059212,-0.12442466,0.6887204600642838,1.0,0.2857142857142857
SLC38A2,-0.40079647,-0.07105317,0.6885699778501362,1.0,0.5833333333333334
DRAM1,-0.40079647,-0.065652035,0.6885699778501362,1.0,0.23809523809523808
KCNAB1,-0.40083054,-0.050026003,0.688544898679271,1.0,0.7142857142857143
UNC119B,-0.4008646,-0.24146786,0.6885198198508021,1.0,0.03571428571428571
ORAI3,-0.40106896,-0.06273444,0.6883693540716797,1.0,0.23809523809523808
RITA1,-0.40113708,-0.37793604,0.6883192015522499,1.0,0.10714285714285714
PHF21A,-0.40130737,-0.284766,0.6881938262498848,1.0,0.11904761904761904
APEX2,-0.40130737,-0.4208558,0.6881938262498848,1.0,0.047619047619047616
NDUFA3,-0.40134144,-0.056737043,0.6881687522175286,1.0,0.7976190476190477
FBXL15,-0.40154582,-0.16420795,0.6880183152222585,1.0,0.17857142857142858
DNASE1L1,-0.40219298,-0.14243941,0.6875420128698818,1.0,0.3333333333333333
TXLNG,-0.40219298,-0.2135972,0.6875420128698818,1.0,0.14285714285714285
BTF3L4,-0.40249953,-0.13175164,0.6873164392207922,1.0,0.5238095238095238
EZH2,-0.40249953,-0.6286038,0.6873164392207922,1.0,0.03571428571428571
GNA11,-0.4025336,-0.12816842,0.6872913771996378,1.0,0.21428571428571427
HECTD4,-0.40266982,-0.2550241,0.6871911325514235,1.0,0.13095238095238096
ATXN1L,-0.40273795,-0.85442567,0.6871410122894995,1.0,0.047619047619047616
ERCC6,-0.4030445,-0.26207247,0.6869154881298815,1.0,0.05952380952380952
ZNF234,-0.40307856,-0.89007664,0.6868904316095059,1.0,0.047619047619047616
PBLD,-0.40341917,-23.954742,0.6866398853300794,1.0,0.0
LINC02762,-0.4038279,-0.7045788,0.6863392752377868,1.0,0.05952380952380952
TBC1D13,-0.4038279,-0.749538,0.6863392752377868,1.0,0.07142857142857142
MDN1,-0.4041004,-0.33166683,0.6861388960702786,1.0,0.23809523809523808
C11orf58,-0.40423664,-0.030595744,0.6860387147593998,1.0,0.8214285714285714
GOLPH3L,-0.4042707,-0.25321826,0.6860136702937014,1.0,0.15476190476190477
HNRNPM,-0.40484974,-0.09918186,0.6855879671597949,1.0,0.6309523809523809
SRSF2,-0.4048838,-0.071715586,0.6855629289052423,1.0,0.6309523809523809
ZNF765,-0.40502003,-1.7823206,0.6854627793402188,1.0,0.011904761904761904
DST,-0.40502003,-0.02419847,0.6854627793402188,1.0,0.8571428571428571
SLC45A4,-0.4050541,-1.5214585,0.6854377428123813,1.0,0.011904761904761904
LTB4R,-0.4053266,-1.5412549,0.6852374630266909,1.0,0.011904761904761904
TRIM23,-0.4053947,-0.6644299,0.6851873965358835,1.0,0.07142857142857142
INIP,-0.40553096,-0.19816092,0.685087267702366,1.0,0.11904761904761904
AC015987.1,-0.40570125,-1.3364487,0.6849621144401539,1.0,0.011904761904761904
RPP30,-0.4057353,-0.2963369,0.6849370848252452,1.0,0.15476190476190477
LINC01638,-0.4057353,-2.0794108,0.6849370848252452,1.0,0.011904761904761904
LRP8,-0.40587157,-0.122001424,0.6848369698248662,1.0,0.30952380952380953
ITPR3,-0.40587157,-0.3130964,0.6848369698248662,1.0,0.21428571428571427
NHEJ1,-0.40600783,-2.1484373,0.6847368603604591,1.0,0.011904761904761904
DHODH,-0.40607592,-0.60351294,0.6846868077047303,1.0,0.047619047619047616
ATAD3B,-0.4062803,-0.674663,0.6845366580457698,1.0,0.023809523809523808
MEG8,-0.4062803,-24.04578,0.6845366580457698,1.0,0.0
TTF2,-0.40682527,-0.27520114,0.6841363199163286,1.0,0.25
COX10-AS1,-0.40685934,-1.4528801,0.6841113017289627,1.0,0.011904761904761904
AC068587.4,-0.4068934,-1.0645294,0.6840862838882978,1.0,0.011904761904761904
C1RL,-0.40696153,-0.28385866,0.6840362492471684,1.0,0.08333333333333333
FBXW4,-0.40709776,-0.43676633,0.6839361841263887,1.0,0.07142857142857142
LANCL2,-0.40709776,-0.9070991,0.6839361841263887,1.0,0.03571428571428571
CYB5A,-0.40719995,-0.25300708,0.6838611389278609,1.0,0.21428571428571427
IGFBP4,-0.40730214,-0.08169549,0.6837860968518226,1.0,0.4642857142857143
PSMD4,-0.4075065,-0.08075974,0.6836360220698285,1.0,0.5952380952380952
CALCOCO2,-0.40754056,-0.09151503,0.6836110108210856,1.0,0.5
HCFC1R1,-0.4077449,-0.04131586,0.6834609506203659,1.0,0.34523809523809523
SH3PXD2A,-0.4078471,-0.078343995,0.6833859252086409,1.0,0.21428571428571427
TSSC4,-0.4079493,-0.18134269,0.6833109029235431,1.0,0.17857142857142858
TMEM67,-0.40801743,-0.3047103,0.6832608898041489,1.0,0.14285714285714285
UBLCP1,-0.40815365,-0.11143219,0.6831608677358413,1.0,0.32142857142857145
STPG1,-0.40839207,-0.9235112,0.6829858425006297,1.0,0.023809523809523808
PARP4,-0.40876675,-0.03782211,0.6827108372796846,1.0,0.30952380952380953
RPUSD2,-0.40903926,-1.3593779,0.682510859933028,1.0,0.03571428571428571
GOLGA8B,-0.4090733,-0.510402,0.6824858643315623,1.0,0.05952380952380952
ETV3,-0.40914142,-0.35639527,0.6824358741734742,1.0,0.047619047619047616
ABCF2,-0.40958422,-0.15697777,0.6821109721158598,1.0,0.25
STK19,-0.4096183,-0.09671418,0.6820859820896594,1.0,0.2261904761904762
HNRNPA2B1,-0.40999296,-0.0537582,0.6818111148182706,1.0,0.9166666666666666
DDX42,-0.41002703,-0.10829471,0.6817861289775728,1.0,0.2619047619047619
CREBZF,-0.4100611,-0.2648987,0.681761143485824,1.0,0.19047619047619047
LTN1,-0.41016325,-0.13575177,0.6816861891045101,1.0,0.25
ELAC2,-0.41016325,-0.20116532,0.6816861891045101,1.0,0.15476190476190477
PLXNB2,-0.41016325,-0.6831089,0.6816861891045101,1.0,0.08333333333333333
IGF2BP2,-0.410572,-0.10443836,0.6813864029998229,1.0,0.6309523809523809
KIAA0319L,-0.41064012,-0.20227309,0.6813364435385979,1.0,0.2261904761904762
LRRC6,-0.41084448,-0.5806248,0.6811865735408744,1.0,0.047619047619047616
RAD51D,-0.41098073,-0.66833353,0.681086667199279,1.0,0.07142857142857142
CCL2,-0.41121915,-0.07187612,0.680911844562915,1.0,0.44047619047619047
TUG1,-0.4112532,-0.14783394,0.6808868712995524,1.0,0.34523809523809523
PKP4,-0.41132134,-0.43141565,0.6808369258222995,1.0,0.14285714285714285
SERINC5,-0.41166195,-0.65140396,0.6805872194317357,1.0,0.047619047619047616
VEGFB,-0.41179818,-0.1062533,0.6804873466770971,1.0,0.30952380952380953
SLC9A3-AS1,-0.41200256,-23.96603,0.6803375480516517,1.0,0.0
DENND4B,-0.41200256,-0.46313843,0.6803375480516517,1.0,0.047619047619047616
PIK3IP1,-0.41200256,-24.031675,0.6803375480516517,1.0,0.0
ZC3H12A,-0.41200256,-23.984478,0.6803375480516517,1.0,0.0
ADARB1,-0.4120707,-0.14712484,0.6802876179790094,1.0,0.17857142857142858
SNHG1,-0.41244537,-0.24264345,0.6800130276377638,1.0,0.2261904761904762
PCIF1,-0.41268378,-0.4306718,0.6798383104191243,1.0,0.10714285714285714
DOT1L,-0.4127519,-0.9196318,0.6797883943708728,1.0,0.047619047619047616
NRARP,-0.41282,-0.7495301,0.6797384797261177,1.0,0.03571428571428571
ZSCAN16-AS1,-0.41282,-0.1613616,0.6797384797261177,1.0,0.20238095238095238
MTHFD2L,-0.41295627,-0.27386147,0.6796386546478652,1.0,0.19047619047619047
DNAJC13,-0.4130244,-0.21994032,0.6795887442147523,1.0,0.20238095238095238
BOD1,-0.4131266,-0.11919791,0.6795138811981396,1.0,0.30952380952380953
ZNF714,-0.4131947,-0.71162176,0.6794639742760491,1.0,0.03571428571428571
PPP1CA,-0.413365,-0.06941996,0.6793392131170033,1.0,0.6666666666666666
VIRMA,-0.41343313,-0.16022186,0.679289311112361,1.0,0.35714285714285715
PREP,-0.41350123,-0.35074824,0.679239410513136,1.0,0.13095238095238096
MCRIP2,-0.41401216,-0.28321058,0.6788652008359979,1.0,0.30952380952380953
SSRP1,-0.41401216,-0.10256712,0.6788652008359979,1.0,0.5357142857142857
IRF7,-0.4141484,-1.4490867,0.67876542495238,1.0,0.023809523809523808
ALKBH4,-0.4143187,-0.47997794,0.6786407130148431,1.0,0.05952380952380952
CBX6,-0.41435277,-0.08609127,0.6786157716831734,1.0,0.3333333333333333
RECK,-0.41435277,-0.13537073,0.6786157716831734,1.0,0.27380952380952384
ABHD8,-0.41486368,-24.0597,0.6782416939617718,1.0,0.0
GPR135,-0.41486368,-23.94312,0.6782416939617718,1.0,0.0
AC119673.2,-0.41499993,-0.26328257,0.6781419532891209,1.0,0.11904761904761904
ATN1,-0.41510212,-0.05388658,0.6780671514853478,1.0,0.2857142857142857
TLN1,-0.41585144,-0.09305,0.6775187019114717,1.0,0.7738095238095238
RNF24,-0.41622612,-0.14624834,0.6772445411881509,1.0,0.14285714285714285
ZNF7,-0.4163283,-0.21688329,0.6771697775001368,1.0,0.08333333333333333
ITGA3,-0.4164305,-0.11349592,0.6770950169926332,1.0,0.5357142857142857
BNIP3L,-0.41673705,-0.11437631,0.6768707545596365,1.0,0.5595238095238095
KIAA0408,-0.41673705,-2.5121388,0.6768707545596365,1.0,0.011904761904761904
REPIN1,-0.4170436,-0.3627715,0.6766465207744571,1.0,0.10714285714285714
PPM1M,-0.4171458,-0.88844967,0.6765717825485882,1.0,0.03571428571428571
AC098487.1,-0.41762263,-0.65814435,0.6762230462932499,1.0,0.03571428571428571
ATP6V1C2,-0.41772482,-24.070528,0.6761483261280308,1.0,0.0
TERT,-0.41772482,-24.01557,0.6761483261280308,1.0,0.0
ICAM1,-0.41786107,-0.19634284,0.6760487042023493,1.0,0.2619047619047619
EDEM1,-0.41796324,-0.22454897,0.6759739914798807,1.0,0.16666666666666666
PLD3,-0.4180995,-0.06853927,0.6758743794802036,1.0,0.5476190476190477
AC011939.2,-0.41820168,-1.0019778,0.6757996742039911,1.0,0.023809523809523808
ZBTB7B,-0.41837198,-1.5006986,0.6756751725046776,1.0,0.011904761904761904
KATNB1,-0.41867852,-0.72426254,0.6754510918017,1.0,0.05952380952380952
ZNF564,-0.41874665,-2.3384218,0.6754012999947164,1.0,0.011904761904761904
ARRDC1,-0.41901913,-0.48453572,0.6752021469720496,1.0,0.09523809523809523
FDX1,-0.41935974,-0.111691214,0.6749532376698549,1.0,0.4523809523809524
MRRF,-0.41935974,-0.3966801,0.6749532376698549,1.0,0.14285714285714285
PPA2,-0.41942787,-0.1451685,0.6749034600748056,1.0,0.39285714285714285
FO393401.1,-0.419496,-0.7095113,0.674853683901997,1.0,0.07142857142857142
YWHAH,-0.41970035,-0.05254629,0.674704363918919,1.0,0.7619047619047619
AC009236.1,-0.41976848,-1.7008785,0.6746545934369768,1.0,0.023809523809523808
HPSE,-0.41980255,-0.4294244,0.6746297087296907,1.0,0.10714285714285714
TENT4B,-0.41993877,-0.11887508,0.6745301734590037,1.0,0.21428571428571427
ACO1,-0.42024532,-0.061304837,0.6743062399234188,1.0,0.5714285714285714
KDM5C,-0.42024532,-0.17394966,0.6743062399234188,1.0,0.13095238095238096
HPS6,-0.42027938,-0.9841128,0.6742813601998026,1.0,0.03571428571428571
DDB1,-0.42058593,-0.14927264,0.6740574587170702,1.0,0.38095238095238093
CCDC138,-0.42058593,-23.96718,0.6740574587170702,1.0,0.0
AL031985.3,-0.42058593,-24.01849,0.6740574587170702,1.0,0.0
AL390728.6,-0.42065406,-0.8418635,0.6740077067514627,1.0,0.047619047619047616
ATP5F1E,-0.42160776,-0.03221363,0.6733113290141299,1.0,1.0
TRIM69,-0.42194837,-0.41970158,0.6730626904976438,1.0,0.05952380952380952
MTFP1,-0.4221187,-0.13210918,0.6729383846373369,1.0,0.16666666666666666
FASTKD5,-0.42218682,-1.2996328,0.6728886647951025,1.0,0.011904761904761904
PTGER4,-0.4222209,-0.19457167,0.6728638054101992,1.0,0.16666666666666666
MTHFSD,-0.4223571,-0.7381505,0.6727643714458971,1.0,0.023809523809523808
ZBTB16,-0.42249337,-0.978766,0.6726649432032308,1.0,0.023809523809523808
ATP13A3,-0.42249337,-0.09749724,0.6726649432032308,1.0,0.42857142857142855
MIR22HG,-0.42337894,-0.18912238,0.6720187991954609,1.0,0.2619047619047619
AC018413.1,-0.42344707,-24.127886,0.6719691058376975,1.0,0.0
ZNF850,-0.42344707,-24.030428,0.6719691058376975,1.0,0.0
SCYL1,-0.42371956,-0.21354641,0.6717703467429308,1.0,0.16666666666666666
ZKSCAN8,-0.42371956,-0.65377027,0.6717703467429308,1.0,0.09523809523809523
SBNO1,-0.42382175,-0.07693226,0.6716958179978028,1.0,0.2976190476190476
THADA,-0.4238558,-0.25430107,0.6716709757999686,1.0,0.14285714285714285
ALG1,-0.42392394,-0.43518466,0.6716212924802547,1.0,0.05952380952380952
TNRC6C,-0.42406017,-0.403632,0.6715219301453075,1.0,0.08333333333333333
FGF2,-0.42416236,-0.52218574,0.6714474121612619,1.0,0.07142857142857142
CDKN2C,-0.42419642,-0.84317315,0.671422573550928,1.0,0.023809523809523808
HFE,-0.42426455,-0.3419419,0.671372897406924,1.0,0.03571428571428571
DDIT3,-0.42443484,-0.6180276,0.6712487133285546,1.0,0.08333333333333333
DEK,-0.42484358,-0.081885725,0.6709507081687218,1.0,0.7380952380952381
C5orf56,-0.42515013,-0.81061673,0.6707272382531873,1.0,0.047619047619047616
ELMOD3,-0.42521825,-0.484879,0.6706775822263052,1.0,0.05952380952380952
CYBRD1,-0.4256951,-0.6663031,0.6703300303226043,1.0,0.09523809523809523
SPIN1,-0.42579728,-0.13751552,0.6702555640903893,1.0,0.16666666666666666
HELLPAR,-0.4258654,-0.7237126,0.6702059217354868,1.0,0.03571428571428571
PPIF,-0.42610383,-0.68400073,0.6700321848357166,1.0,0.07142857142857142
LINC02657,-0.4263082,-24.062931,0.6698832815406095,1.0,0.0
MCRIP1,-0.42644444,-0.1963427,0.6697840198837487,1.0,0.36904761904761907
ASAP1,-0.42654663,-0.088775225,0.6697095774256102,1.0,0.8452380952380952
ARHGAP22,-0.42654663,-0.22300863,0.6697095774256102,1.0,0.23809523809523808
DAZAP1,-0.42671692,-0.11700994,0.6695855138725157,1.0,0.2976190476190476
CDCA8,-0.42688724,0.0114954,0.669461459335059,1.0,0.03571428571428571
AL078587.2,-0.42698944,-2.0305412,0.6693870309413152,1.0,0.011904761904761904
MAGOH,-0.42712566,-0.17125149,0.6692877981344936,1.0,0.39285714285714285
ATP5PF,-0.42736408,-0.03141166,0.6691141546184177,1.0,0.8809523809523809
ACP6,-0.42760253,-0.7540486,0.6689405287949007,1.0,0.05952380952380952
RPLP0,-0.4276366,-0.007254138,0.6689157265505878,1.0,1.0
NLGN1,-0.4279772,-0.11253482,0.66866772398068,1.0,0.3333333333333333
RELB,-0.42801127,-0.23468791,0.6686429257115283,1.0,0.07142857142857142
RAD9A,-0.42821562,-0.8927938,0.6684941436893477,1.0,0.03571428571428571
LINC01641,-0.4284881,-2.0891206,0.6682957879136274,1.0,0.011904761904761904
ZNF8,-0.42852217,-0.7389111,0.6682709950697328,1.0,0.03571428571428571
RASGRP3,-0.42862436,-2.1347632,0.6681966187093727,1.0,0.011904761904761904
ALG6,-0.42865843,-0.69493055,0.6681718273131058,1.0,0.08333333333333333
PBRM1,-0.42872652,-0.13569129,0.6681222456064919,1.0,0.36904761904761907
TMEM99,-0.42889684,-1.0706247,0.6679982976755879,1.0,0.023809523809523808
FLAD1,-0.42896497,-0.23525566,0.6679487210379715,1.0,0.16666666666666666
CHD9,-0.42923746,-0.12289557,0.6677504289764566,1.0,0.47619047619047616
SENCR,-0.42957807,-0.39201587,0.6675025965137783,1.0,0.11904761904761904
IQGAP1,-0.42961213,-0.06874423,0.6674778152614185,1.0,0.7976190476190477
OCIAD1,-0.42968026,-0.016653867,0.6674282538445894,1.0,0.6428571428571429
HSPA13,-0.4298846,-0.19518994,0.6672795782989175,1.0,0.19047619047619047
CEP44,-0.43029335,-0.21458077,0.6669822663961147,1.0,0.10714285714285714
SUPT6H,-0.43042958,-0.18126614,0.6668831740454308,1.0,0.27380952380952384
MAML2,-0.43053177,-0.473551,0.6668088585957765,1.0,0.09523809523809523
RELT,-0.43090644,-2.0683105,0.6665363965891549,1.0,0.011904761904761904
HSF2,-0.43114486,-0.6907902,0.6663630345751712,1.0,0.09523809523809523
THAP1,-0.43124706,-0.30820745,0.6662887420238542,1.0,0.13095238095238096
A4GALT,-0.43134925,-0.5405206,0.666214452746255,1.0,0.09523809523809523
TM2D1,-0.4314514,-0.10570531,0.6661401667430049,1.0,0.5238095238095238
DBNL,-0.43168986,-0.18565837,0.6659668454725476,1.0,0.2976190476190476
KRIT1,-0.43168986,-0.17693658,0.6659668454725476,1.0,0.2261904761904762
AC083798.2,-0.43172392,-1.6859429,0.665942086747068,1.0,0.011904761904761904
CREB3L4,-0.43203047,-24.05813,0.6657192746038737,1.0,0.0
CGREF1,-0.43203047,-24.022287,0.6657192746038737,1.0,0.0
GIGYF2,-0.4322689,-0.017796319,0.6655459966693098,1.0,0.35714285714285715
FAM160B2,-0.43233702,-0.27448648,0.6654964919676828,1.0,0.14285714285714285
ITSN2,-0.4325073,-0.16719125,0.6653727365926725,1.0,0.2261904761904762
SAC3D1,-0.4327117,-0.23711933,0.6652242421750767,1.0,0.16666666666666666
AKT1S1,-0.4329501,-0.039807264,0.6650510152844038,1.0,0.13095238095238096
CAPZA1,-0.43308637,-0.0999132,0.6649520365173341,1.0,0.7023809523809523
CRIM1,-0.43332478,-0.014894878,0.6647788377286514,1.0,0.7857142857142857
FNBP4,-0.43393788,-0.1098904,0.6643335515975543,1.0,0.3333333333333333
CNOT11,-0.43393788,-0.20750214,0.6643335515975543,1.0,0.15476190476190477
HERPUD1,-0.43424442,-0.12320647,0.6641109529427289,1.0,0.35714285714285715
ZNF720,-0.43441474,-0.2412729,0.6639872998252894,1.0,0.17857142857142858
MAPK8IP3,-0.43468723,-1.2770647,0.6637894738662407,1.0,0.03571428571428571
ETAA1,-0.43478942,-0.33824736,0.6637152951716472,1.0,0.11904761904761904
N4BP2L2-IT2,-0.43489158,-24.069332,0.6636411197726036,1.0,0.0
OTUB2,-0.43489158,-24.040916,0.6636411197726036,1.0,0.0
TMEM268,-0.43489158,-24.078638,0.6636411197726036,1.0,0.0
EDA,-0.43489158,-24.089987,0.6636411197726036,1.0,0.0
EFCAB13,-0.43489158,-24.008375,0.6636411197726036,1.0,0.0
HNRNPDL,-0.43499377,-0.050847758,0.6635669476697379,1.0,0.7023809523809523
ZDHHC18,-0.43502784,-0.78779525,0.6635422243680419,1.0,0.03571428571428571
TEN1,-0.43509597,-0.29626182,0.6634927788636781,1.0,0.15476190476190477
TLCD3A,-0.43516406,-0.3809514,0.6634433348248403,1.0,0.09523809523809523
SRP68,-0.4352322,-0.15258716,0.6633938922517147,1.0,0.2619047619047619
TUBG2,-0.43564093,-0.67265624,0.6630972676033287,1.0,0.07142857142857142
PRDM2,-0.43570906,-0.2328124,0.6630478352953941,1.0,0.27380952380952384
SMC5,-0.43570906,-0.14224407,0.6630478352953941,1.0,0.17857142857142858
MFAP3,-0.43574312,-2.0606701,0.6630231196916151,1.0,0.011904761904761904
IGSF8,-0.4358453,-0.9524011,0.6629489750813095,1.0,0.047619047619047616
SGSM2,-0.43649247,-0.52261996,0.6624794692558469,1.0,0.07142857142857142
EIF3E,-0.4366287,-0.062496684,0.6623806428161896,1.0,0.9761904761904762
NT5C3B,-0.43666276,-0.10302392,0.662355937124784,1.0,0.3333333333333333
TRIM41,-0.4367309,-1.020009,0.6623065268443453,1.0,0.047619047619047616
CYB5R1,-0.43683308,-0.42190057,0.6622324141799674,1.0,0.09523809523809523
SNX27,-0.43713963,-0.2082339,0.6620100960378918,1.0,0.17857142857142858
MYSM1,-0.43713963,-0.29072553,0.6620100960378918,1.0,0.20238095238095238
ARID5B,-0.4371737,-0.21593298,0.661985395860669,1.0,0.13095238095238096
VPS13B,-0.437923,-0.4821494,0.6614420850556173,1.0,0.10714285714285714
PSORS1C1,-0.43816146,-1.5010912,0.6612692508072678,1.0,0.011904761904761904
ST7,-0.43822956,-0.24963717,0.6612198729093308,1.0,0.09523809523809523
NDUFAF8,-0.43822956,-0.044113494,0.6612198729093308,1.0,0.8333333333333334
MBTD1,-0.4382977,-0.6882873,0.6611704964854562,1.0,0.047619047619047616
DHCR7,-0.438468,-0.09404212,0.6610470618760087,1.0,0.42857142857142855
MKI67,-0.43850207,-0.52455115,0.6610223760600595,1.0,0.08333333333333333
ZNF814,-0.43884268,-1.5784143,0.660775538182925,1.0,0.011904761904761904
CNOT10,-0.43887672,-0.5427507,0.6607508564239559,1.0,0.08333333333333333
MTO1,-0.43911517,-0.60616124,0.6605780944432116,1.0,0.05952380952380952
NDUFA11,-0.43931952,0.023842432,0.6604300271406904,1.0,0.9642857142857143
TPST2,-0.43938765,-0.21776468,0.6603806743269817,1.0,0.34523809523809523
STAM,-0.4394217,-0.3350467,0.6603559984740683,1.0,0.14285714285714285
CPD,-0.439592,-0.09471152,0.6602326247498369,1.0,0.5714285714285714
TUBB2A,-0.43966013,-0.13448448,0.6601832778460652,1.0,0.15476190476190477
TTC1,-0.43986452,-0.10573453,0.6600352460031664,1.0,0.47619047619047616
SLC8B1,-0.4399326,-0.8715165,0.6599859050122878,1.0,0.047619047619047616
OGT,-0.44010293,-0.22986814,0.659862559004742,1.0,0.23809523809523808
NMNAT1,-0.44010293,-0.3483922,0.659862559004742,1.0,0.05952380952380952
MIPEP,-0.44034135,-0.36643872,0.6596898901258628,1.0,0.20238095238095238
BCLAF3,-0.4404776,-1.1639247,0.659591230333426,1.0,0.03571428571428571
CBWD1,-0.44054574,-0.12645707,0.6595419026573579,1.0,0.08333333333333333
NEFH,-0.44061384,-24.16949,0.6594925764616357,1.0,0.0
PLEKHG3,-0.44061384,-24.095398,0.6594925764616357,1.0,0.0
RNASE4,-0.44078416,-0.75058305,0.659369267450055,1.0,0.08333333333333333
COL13A1,-0.44095445,-0.09970935,0.6592459676946723,1.0,0.5714285714285714
XRCC6,-0.4413632,-0.064099036,0.6589500860642792,1.0,0.6190476190476191
MRPS7,-0.4415335,-0.14254417,0.6588268178015149,1.0,0.36904761904761907
ZNF283,-0.44156757,-1.1836538,0.6588021652611341,1.0,0.011904761904761904
ME2,-0.44163567,-0.12009359,0.6587528612927291,1.0,0.39285714285714285
KHNYN,-0.44163567,-1.2599096,0.6587528612927291,1.0,0.023809523809523808
NCDN,-0.44177192,-0.27994758,0.6586542578059892,1.0,0.03571428571428571
RNF135,-0.44194221,-0.47865206,0.6585310117933447,1.0,0.08333333333333333
LCOR,-0.44201034,-0.24078114,0.6584817159853427,1.0,0.16666666666666666
PRUNE2,-0.4420444,-0.082969144,0.6584570686379456,1.0,0.16666666666666666
WBP1,-0.44221473,-0.21478657,0.6583338374679206,1.0,0.23809523809523808
SHPRH,-0.4425894,-0.25695297,0.6580627615648347,1.0,0.25
DHRS11,-0.44272563,-0.4847591,0.6579641996515966,1.0,0.09523809523809523
RTL8C,-0.44289595,-0.09354392,0.657841005620319,1.0,0.5952380952380952
FBXL2,-0.4432025,-0.5118863,0.6576192797814613,1.0,0.07142857142857142
ZC3H14,-0.44323656,-0.21641347,0.6575946454362454,1.0,0.23809523809523808
C2orf42,-0.44347498,-23.98227,0.6574222154343452,1.0,0.0
CXCL2,-0.44347498,-24.2711,0.6574222154343452,1.0,0.0
PHB,-0.44357717,-0.06896229,0.6573483224426215,1.0,0.7380952380952381
TUBB,-0.44367933,-0.06449728,0.6572744328001048,1.0,0.8690476190476191
FAM131C,-0.44374746,-1.9743582,0.6572251748994036,1.0,0.011904761904761904
APIP,-0.44378152,-0.21301626,0.6572005465074147,1.0,0.16666666666666666
GJA1,-0.4441562,-0.11837947,0.6569296587705225,1.0,0.40476190476190477
INTS4,-0.44419026,-1.177144,0.6569050348473092,1.0,0.03571428571428571
NAP1L4,-0.44429246,-0.11702258,0.6568311653130433,1.0,0.5833333333333334
SLC33A1,-0.44504178,-0.43027693,0.6562895579043682,1.0,0.17857142857142858
ADAR,-0.44524616,-0.12282907,0.6561418781247238,1.0,0.4642857142857143
NPIPB5,-0.44524616,-0.5446899,0.6561418781247238,1.0,0.047619047619047616
ARCN1,-0.44534832,-0.14949538,0.6560680432735663,1.0,0.44047619047619047
MT-CO1,-0.44565487,-0.03349635,0.6558465588821696,1.0,1.0
PAWR,-0.44575706,-0.034253508,0.6557727374744555,1.0,0.39285714285714285
AASDHPPT,-0.44589332,-0.10542678,0.6556743141613517,1.0,0.35714285714285715
SEPSECS,-0.44592738,-1.7246568,0.6556497092672486,1.0,0.011904761904761904
PDSS1,-0.44599548,-1.7396548,0.6556005006002104,1.0,0.011904761904761904
AC073130.1,-0.44599548,-0.5516395,0.6556005006002104,1.0,0.08333333333333333
FRAT2,-0.4460636,-0.9816702,0.6555512934282149,1.0,0.023809523809523808
PIP4P1,-0.4461658,-0.27634817,0.655477485473827,1.0,0.10714285714285714
ATF4,-0.44619986,-0.09078199,0.6554528835700839,1.0,0.6785714285714286
LIN54,-0.44647235,-1.3794575,0.6552560818023818,1.0,0.023809523809523808
RRN3,-0.4465064,-0.3452442,0.6552314832645421,1.0,0.10714285714285714
THOC6,-0.4466086,-0.6125102,0.6551576898957361,1.0,0.11904761904761904
DPM3,-0.4467789,-0.10190183,0.6550347084314722,1.0,0.47619047619047616
MXD1,-0.44684702,-0.5278709,0.6549855184656108,1.0,0.08333333333333333
ZNF25,-0.44708544,-1.5038846,0.6548133653777516,1.0,0.023809523809523808
XPO1,-0.44715357,-0.044834513,0.654764182151304,1.0,0.4523809523809524
HLA-F-AS1,-0.44728982,-1.2215554,0.6546658201930411,1.0,0.023809523809523808
NICN1,-0.44749418,-1.2918779,0.6545182884949647,1.0,0.011904761904761904
TCOF1,-0.44769853,-0.045656294,0.6543707702884514,1.0,0.2619047619047619
NIPA2,-0.44790292,-0.12951781,0.6542232655784275,1.0,0.27380952380952384
ZNF347,-0.44797105,-1.614811,0.654174100341824,1.0,0.023809523809523808
ZDHHC12,-0.44803914,-0.23773369,0.6541249366055603,1.0,0.30952380952380953
MBD1,-0.44820946,-0.3149707,0.6540020338300832,1.0,0.11904761904761904
RHOBTB1,-0.448516,-0.87749463,0.6537808324765383,1.0,0.047619047619047616
SMAD5,-0.44855008,-0.10649374,0.6537562564253103,1.0,0.6071428571428571
BLOC1S4,-0.44855008,-0.11373971,0.6537562564253103,1.0,0.21428571428571427
RAD23B,-0.4486182,-0.09527817,0.6537071054492938,1.0,0.4642857142857143
PER3,-0.4486182,-0.39343372,0.6537071054492938,1.0,0.05952380952380952
MPHOSPH8,-0.44906098,-0.109806724,0.6533876607263129,1.0,0.40476190476190477
ADD1,-0.44936755,-0.14297394,0.6531665438898822,1.0,0.39285714285714285
PRH1,-0.44994658,-0.51527226,0.6527489618678932,1.0,0.07142857142857142
B4GALT2,-0.45004877,-0.13251387,0.6526752822118047,1.0,0.23809523809523808
SRXN1,-0.45032126,-0.1590452,0.6524788196953882,1.0,0.20238095238095238
ZFAND2A,-0.45032126,-0.55214345,0.6524788196953882,1.0,0.10714285714285714
ANKRD52,-0.45035532,-0.48696738,0.6524542635755448,1.0,0.07142857142857142
UTP15,-0.4505256,-0.5400304,0.6523314886269466,1.0,0.05952380952380952
SPACA9,-0.4506278,-0.53564566,0.6522578281791,1.0,0.07142857142857142
SPRED1,-0.45066187,-0.043859154,0.6522332754501728,1.0,0.19047619047619047
CAD,-0.45100248,-0.294027,0.6519877688931546,1.0,0.10714285714285714
JCAD,-0.45117277,-0.1796999,0.6518650297548116,1.0,0.21428571428571427
CHST2,-0.45164964,-0.8087384,0.6515214103470699,1.0,0.023809523809523808
C1orf52,-0.4520243,-0.270133,0.6512514755781565,1.0,0.19047619047619047
TIGD1,-0.45205837,-24.107607,0.6512269383199907,1.0,0.0
FPGS,-0.45222867,-0.18371938,0.651104257696789,1.0,0.17857142857142858
PRPF8,-0.45233086,-0.06340789,0.6510306538577854,1.0,0.4166666666666667
DBN1,-0.45260334,-0.13719343,0.6508343935871184,1.0,0.4166666666666667
SLC35A1,-0.45270553,-0.364444,0.6507608022248648,1.0,0.11904761904761904
ZCCHC8,-0.45284176,-0.32945558,0.6506626857040168,1.0,0.11904761904761904
SDSL,-0.45301208,-0.15850571,0.6505400485656019,1.0,0.07142857142857142
TPRA1,-0.45318237,-0.35876697,0.6504174208883207,1.0,0.08333333333333333
PCYT1A,-0.45396578,-0.2484883,0.6498534555122979,1.0,0.2261904761904762
TP53BP2,-0.45413607,-0.36197385,0.649730880869576,1.0,0.10714285714285714
EXOC2,-0.45447668,-0.62821746,0.6494857600262763,1.0,0.14285714285714285
FAT4,-0.45488542,-0.50050724,0.649191665099299,1.0,0.07142857142857142
TMEM106C,-0.45546448,-0.21237125,0.6487751242215949,1.0,0.19047619047619047
ULBP3,-0.45553258,-0.9620564,0.6487261266316511,1.0,0.023809523809523808
CCNL1,-0.45553258,-0.18459184,0.6487261266316511,1.0,0.25
TXNDC15,-0.4557029,-0.06926782,0.648603639309207,1.0,0.3333333333333333
AC008443.1,-0.45573696,-0.8306291,0.6485791429853125,1.0,0.03571428571428571
CDC42,-0.4564863,-0.027090674,0.6480403201029025,1.0,0.9642857142857143
SFPQ,-0.45699722,-0.09131114,0.6476730465072511,1.0,0.6904761904761905
IL13RA1,-0.45720157,-0.11343094,0.6475261610729648,1.0,0.4166666666666667
MYEOV,-0.45723563,-0.20087813,0.6475016815013812,1.0,0.23809523809523808
GAB3,-0.45723563,-1.1290483,0.6475016815013812,1.0,0.023809523809523808
RGS16,-0.4577125,-0.3109232,0.6471590075396475,1.0,0.23809523809523808
LINC00894,-0.45778063,-24.060183,0.6471100602199781,1.0,0.0
ACBD5,-0.45798498,-0.2275392,0.6469632274200738,1.0,0.23809523809523808
WDR47,-0.4580531,-0.2855783,0.646914286207072,1.0,0.08333333333333333
DLST,-0.45808718,-0.38351262,0.6468898161732282,1.0,0.10714285714285714
VASP,-0.45873433,-0.08085926,0.6464249580980159,1.0,0.44047619047619047
DZIP3,-0.4589387,-0.2933456,0.6462781894708705,1.0,0.07142857142857142
PIP5K1A,-0.45897275,-0.33430797,0.6462537293711483,1.0,0.15476190476190477
AP1S1,-0.459109,-0.09232552,0.6461558927963251,1.0,0.5833333333333334
IDH1,-0.45941556,-0.09833709,0.6459357828798691,1.0,0.4642857142857143
EIF5AL1,-0.45948368,-1.109797,0.645886873773954,1.0,0.023809523809523808
TIFA,-0.45958585,-0.5759344,0.6458135129855374,1.0,0.05952380952380952
SH3BGRL3,-0.45968804,-0.029487094,0.6457401556422048,1.0,1.0
MAP2K1,-0.4598924,-0.2357218,0.6455934512932087,1.0,0.20238095238095238
PTX3,-0.4604374,-0.12731144,0.645202307114975,1.0,0.6785714285714286
MAN1B1-DT,-0.46064174,-24.164347,0.6450556533440672,1.0,0.0
LRRC27,-0.46074393,-2.1991854,0.6449823316352948,1.0,0.011904761904761904
RBFA,-0.46081206,-0.22219169,0.6449334524138121,1.0,0.3333333333333333
LMLN,-0.46135703,-0.42152968,0.6445424738941896,1.0,0.08333333333333333
GFPT1,-0.46220857,-0.123856254,0.6439317667654565,1.0,0.2857142857142857
ATP5MPL,-0.46254918,-0.054737616,0.6436875511830951,1.0,0.9642857142857143
AQR,-0.46261728,-0.22260715,0.6436387126826612,1.0,0.23809523809523808
RABGGTB,-0.4626854,-0.120418966,0.6435898757213223,1.0,0.5714285714285714
NUDT7,-0.4626854,-2.1782231,0.6435898757213223,1.0,0.011904761904761904
NFE2L3,-0.4629579,-0.11480171,0.6433945432704806,1.0,0.3333333333333333
DGKQ,-0.46299195,-2.626109,0.6433701284463755,1.0,0.011904761904761904
ISOC1,-0.46309415,-0.41198725,0.643296886284261,1.0,0.047619047619047616
ORC4,-0.4632304,-0.4237926,0.6431992354594076,1.0,0.10714285714285714
SERHL2,-0.46350288,-24.151432,0.6430039522994948,1.0,0.0
BCAT1,-0.46377537,-0.12025904,0.6428086938021289,1.0,0.5
MT-CO2,-0.46397972,-0.019165473,0.6426622661207477,1.0,1.0
MYL9,-0.46466094,-0.24734521,0.6421742741489245,1.0,0.3333333333333333
INTS5,-0.46472907,-0.8377882,0.642125483443178,1.0,0.023809523809523808
SLC66A1L,-0.46517187,-1.6088853,0.6418083815135708,1.0,0.011904761904761904
DENND3,-0.46568277,-0.3662409,0.6414425758272767,1.0,0.09523809523809523
BAG5,-0.46612558,-0.21790458,0.6411256146224367,1.0,0.25
SERAC1,-0.4661937,-2.2112586,0.6410768571648455,1.0,0.011904761904761904
FBXO6,-0.466364,-24.21777,0.6409549702955912,1.0,0.0
AC087190.1,-0.46677274,-1.6070038,0.6406624813106364,1.0,0.011904761904761904
ZNF277,-0.46677274,-0.28081053,0.6406624813106364,1.0,0.15476190476190477
SNW1,-0.4668068,-0.1193191,0.6406381097466566,1.0,0.5
UQCRC2,-0.46684086,-0.09602056,0.6406137385701798,1.0,0.5357142857142857
ARGLU1,-0.46704522,-0.07800991,0.6404675196501243,1.0,0.7261904761904762
SRPK2,-0.46711335,-0.14498718,0.6404187831111334,1.0,0.47619047619047616
HLA-DMA,-0.46769238,-1.3348544,0.6400045851614492,1.0,0.011904761904761904
PHF3,-0.46772644,-0.08336062,0.6399802240678127,1.0,0.42857142857142855
CEBPZOS,-0.46782863,-0.15844254,0.6399071431155903,1.0,0.32142857142857145
SRGN,-0.46782863,-0.02546855,0.6399071431155903,1.0,0.9880952380952381
FILIP1L,-0.46806705,-0.18195367,0.6397366344805779,1.0,0.2619047619047619
SPPL2B,-0.4681011,-0.3710776,0.6397122776572531,1.0,0.09523809523809523
TIMM29,-0.46833956,-0.28468844,0.6395417907688066,1.0,0.07142857142857142
DONSON,-0.46833956,-0.65191394,0.6395417907688066,1.0,0.047619047619047616
PDAP1,-0.46857798,-0.052299254,0.6393713229167128,1.0,0.75
ARL16,-0.4687142,-0.27188307,0.6392739212653612,1.0,0.21428571428571427
FADS3,-0.46874827,-0.06664963,0.639249571824317,1.0,0.36904761904761907
UMPS,-0.46888453,-0.30957797,0.639152177947977,1.0,0.15476190476190477
RPUSD1,-0.46895266,-0.51308966,0.6391034833428171,1.0,0.07142857142857142
DENND6B,-0.46902078,-0.82109547,0.6390547902932326,1.0,0.05952380952380952
LENG9,-0.46905482,-0.7401753,0.6390304443518362,1.0,0.03571428571428571
GRAP,-0.46922514,-24.223553,0.6389087204796935,1.0,0.0
DDX56,-0.46929327,-0.273778,0.6388600336541728,1.0,0.15476190476190477
GNPAT,-0.4695317,-0.22502254,0.6386896420230999,1.0,0.2261904761904762
CSNK2A2,-0.46983823,-0.1097738,0.6384705950972317,1.0,0.32142857142857145
LRIF1,-0.46983823,-0.16473886,0.6384705950972317,1.0,0.27380952380952384
TRIM33,-0.4699745,-0.21242146,0.6383732510331269,1.0,0.20238095238095238
UHRF1,-0.4701107,-1.3112341,0.6382759132018908,1.0,0.011904761904761904
SOX18,-0.47017884,-0.4977329,0.6382272466240382,1.0,0.03571428571428571
HLA-F,-0.47024697,-0.38990298,0.6381785816049308,1.0,0.07142857142857142
FGGY,-0.4707238,-2.42579,0.6378379701308112,1.0,0.011904761904761904
USP48,-0.47089413,-0.065543324,0.6377163416994381,1.0,0.6071428571428571
TMEM158,-0.47089413,-0.23906468,0.6377163416994381,1.0,0.2857142857142857
FRY,-0.47109848,-0.34404618,0.6375704004569074,1.0,0.13095238095238096
NOP14,-0.47113255,-0.17070876,0.6375460782823357,1.0,0.30952380952380953
TNFAIP8,-0.4712688,-0.85964745,0.6374487934872832,1.0,0.05952380952380952
MRPL20-AS1,-0.4715413,-0.75912803,0.6372542426372669,1.0,0.03571428571428571
SCOC-AS1,-0.47208625,-24.17497,0.6368652159369067,1.0,0.0
DCLRE1B,-0.47208625,-24.120127,0.6368652159369067,1.0,0.0
ZBTB43,-0.4721203,-0.51036847,0.6368409050899856,1.0,0.09523809523809523
ZC3H7B,-0.47218844,-0.07699092,0.6367922845689782,1.0,0.13095238095238096
TBCD,-0.4722225,-0.25303057,0.6367679748949355,1.0,0.21428571428571427
TMEM251,-0.47280154,-0.41052225,0.6363547702775995,1.0,0.10714285714285714
MYNN,-0.4728356,-0.7268539,0.6363304676449686,1.0,0.07142857142857142
AC021097.1,-0.47286966,-1.3831573,0.6363061654037352,1.0,0.011904761904761904
PSKH1,-0.4729378,-0.47698307,0.6362575620955491,1.0,0.03571428571428571
MYH9,-0.47307405,-0.03491053,0.6361603601769106,1.0,0.7857142857142857
TSPO,-0.47365308,-0.07175875,0.6357473219314336,1.0,0.9761904761904762
PCBP2,-0.4737212,-0.034660123,0.6356987366411238,1.0,0.9523809523809523
STARD4-AS1,-0.47375527,-0.6155087,0.6356744445839072,1.0,0.08333333333333333
NPEPPS,-0.47382337,-0.1624612,0.6356258616454609,1.0,0.4880952380952381
PSMD12,-0.47440243,-0.0760795,0.6352129699994593,1.0,0.5238095238095238
RBM19,-0.47460678,-0.20474227,0.6350672706064624,1.0,0.08333333333333333
UBR5-AS1,-0.4747771,-1.2184241,0.634945865240122,1.0,0.03571428571428571
SOX13,-0.4749474,-24.146332,0.6348244696898646,1.0,0.0
NOMO3,-0.4749474,-24.125626,0.6348244696898646,1.0,0.0
LDB2,-0.47535613,-0.3658995,0.6345331604351815,1.0,0.15476190476190477
RNF34,-0.47559455,-0.3811435,0.6343632561696346,1.0,0.15476190476190477
BDH1,-0.4757308,-2.0720594,0.6342661766670796,1.0,0.011904761904761904
TOX2,-0.4757308,-0.0831173,0.6342661766670796,1.0,0.5
CPNE3,-0.4759011,-0.15081614,0.6341448361372588,1.0,0.6309523809523809
HSPA1A,-0.47603735,-0.3650861,0.6340477707937993,1.0,0.09523809523809523
GNPTG,-0.47610548,-0.18690576,0.6339992404826809,1.0,0.17857142857142858
AC020916.1,-0.47617358,-0.18343903,0.6339507117455357,1.0,0.16666666666666666
NRG1,-0.47661638,-0.5902354,0.6336353133317145,1.0,0.10714285714285714
YWHAQ,-0.47665045,-0.07831369,0.6336110546713954,1.0,0.8333333333333334
OLFML3,-0.4766845,-0.30131158,0.6335867964049179,1.0,0.047619047619047616
SFMBT1,-0.476957,-2.1823575,0.6333927444539995,1.0,0.011904761904761904
RIOK2,-0.47699106,-0.3252542,0.6333684897330736,1.0,0.11904761904761904
SLC25A43,-0.47746792,-0.3530674,0.6330289650261822,1.0,0.05952380952380952
CTH,-0.47780854,-24.148413,0.6327864946984948,1.0,0.0
AL109615.4,-0.47780854,-24.189919,0.6327864946984948,1.0,0.0
AC008264.2,-0.47780854,-24.176098,0.6327864946984948,1.0,0.0
ZGPAT,-0.47838756,-0.25711426,0.6323743857092019,1.0,0.09523809523809523
CAPN15,-0.47842163,-1.1470742,0.6323501475574496,1.0,0.03571428571428571
AIFM1,-0.4784557,-0.25602093,0.6323259098006678,1.0,0.27380952380952384
C11orf95,-0.47855785,-2.0686233,0.6322531989003639,1.0,0.011904761904761904
ZNF174,-0.47855785,-1.0526127,0.6322531989003639,1.0,0.023809523809523808
CACTIN,-0.4789666,-0.8502205,0.6319623908601697,1.0,0.023809523809523808
RETREG3,-0.47903472,-0.416709,0.6319139283869044,1.0,0.047619047619047616
BTF3,-0.47954562,-0.032492936,0.6315505102578828,1.0,0.9880952380952381
SET,-0.48009062,-0.013414535,0.6311629623853994,1.0,0.9880952380952381
RALGAPA2,-0.4802609,-0.49882057,0.6310418744627484,1.0,0.13095238095238096
ANKRD18B,-0.4802609,-0.9428412,0.6310418744627484,1.0,0.047619047619047616
RNF5,-0.48032904,-0.22373068,0.6309934420665151,1.0,0.20238095238095238
AC093827.4,-0.48066965,-24.237947,0.630751303859786,1.0,0.0
EPC1,-0.48077184,-0.24952479,0.6306786701265659,1.0,0.23809523809523808
ARNTL2,-0.48162335,-0.12611559,0.6300735278341558,1.0,0.21428571428571427
PATZ1,-0.48162335,-0.86073494,0.6300735278341558,1.0,0.047619047619047616
MBTPS2,-0.48189586,-0.46592733,0.6298799346888899,1.0,0.07142857142857142
NOL9,-0.48274738,-0.3799913,0.6292751199953204,1.0,0.14285714285714285
MICALL1,-0.48278144,-0.6018541,0.6292509325756238,1.0,0.047619047619047616
AGPAT1,-0.48284957,-0.16894369,0.6292025589294599,1.0,0.25
ADGRG6,-0.48291767,-0.056156047,0.629154186874411,1.0,0.44047619047619047
VPS13A,-0.48305392,-0.09651589,0.6290574475383479,1.0,0.2976190476190476
CERT1,-0.4831561,-0.15586792,0.6289848972142584,1.0,0.19047619047619047
LIG4,-0.48319018,-1.0330734,0.6289607145688114,1.0,0.047619047619047616
ERO1A,-0.48349673,-0.11490333,0.6287430886720962,1.0,0.30952380952380953
TMEM65,-0.48349673,-0.16279668,0.6287430886720962,1.0,0.47619047619047616
POU5F2,-0.4835308,-24.235718,0.6287189100075561,1.0,0.0
SDHAF2,-0.4835989,-0.0850577,0.6286705538731242,1.0,0.25
GALNT4,-0.4837692,-0.509994,0.6285496705068292,1.0,0.08333333333333333
IQCK,-0.48479104,-0.34113926,0.6278245795416619,1.0,0.07142857142857142
GALM,-0.4848251,-0.7021776,0.627800416024159,1.0,0.047619047619047616
NCOA2,-0.48489323,-1.686803,0.627752090186249,1.0,0.011904761904761904
CMC4,-0.4849273,-0.26349932,0.6277279278658849,1.0,0.17857142857142858
PHACTR1,-0.48496133,-0.114737384,0.6277037659446096,1.0,0.047619047619047616
ZNF761,-0.48537007,-1.5028981,0.6274138540260544,1.0,0.023809523809523808
ERCC4,-0.48550633,-0.24923787,0.627317229497806,1.0,0.17857142857142858
DBT,-0.48574474,-0.3636981,0.6271481519531491,1.0,0.20238095238095238
ZNF37A,-0.485881,-0.17301258,0.6270515450041452,1.0,0.23809523809523808
PCNX2,-0.48615348,-0.411256,0.6268583502925726,1.0,0.11904761904761904
LUZP1,-0.48625568,-0.12756012,0.6267859088728354,1.0,0.5357142857142857
MADD,-0.48632377,-0.9200766,0.626737616592596,1.0,0.03571428571428571
FHL1,-0.48656222,-0.076504625,0.6265686062118418,1.0,0.5833333333333334
WBP11,-0.48680064,-0.13971476,0.6263996154368052,1.0,0.32142857142857145
PHF5A,-0.4869369,-0.313183,0.62630305808503,1.0,0.19047619047619047
TEK,-0.487005,-0.21801901,0.6262547818111676,1.0,0.2261904761904762
MTSS1,-0.48714125,-0.07466427,0.6261582340683476,1.0,0.4642857142857143
MECP2,-0.48731157,-0.18130825,0.6260375584007813,1.0,0.27380952380952384
FANCC,-0.48731157,-2.1195254,0.6260375584007813,1.0,0.011904761904761904
CCN2,-0.48731157,-0.12887093,0.6260375584007813,1.0,0.8214285714285714
MTRNR2L12,-0.4874478,-0.09849467,0.6259410250771609,1.0,0.6666666666666666
ALG9,-0.48748186,-0.50159293,0.6259168927478826,1.0,0.07142857142857142
RIPK2,-0.48751593,-0.3226912,0.6258927608192979,1.0,0.16666666666666666
PTPRB,-0.48751593,-0.33354396,0.6258927608192979,1.0,0.2261904761904762
CAVIN1,-0.48765218,0.030686313,0.62579623711232,1.0,0.9761904761904762
TOGARAM1,-0.48775434,-0.64129454,0.6257238485404135,1.0,0.10714285714285714
ZSWIM4,-0.48782247,-1.4406254,0.6256755914967609,1.0,0.011904761904761904
CWC25,-0.48792467,-0.32430184,0.6256032089381367,1.0,0.15476190476190477
MIR222HG,-0.4879928,-0.25003546,0.6255549559038722,1.0,0.2976190476190476
MAPK1IP1L,-0.48816308,-0.14735654,0.6254343303363197,1.0,0.2976190476190476
ATP6V1H,-0.4883334,-0.18533655,0.6253137147967687,1.0,0.2857142857142857
C12orf4,-0.48857182,-0.6087568,0.6251448698935126,1.0,0.047619047619047616
MFSD2A,-0.4889465,-2.1956122,0.6248795819274097,1.0,0.011904761904761904
SEPTIN8,-0.48901463,-0.22865798,0.6248313529718547,1.0,0.2261904761904762
GINM1,-0.48908272,-0.076529495,0.6247831256229102,1.0,0.6309523809523809
RELA,-0.48915085,-0.13267052,0.6247348998807464,1.0,0.19047619047619047
PCBP4,-0.48925304,-0.36978394,0.624662564280587,1.0,0.09523809523809523
CBX2,-0.48925304,-24.24785,0.624662564280587,1.0,0.0
BISPR,-0.48932117,-0.8363693,0.6246143425561199,1.0,0.047619047619047616
XKR8,-0.4894574,-0.8749277,0.6245179039294855,1.0,0.03571428571428571
LYST,-0.48952553,-0.26525065,0.6244696870276585,1.0,0.08333333333333333
PDE8A,-0.4906155,-0.348451,0.6236984353866989,1.0,0.09523809523809523
NCBP2,-0.49088797,-0.12356311,0.6235056868735376,1.0,0.5238095238095238
SF3B3,-0.49092203,-0.14147362,0.623481595121866,1.0,0.32142857142857145
UCP2,-0.49136484,-0.3072593,0.6231684390165324,1.0,0.23809523809523808
AC090152.1,-0.49153513,-0.42764738,0.6230480124984132,1.0,0.05952380952380952
TRIAP1,-0.49177355,-0.12073054,0.6228794323090583,1.0,0.35714285714285715
PRRT2,-0.4918076,-1.1114175,0.6228553510381856,1.0,0.03571428571428571
CRKL,-0.49194387,-0.6105405,0.6227590299888435,1.0,0.05952380952380952
AZI2,-0.49228448,-0.122353695,0.6225182556119437,1.0,0.21428571428571427
LMAN1,-0.49231854,-0.084092535,0.6224941803942001,1.0,0.7857142857142857
ZBTB6,-0.4925229,-0.7104386,0.6223497375664172,1.0,0.03571428571428571
RBBP7,-0.49289757,-0.1251593,0.6220849634776524,1.0,0.4880952380952381
ATG7,-0.49293163,-0.38934365,0.6220608955299488,1.0,0.14285714285714285
CCDC170,-0.49299976,-0.7727397,0.6220127608468384,1.0,0.047619047619047616
RFNG,-0.49303383,-0.33823073,0.6219886941114743,1.0,0.10714285714285714
LAP3,-0.49344254,-0.19500215,0.6216999248172665,1.0,0.32142857142857145
BRAT1,-0.49361286,-0.80764663,0.621579621463297,1.0,0.047619047619047616
FAM192A,-0.49388534,-0.15366039,0.6213871571327965,1.0,0.39285714285714285
LAMTOR2,-0.4940216,-0.06301955,0.6212909346792708,1.0,0.7023809523809523
UAP1L1,-0.49480498,-1.3193501,0.6207377812933494,1.0,0.011904761904761904
NOM1,-0.4949753,-0.20184807,0.6206175589161103,1.0,0.20238095238095238
LINC00339,-0.4950775,-0.45020214,0.6205454303538935,1.0,0.05952380952380952
RAI1,-0.4951456,-0.648509,0.6204973466728192,1.0,0.05952380952380952
PRPSAP2,-0.49606526,-0.21804324,0.6198483757858211,1.0,0.11904761904761904
CSK,-0.49606526,-0.29441065,0.6198483757858211,1.0,0.14285714285714285
INPP1,-0.49630368,-0.081009015,0.6196801723754048,1.0,0.39285714285714285
GPN1,-0.49657616,-0.28080356,0.6194879642774744,1.0,0.19047619047619047
FRMD5,-0.49667835,-1.0153327,0.619415892944887,1.0,0.03571428571428571
SCAP,-0.49681458,-0.95795935,0.6193198035245986,1.0,0.047619047619047616
LINC01409,-0.49681458,-1.5044581,0.6193198035245986,1.0,0.023809523809523808
CENPQ,-0.4968827,-0.812144,0.6192717612533303,1.0,0.05952380952380952
NAPB,-0.49691677,-0.60181016,0.6192477407274883,1.0,0.05952380952380952
CREG1,-0.49695083,-0.48651767,0.6192237206082027,1.0,0.08333333333333333
PLCE1,-0.49735957,-1.2514656,0.6189355108957992,1.0,0.011904761904761904
SEC14L2,-0.49773425,-0.10709937,0.6186713701224054,1.0,0.16666666666666666
GLB1L,-0.4978364,-24.236935,0.618599340276738,1.0,0.0
ZFP36L2,-0.49834734,-0.09727124,0.6182392460212347,1.0,0.19047619047619047
DIMT1,-0.49841547,-0.15274659,0.6181912403787126,1.0,0.2976190476190476
CXorf56,-0.49906263,-0.632559,0.6177352680903407,1.0,0.047619047619047616
PTPN23,-0.49916482,-0.5315655,0.6176632859220816,1.0,0.11904761904761904
CSTF3,-0.49940324,-0.20076884,0.6174953418082995,1.0,0.2857142857142857
IFIT5,-0.49953946,-0.5831107,0.6173993827206863,1.0,0.05952380952380952
ABT1,-0.4996076,-0.34412995,0.6173514056258058,1.0,0.13095238095238096
ADCY6,-0.4996076,-0.4891219,0.6173514056258058,1.0,0.05952380952380952
NOP9,-0.49981198,-0.6815782,0.6172074841388753,1.0,0.03571428571428571
UBR3,-0.50042504,-0.21912467,0.6167758078965526,1.0,0.11904761904761904
GINS4,-0.50069755,-24.28784,0.6165839942875572,1.0,0.0
ST8SIA4,-0.50069755,-24.350908,0.6165839942875572,1.0,0.0
KIF3C,-0.5010041,-0.20112331,0.6163682352571113,1.0,0.14285714285714285
CCDC91,-0.50131065,-0.6934006,0.6161525093609466,1.0,0.05952380952380952
AC092683.1,-0.50151503,-1.5251606,0.616008710512268,1.0,0.023809523809523808
HIST2H2AC,-0.50219625,-1.0195532,0.6155294874800671,1.0,0.03571428571428571
AP003469.4,-0.50280935,-0.9118671,0.6150983268956971,1.0,0.023809523809523808
VIM-AS1,-0.50342244,-1.2844968,0.6146672992055418,1.0,0.023809523809523808
PIP4K2C,-0.5035587,-24.298532,0.6145715333339339,1.0,0.0
SLC35E2A,-0.5035587,-1.9000459,0.6145715333339339,1.0,0.023809523809523808
STK38L,-0.5037971,-0.30787793,0.614403958868434,1.0,0.13095238095238096
ZNF35,-0.5038993,-0.8015982,0.6143321474014813,1.0,0.03571428571428571
DOK5,-0.5046486,-0.28267264,0.6138056429917694,1.0,0.10714285714285714
HLA-E,-0.5046827,-0.08859599,0.613781715701275,1.0,0.8928571428571429
TLCD1,-0.50543207,-1.7840879,0.6132554194077575,1.0,0.011904761904761904
PARP6,-0.50550014,-1.1286277,0.6132075841691476,1.0,0.011904761904761904
PCMTD2,-0.5057386,-0.31951785,0.6130401738069042,1.0,0.15476190476190477
RFFL,-0.5061473,-0.69034356,0.6127532315804747,1.0,0.05952380952380952
NR2C2AP,-0.50638574,-0.2651587,0.6125858760237795,1.0,0.05952380952380952
RHOBTB3,-0.5069648,-0.066147834,0.612179525231761,1.0,0.5595238095238095
FAHD2B,-0.50723726,-0.75988495,0.611988342592495,1.0,0.047619047619047616
CCDC167,-0.5073054,-0.09425533,0.6119405510608187,1.0,0.5119047619047619
H3F3B,-0.5073735,-0.012670342,0.6118927611807278,1.0,0.9761904761904762
DDX20,-0.5077823,-0.54042816,0.6116060565926991,1.0,0.05952380952380952
USF2,-0.5079866,-0.33747303,0.611462726608424,1.0,0.15476190476190477
SMYD2,-0.508191,-0.72639656,0.6113194115032321,1.0,0.05952380952380952
INPP5D,-0.508225,-0.8643384,0.611295527099256,1.0,0.05952380952380952
FRS2,-0.5082591,-0.78317094,0.6112716431087318,1.0,0.03571428571428571
EOGT,-0.5084294,-0.2959243,0.6111522293586065,1.0,0.17857142857142858
VPS54,-0.5090425,-0.5867147,0.6107224254866135,1.0,0.05952380952380952
SMARCA5,-0.5092128,-0.07374992,0.6106030593188729,1.0,0.6190476190476191
PEA15,-0.5092469,-0.11230732,0.6105791873273844,1.0,0.5357142857142857
CNNM2,-0.5092809,-24.26149,0.6105553157499636,1.0,0.0
ECHDC3,-0.5092809,-24.354528,0.6105553157499636,1.0,0.0
ZNF669,-0.5092809,-24.237753,0.6105553157499636,1.0,0.0
SRRM1,-0.50934905,-0.068730704,0.6105075738374075,1.0,0.8333333333333334
TROAP,-0.50934905,-0.5634064,0.6105075738374075,1.0,0.03571428571428571
ORAI2,-0.50945127,-0.18154359,0.610435964074594,1.0,0.4166666666666667
ADCK5,-0.5097237,-1.4120146,0.6102450229329895,1.0,0.011904761904761904
DDX23,-0.50996214,-0.1947869,0.6100779711873531,1.0,0.20238095238095238
FAM210A,-0.51064336,-0.3870746,0.609600792424012,1.0,0.11904761904761904
PPAN,-0.5107115,-0.46252954,0.6095530836729448,1.0,0.15476190476190477
SNAP23,-0.5114268,-0.04287874,0.609052242028097,1.0,0.5595238095238095
DGCR2,-0.51146084,-1.2156737,0.6090283969936192,1.0,0.023809523809523808
OPTN,-0.5116652,-0.14396156,0.6088853355108317,1.0,0.5119047619047619
DIS3L,-0.5122102,-0.4096476,0.6085039113670387,1.0,0.047619047619047616
CBFB,-0.51251674,-0.26106396,0.6082894070636267,1.0,0.13095238095238096
ECT2,-0.512687,-0.31376705,0.6081702525663051,1.0,0.13095238095238096
CLHC1,-0.5128233,-0.77084243,0.6080749364587161,1.0,0.07142857142857142
PIGU,-0.5130617,-0.19028825,0.6079081492954708,1.0,0.10714285714285714
SHLD1,-0.5134364,-1.0566621,0.6076460964038197,1.0,0.023809523809523808
FAM153CP,-0.51360667,-0.36857387,0.6075269981146745,1.0,0.14285714285714285
SLC26A11,-0.5137089,-1.060328,0.6074555441412155,1.0,0.03571428571428571
TMEM234,-0.5137089,-1.0196816,0.6074555441412155,1.0,0.047619047619047616
KPNB1,-0.5139473,-0.053491693,0.6072888327901191,1.0,0.7976190476190477
MAP2K5,-0.5141857,-0.7582976,0.6071221418664339,1.0,0.047619047619047616
NEPRO,-0.5142879,-0.2813424,0.6070507091541573,1.0,0.15476190476190477
RBM15,-0.51452637,-1.0415022,0.6068840474245809,1.0,0.03571428571428571
ST3GAL1,-0.51469666,-0.20741987,0.6067650158485615,1.0,0.25
UBE2I,-0.5147648,-0.072187416,0.6067174061393419,1.0,0.7023809523809523
TOMM34,-0.5147648,-0.13381338,0.6067174061393419,1.0,0.3333333333333333
SSH1,-0.5147648,-0.77372783,0.6067174061393419,1.0,0.05952380952380952
BLOC1S1,-0.5147988,-0.09055686,0.606693601910782,1.0,0.7023809523809523
CYB561D2,-0.51490104,-0.42449805,0.6066221917295469,1.0,0.09523809523809523
JRK,-0.5149691,-0.43792117,0.6065745870292965,1.0,0.05952380952380952
ZMAT1,-0.5150032,-24.282482,0.606550785305404,1.0,0.0
RSKR,-0.51513946,-1.3751175,0.6064555825851924,1.0,0.011904761904761904
TTC14,-0.5153438,-0.23513569,0.6063127910331819,1.0,0.2857142857142857
VPS13C,-0.51619536,-0.10507611,0.6057179881487533,1.0,0.5119047619047619
MICALL2,-0.5164338,-0.8567872,0.6055514901686907,1.0,0.05952380952380952
BCR,-0.51657003,-0.4070583,0.6054563576694166,1.0,0.10714285714285714
ZNF721,-0.5174556,-0.13753426,0.6048381596764802,1.0,0.19047619047619047
FUCA2,-0.5180687,-0.13520253,0.6044103423425502,1.0,0.42857142857142855
PAN2,-0.5181368,-1.585718,0.6043628154677976,1.0,0.023809523809523808
CRNKL1,-0.518239,-0.22761701,0.6042915283010435,1.0,0.30952380952380953
GEMIN6,-0.51827306,-0.21622832,0.6042677667509726,1.0,0.25
SIK2,-0.51830715,-1.0110888,0.6042440056203591,1.0,0.03571428571428571
LRRC75A,-0.5183752,-0.12869795,0.6041964846175845,1.0,0.5595238095238095
ZNF766,-0.51854557,-0.58701825,0.6040776894525608,1.0,0.09523809523809523
ARHGAP19,-0.5186137,-0.6725669,0.60403017432374,1.0,0.047619047619047616
PPP1R12B,-0.51868176,-1.1480187,0.6039826608735541,1.0,0.047619047619047616
TBC1D15,-0.5188521,-0.4828734,0.6038638845931764,1.0,0.13095238095238096
WDR82,-0.5189543,-0.14042813,0.6037926238623865,1.0,0.36904761904761907
AC004951.1,-0.5189884,-0.7486062,0.6037688711251501,1.0,0.047619047619047616
TRIP11,-0.51905644,-0.19384144,0.6037213669103385,1.0,0.36904761904761907
AC156455.1,-0.5191927,-0.39237422,0.6036263635199239,1.0,0.09523809523809523
HHLA3,-0.5192268,-1.3472744,0.6036026137222729,1.0,0.023809523809523808
RPL7,-0.51949924,-0.02789157,0.6034126304635201,1.0,1.0
PHF8,-0.51977175,-1.1913526,0.6032226740964293,1.0,0.023809523809523808
HAUS6,-0.51997614,-0.6163507,0.6030802244749581,1.0,0.11904761904761904
CDR2,-0.5200442,-0.50532323,0.6030327446312964,1.0,0.10714285714285714
ARMH3,-0.5203508,-2.6603413,0.6028191061520807,1.0,0.011904761904761904
ZCCHC17,-0.52065736,-0.118790016,0.6026055017483225,1.0,0.42857142857142855
USP36,-0.5207254,-0.55849636,0.6025580387320466,1.0,0.08333333333333333
AL391840.3,-0.5207254,-24.300434,0.6025580387320466,1.0,0.0
RBM34,-0.5207254,-24.352034,0.6025580387320466,1.0,0.0
TSC22D3,-0.52079356,-0.14337449,0.6025105773993924,1.0,0.5595238095238095
SLC16A1-AS1,-0.52099794,-0.16237901,0.6023682035047668,1.0,0.2857142857142857
AC010642.2,-0.52123636,-0.11188873,0.6022021197865091,1.0,0.42857142857142855
MMAA,-0.52144074,-2.1512787,0.6020597787405025,1.0,0.011904761904761904
AC012146.1,-0.522156,-0.51333547,0.6015617045539585,1.0,0.13095238095238096
PCYOX1L,-0.52232635,-0.3635841,0.6014431428685456,1.0,0.10714285714285714
PICALM,-0.5223604,-0.11457962,0.6014194317969244,1.0,0.25
RHOB,-0.52273506,-0.10084854,0.6011586378567213,1.0,0.25
PDCL,-0.5228032,-0.28015465,0.6011112262630365,1.0,0.2261904761904762
ZKSCAN5,-0.5230416,-1.6696801,0.6009452989831914,1.0,0.023809523809523808
C1orf56,-0.52314377,-0.20916747,0.6008741936254333,1.0,0.15476190476190477
TTI1,-0.5233141,-0.60409886,0.6007556931426393,1.0,0.07142857142857142
FUS,-0.52351844,-0.118068025,0.6006135065035862,1.0,0.6309523809523809
TOR1AIP2,-0.52351844,-0.17543079,0.6006135065035862,1.0,0.4523809523809524
ZNF346,-0.5236888,-0.5268461,0.6004950292575526,1.0,0.13095238095238096
SNRNP25,-0.52396125,-0.17112078,0.6003054876425387,1.0,0.27380952380952384
BGLAP,-0.52406347,-1.7230003,0.6002344165126552,1.0,0.011904761904761904
NPHP1,-0.52413154,-0.58059597,0.6001870378736943,1.0,0.11904761904761904
RPL31,-0.52416563,-0.06307294,0.6001633491885621,1.0,1.0
BAZ1B,-0.5245062,-0.1688913,0.599926485601423,1.0,0.42857142857142855
SEPTIN10,-0.5247787,-0.12959273,0.5997370251957285,1.0,0.5476190476190477
NOL8,-0.524915,-0.20759518,0.5996423051510582,1.0,0.21428571428571427
ARAP3,-0.52569836,-0.42987046,0.5990977963877091,1.0,0.15476190476190477
GLI2,-0.5257665,-1.2846414,0.5990504583916365,1.0,0.011904761904761904
OLMALINC,-0.526039,-0.7674598,0.5988611233633632,1.0,0.05952380952380952
PTPN2,-0.5264477,-0.16575141,0.5985771717064796,1.0,0.23809523809523808
ZNF519,-0.5264477,-24.276361,0.5985771717064796,1.0,0.0
NOCT,-0.5264477,-24.30628,0.5985771717064796,1.0,0.0
TRAC,-0.5264477,-24.33267,0.5985771717064796,1.0,0.0
MRPL20,-0.5264477,-0.059766006,0.5985771717064796,1.0,0.7738095238095238
LATS1,-0.526618,-0.6077124,0.5984588765450993,1.0,0.11904761904761904
PCMT1,-0.5266521,-0.112808794,0.5984352187858151,1.0,0.5238095238095238
DHX57,-0.5266521,-0.24975362,0.5984352187858151,1.0,0.10714285714285714
LPIN1,-0.52845734,-0.122302756,0.5971819653184831,1.0,0.4642857142857143
ZNF777,-0.52862763,-2.5863633,0.5970637955001981,1.0,0.011904761904761904
ELOVL1,-0.52927476,-0.106824435,0.5966148472314103,1.0,0.39285714285714285
BMERB1,-0.5295473,-0.601573,0.5964258623707828,1.0,0.13095238095238096
SETD4,-0.5295473,-0.92417866,0.5964258623707828,1.0,0.05952380952380952
TTBK2,-0.5304669,-0.36917254,0.5957882398374774,1.0,0.14285714285714285
CISD2,-0.5308416,-0.1628711,0.5955285568295914,1.0,0.35714285714285715
DYRK2,-0.5308756,-1.1759319,0.5955049518438639,1.0,0.023809523809523808
RAF1,-0.5314547,-0.40333635,0.5951037324069006,1.0,0.17857142857142858
ZNF414,-0.5318975,-0.62208116,0.5947970008344359,1.0,0.047619047619047616
DNAJC30,-0.5319656,-0.30797535,0.5947498177718988,1.0,0.07142857142857142
NAV1,-0.53203374,-0.114249736,0.5947026364191799,1.0,0.4166666666666667
SLC25A20,-0.5320678,-2.7867968,0.5946790463840514,1.0,0.011904761904761904
ZNF436,-0.53217,-24.449812,0.5946082788438249,1.0,0.0
NCOA7,-0.53244245,-0.029885523,0.5944195842178391,1.0,0.42857142857142855
URB2,-0.5329874,-1.9223856,0.5940422770999005,1.0,0.023809523809523808
ATP6V0B,-0.5339752,-0.13089247,0.5933586873018082,1.0,0.5476190476190477
DYM,-0.5340774,-0.12835756,0.5932879916809456,1.0,0.20238095238095238
RBFOX2,-0.53428173,-0.104194924,0.5931466120138018,1.0,0.4642857142857143
SBNO1-AS1,-0.53434986,-2.129504,0.593099488888166,1.0,0.011904761904761904
CEP95,-0.5344861,-0.29463816,0.5930052477829497,1.0,0.11904761904761904
ACAT2,-0.5349289,-0.0838332,0.5926990115912549,1.0,0.6309523809523809
NLN,-0.53499705,-0.25200048,0.5926519047672725,1.0,0.2619047619047619
ZBTB9,-0.5350311,-24.415724,0.5926283519990652,1.0,0.0
TAPBPL,-0.5350311,-24.397226,0.5926283519990652,1.0,0.0
PHF14,-0.5353376,-0.2085886,0.5924163964022258,1.0,0.34523809523809523
NIPSNAP2,-0.5353717,-0.12850152,0.5923928479270484,1.0,0.4880952380952381
MYZAP,-0.535508,-1.2452546,0.5922986583206364,1.0,0.023809523809523808
ARMC7,-0.5359507,-2.4891715,0.5919925895646984,1.0,0.011904761904761904
XXYLT1,-0.5359848,-0.19167688,0.5919690488218858,1.0,0.27380952380952384
MCM7,-0.5365298,-0.4084236,0.5915924553975889,1.0,0.07142857142857142
GALNT6,-0.5365639,-0.10225599,0.5915689219633564,1.0,0.47619047619047616
TOLLIP,-0.53666604,-0.3409205,0.591498324241286,1.0,0.13095238095238096
TMEM141,-0.53690445,-0.09827127,0.5913336112792731,1.0,0.5476190476190477
GGA3,-0.53693855,-0.35487607,0.5913100825771164,1.0,0.07142857142857142
MAGED1,-0.5372451,-0.17085737,0.5910983436237758,1.0,0.35714285714285715
ZNF639,-0.5372791,-0.17028132,0.5910748192255462,1.0,0.11904761904761904
KMT5B,-0.5376538,-0.1812113,0.5908160792622577,1.0,0.23809523809523808
URI1,-0.53772193,-0.14237952,0.5907690412310808,1.0,0.4642857142857143
ZKSCAN3,-0.5378922,-24.441628,0.5906514536916336,1.0,0.0
CCDC180,-0.5378922,-24.35727,0.5906514536916336,1.0,0.0
RBM45,-0.53857344,-1.7243602,0.590181211270254,1.0,0.023809523809523808
POPDC3,-0.53874373,-2.9817166,0.5900636776111211,1.0,0.011904761904761904
DYNLL1,-0.5391184,-0.05788498,0.5898051415217405,1.0,0.9404761904761905
ATP11B,-0.53942496,-0.26922816,0.589593650832031,1.0,0.19047619047619047
ZMIZ1,-0.54031056,-0.25610518,0.5889828742107694,1.0,0.19047619047619047
ECI2,-0.5403446,-0.08984349,0.5889593886350841,1.0,0.7857142857142857
KANSL1-AS1,-0.54075336,-24.451006,0.588677595447191,1.0,0.0
NAA20,-0.54170704,-0.078968234,0.5880203202509732,1.0,0.5714285714285714
TRAPPC3,-0.54180926,-0.06252037,0.5879499180361116,1.0,0.5
ADAMTS4,-0.5418433,-0.5352059,0.5879264514972711,1.0,0.047619047619047616
ZNF100,-0.54218394,-2.2873266,0.5876918099319186,1.0,0.011904761904761904
GOLM1,-0.5423202,-0.16123469,0.5875979654365686,1.0,0.5
C11orf49,-0.5423202,-0.36312896,0.5875979654365686,1.0,0.14285714285714285
KIAA1109,-0.5425245,-0.1734099,0.5874572116946629,1.0,0.34523809523809523
TBCK,-0.5426608,-0.56013083,0.5873633845359315,1.0,0.07142857142857142
NDUFB1,-0.5428992,-0.07527398,0.5871992037005616,1.0,0.8333333333333334
GMFG,-0.5431376,-0.840481,0.5870350441157199,1.0,0.07142857142857142
EXOSC3,-0.5435464,-0.45561466,0.5867536771435201,1.0,0.07142857142857142
POC1B,-0.5436145,-0.75258744,0.5867067887239394,1.0,0.07142857142857142
ZNF354B,-0.5436145,-24.423513,0.5867067887239394,1.0,0.0
AC103702.1,-0.5436145,-24.385979,0.5867067887239394,1.0,0.0
DNAJA1,-0.54371667,-0.018305894,0.5866364593502685,1.0,0.8571428571428571
LRRK1,-0.5437507,-0.8955445,0.5866130170939748,1.0,0.07142857142857142
WASHC2A,-0.5437848,-0.4231481,0.5865895752718446,1.0,0.08333333333333333
CCDC50,-0.54381883,-0.04628716,0.5865661338838973,1.0,0.7976190476190477
CPS1,-0.5439551,-2.4008605,0.5864723726743177,1.0,0.011904761904761904
HDAC10,-0.5440232,-0.8554666,0.5864254946751224,1.0,0.047619047619047616
HMOX2,-0.5441935,-0.14603783,0.5863083072780122,1.0,0.30952380952380953
RELL1,-0.54477257,-0.15902247,0.5859099513772796,1.0,0.39285714285714285
TEDC1,-0.5451813,-1.4860827,0.5856288346155598,1.0,0.023809523809523808
ANKRD17,-0.5456241,-0.13614567,0.5853243621401818,1.0,0.44047619047619047
ASB3,-0.54579437,-0.4934233,0.5852072769243464,1.0,0.08333333333333333
AC037198.1,-0.5458966,-1.412282,0.5851370310184176,1.0,0.011904761904761904
GMPR2,-0.54627126,-0.1342437,0.5848794962239035,1.0,0.21428571428571427
HLCS,-0.54627126,-0.38220343,0.5848794962239035,1.0,0.10714285714285714
BTBD19,-0.5464075,-0.08790058,0.5847858602737023,1.0,0.05952380952380952
ZW10,-0.5464075,-0.613762,0.5847858602737023,1.0,0.03571428571428571
AL662884.3,-0.5464756,-24.38257,0.5847390449124468,1.0,0.0
CEBPZ,-0.5465097,-0.10416417,0.5847156378853469,1.0,0.40476190476190477
XRCC5,-0.5467481,-0.13902727,0.5845518008966135,1.0,0.8095238095238095
ZMIZ2,-0.5470206,-0.8138932,0.5843645847747935,1.0,0.07142857142857142
ILK,-0.54705465,-0.18616425,0.584341184721349,1.0,0.4642857142857143
BCAT2,-0.54722494,-0.22886948,0.5842241909947359,1.0,0.2976190476190476
ARL6,-0.5474293,-2.946197,0.5840838129146498,1.0,0.011904761904761904
CMBL,-0.5475656,-0.42342514,0.5839902362521603,1.0,0.09523809523809523
PNPO,-0.5476337,-0.3302678,0.5839434505386419,1.0,0.16666666666666666
TMEM260,-0.54790616,-0.4384732,0.5837563251396252,1.0,0.07142857142857142
DALRD3,-0.5480765,-0.19435321,0.5836393859505595,1.0,0.25
AC100801.2,-0.5481446,-0.3636015,0.5835926133308975,1.0,0.05952380952380952
CCDC6,-0.5481446,-0.09495101,0.5835926133308975,1.0,0.2976190476190476
ARPC5,-0.5482127,-0.02117445,0.5835458424577287,1.0,0.9166666666666666
ATAT1,-0.5484171,-1.0088426,0.5834055403186982,1.0,0.03571428571428571
NUP85,-0.5484171,-0.6923929,0.5834055403186982,1.0,0.10714285714285714
PHACTR2,-0.5486215,-0.09366394,0.5832652539035696,1.0,0.7380952380952381
TET3,-0.548928,-1.4056269,0.5830548537721527,1.0,0.011904761904761904
RP9,-0.5490302,-0.28753322,0.5829847282614012,1.0,0.21428571428571427
TYW5,-0.549507,-0.24735636,0.5826575279029931,1.0,0.13095238095238096
CCDC86,-0.5495411,-0.49352694,0.582634159728566,1.0,0.07142857142857142
TRAF4,-0.5495411,-1.9632878,0.582634159728566,1.0,0.011904761904761904
MAP7D3,-0.5497114,-0.13845469,0.5825173254178126,1.0,0.5119047619047619
POLD1,-0.5503586,-1.3787693,0.5820734548058987,1.0,0.023809523809523808
MPV17L,-0.55063105,-0.5519514,0.5818866091974231,1.0,0.07142857142857142
CSNK1G3,-0.55066514,-0.14348836,0.5818632554671883,1.0,0.30952380952380953
PPM1K,-0.55066514,-0.1886438,0.5818632554671883,1.0,0.15476190476190477
BPHL,-0.5508014,-0.41241103,0.581769844926678,1.0,0.13095238095238096
DHRS1,-0.5509376,-0.5881883,0.5816764413957596,1.0,0.09523809523809523
NIF3L1,-0.55124414,-1.1608232,0.5814663090862676,1.0,0.03571428571428571
MARCH9,-0.5520616,-0.34453338,0.5809061298827756,1.0,0.07142857142857142
PRR14L,-0.5520957,-0.29247165,0.580882794565786,1.0,0.2261904761904762
FANCF,-0.55212975,-0.59760123,0.580859459687612,1.0,0.047619047619047616
EXOC4,-0.55253845,-0.31988367,0.5805794753839946,1.0,0.20238095238095238
ATAD3A,-0.5528791,-0.6431821,0.5803462034262221,1.0,0.07142857142857142
API5,-0.5529472,-0.18212321,0.5802995543050441,1.0,0.2261904761904762
LIMS2,-0.55298126,-0.26551774,0.5802762304033744,1.0,0.19047619047619047
NUDT12,-0.55301535,-0.45839876,0.5802529069410093,1.0,0.07142857142857142
KANK2,-0.55301535,-0.39151192,0.5802529069410093,1.0,0.17857142857142858
RO60,-0.5530494,-0.123971544,0.5802295839179673,1.0,0.47619047619047616
DNAJA2,-0.55339,-0.100424565,0.5799963778544615,1.0,0.5714285714285714
RPL14,-0.5535603,-0.07805671,0.5798797913039043,1.0,0.9880952380952381
RAP1A,-0.55362844,-0.14141886,0.5798331597609158,1.0,0.2976190476190476
GSEC,-0.55362844,-1.0144601,0.5798331597609158,1.0,0.047619047619047616
LMAN2L,-0.55403715,-0.72533464,0.5795534074397751,1.0,0.047619047619047616
ETFRF1,-0.5544459,-0.39095473,0.5792737184622434,1.0,0.16666666666666666
OSTM1,-0.55451405,-0.29939124,0.5792271097933346,1.0,0.16666666666666666
ANTKMT,-0.55468434,-0.14200026,0.5791105958239882,1.0,0.3333333333333333
RBM41,-0.5547184,-0.5591824,0.5790872943507703,1.0,0.09523809523809523
STARD4,-0.55485463,-0.15300727,0.5789940928606929,1.0,0.44047619047619047
JUN,-0.55618304,-0.107987195,0.5780857477367329,1.0,0.5476190476190477
PLXNA3,-0.55631924,-0.9924892,0.5779926220470667,1.0,0.05952380952380952
RAB3C,-0.55683017,-0.9454425,0.5776434635828436,1.0,0.05952380952380952
GOLGA7,-0.55686426,-0.1840137,0.577620189882547,1.0,0.44047619047619047
ADGRL4,-0.5570686,-0.111204244,0.577480556951598,1.0,0.6904761904761905
PLAAT3,-0.557307,-0.11896782,0.5773176719562427,1.0,0.40476190476190477
TUBB6,-0.5575455,-0.11751991,0.5771548086031633,1.0,0.7142857142857143
WIZ,-0.55764765,-0.4743118,0.5770850166500399,1.0,0.11904761904761904
CTR9,-0.5576817,-0.06455759,0.5770617535493708,1.0,0.27380952380952384
DOHH,-0.557852,-0.66204655,0.5769454446746538,1.0,0.03571428571428571
MINDY3,-0.557852,-0.18718353,0.5769454446746538,1.0,0.11904761904761904
PEX11G,-0.55792016,-24.401333,0.5768989242184737,1.0,0.0
STK16,-0.55792016,-0.3826726,0.5768989242184737,1.0,0.14285714285714285
ZFP64,-0.5581586,-0.4000894,0.576736116546255,1.0,0.14285714285714285
AC016831.5,-0.5581926,-2.8011248,0.5767128600757937,1.0,0.011904761904761904
EFHC1,-0.55826074,-0.011204641,0.576666348461377,1.0,0.14285714285714285
AC015813.1,-0.55853325,-0.5610264,0.5764803196931817,1.0,0.11904761904761904
ZBTB8OS,-0.558976,-0.10297981,0.5761780833296093,1.0,0.3333333333333333
MRPL49,-0.5590101,-0.85120386,0.5761548374761714,1.0,0.07142857142857142
SNRK,-0.5591804,-0.12183949,0.5760386148484704,1.0,0.6309523809523809
STK10,-0.5598957,-0.72331905,0.5755506006963547,1.0,0.05952380952380952
COPS3,-0.5600319,-0.23451042,0.5754576677689898,1.0,0.23809523809523808
AC097448.1,-0.56044066,-0.69192284,0.5751789115353247,1.0,0.07142857142857142
PRADC1,-0.5605088,-0.5918995,0.5751324583695799,1.0,0.09523809523809523
CCM2,-0.5605769,-0.22621189,0.5750860069775244,1.0,0.25
ANKRD13D,-0.5607472,-0.6900805,0.574969886258247,1.0,0.08333333333333333
ZNF341-AS1,-0.56078124,-24.453178,0.5749466634449727,1.0,0.0
AL162458.1,-0.56078124,-24.413315,0.5749466634449727,1.0,0.0
IL1RAP,-0.5611219,-1.2846339,0.574714459711634,1.0,0.023809523809523808
PLAAT4,-0.56139433,-0.29518864,0.5745287286744198,1.0,0.07142857142857142
SRM,-0.56146246,-0.12516113,0.5744823003537713,1.0,0.7857142857142857
CASP6,-0.56183714,-0.66013086,0.5742269763358148,1.0,0.14285714285714285
RILPL1,-0.56193936,-0.27248242,0.5741573518386862,1.0,0.16666666666666666
HMGXB3,-0.5628249,-0.23276621,0.5735541070458423,1.0,0.27380952380952384
DCP1B,-0.56289303,-0.8176913,0.5735077160470412,1.0,0.047619047619047616
RMI2,-0.56316555,-1.7047778,0.5733221698418104,1.0,0.011904761904761904
LINC02693,-0.5631996,-0.375338,0.5732989785678319,1.0,0.13095238095238096
NFE2L1,-0.56360835,-0.16672145,0.5730207179858247,1.0,0.4880952380952381
DDX46,-0.5636424,-0.122338615,0.5729975324966923,1.0,0.5119047619047619
VWA1,-0.56384677,-0.71843547,0.5728584289099912,1.0,0.023809523809523808
BCORL1,-0.5639489,-1.2435851,0.5727888831269543,1.0,0.03571428571428571
USP42,-0.5643577,-0.5921165,0.5725107400751204,1.0,0.09523809523809523
GAPVD1,-0.56442577,-0.21529329,0.5724643891359846,1.0,0.2619047619047619
TVP23B,-0.5645961,-1.032903,0.5723485195853886,1.0,0.047619047619047616
COG1,-0.5649708,-0.7844893,0.5720936457927417,1.0,0.07142857142857142
AXL,-0.56507295,-0.1771747,0.572024144119818,1.0,0.3333333333333333
CXCL16,-0.56507295,-0.6193601,0.572024144119818,1.0,0.08333333333333333
MLLT3,-0.565107,-1.298543,0.5720009777872581,1.0,0.03571428571428571
NDUFA2,-0.5653114,-0.079123445,0.5718619891565362,1.0,0.7023809523809523
C12orf43,-0.56589043,-0.33817574,0.5714682752450599,1.0,0.15476190476190477
NECAB3,-0.56592447,-0.6435042,0.5714451196192563,1.0,0.07142857142857142
AC002480.1,-0.5661629,-0.8289849,0.5712830427372636,1.0,0.047619047619047616
SNHG12,-0.56629914,-0.46341765,0.5711904371980856,1.0,0.10714285714285714
OAZ2,-0.56633323,-0.13813615,0.5711672869296056,1.0,0.23809523809523808
VPS18,-0.5668441,-1.4274964,0.5708200865000881,1.0,0.023809523809523808
DGLUCY,-0.5669463,-0.51994216,0.5707506584767811,1.0,0.13095238095238096
MTF1,-0.56698036,-0.69431555,0.570727516696102,1.0,0.047619047619047616
ARHGEF28,-0.56698036,-0.39305583,0.570727516696102,1.0,0.19047619047619047
RPS27,-0.56698036,-0.015492181,0.570727516696102,1.0,1.0
ZNF317,-0.56718475,-1.4839846,0.5705886753977459,1.0,0.023809523809523808
XBP1,-0.56762755,-0.17524652,0.5702879077965981,1.0,0.44047619047619047
STS,-0.56786597,-1.6702572,0.5701259873166322,1.0,0.011904761904761904
EARS2,-0.56807035,-2.5256045,0.5699872157814578,1.0,0.011904761904761904
HMG20B,-0.5682747,-0.11398594,0.5698484603559548,1.0,0.30952380952380953
WDR54,-0.568445,-0.21429679,0.5697328431435322,1.0,0.20238095238095238
APOL6,-0.5686153,-0.3512755,0.5696172371233764,1.0,0.10714285714285714
GCDH,-0.5687856,-0.6415867,0.569501642297757,1.0,0.10714285714285714
CALM2,-0.56909215,-0.036452264,0.5692935998291131,1.0,1.0
PHKA1,-0.56912625,-2.0167744,0.5692704862391991,1.0,0.011904761904761904
HIBCH,-0.5691603,-0.3195723,0.5692473730973385,1.0,0.19047619047619047
CLIC1,-0.5693987,-0.06611083,0.5690855936513373,1.0,0.9404761904761905
TRAPPC6B,-0.570114,-0.2641203,0.568600387108552,1.0,0.11904761904761904
ARL4D,-0.5701821,-0.84292364,0.5685541872762946,1.0,0.047619047619047616
ZNF581,-0.5702843,-0.21148518,0.5684848908925655,1.0,0.23809523809523808
NOC3L,-0.5704546,-0.19991836,0.5683694058933076,1.0,0.32142857142857145
CD81,-0.57055676,-0.079812974,0.5683001202787229,1.0,0.9166666666666666
KTI12,-0.57055676,-1.1148067,0.5683001202787229,1.0,0.03571428571428571
TSPAN15,-0.5710677,-0.19367369,0.5679537528054125,1.0,0.20238095238095238
ORC3,-0.57120395,-0.5561232,0.5678614052085649,1.0,0.11904761904761904
MLLT10,-0.57120395,-0.51956975,0.5678614052085649,1.0,0.16666666666666666
ZNF140,-0.57222575,-24.488857,0.5671690273819189,1.0,0.0
WASHC5,-0.5728389,-0.5145489,0.566753794924141,1.0,0.14285714285714285
TMLHE,-0.5728389,-0.8025669,0.566753794924141,1.0,0.047619047619047616
CD58,-0.5729751,-0.6590614,0.5666615408418836,1.0,0.07142857142857142
RNF213,-0.57338387,-0.10400025,0.5663848218086682,1.0,0.5952380952380952
EI24,-0.57355416,-0.10585399,0.5662695413478409,1.0,0.7261904761904762
MIEN1,-0.5736904,-0.11038238,0.5661773250862465,1.0,0.5119047619047619
MYL5,-0.57392883,-1.4023415,0.5660159639722577,1.0,0.023809523809523808
MTX1,-0.57416725,-0.17301348,0.5658546249374713,1.0,0.38095238095238093
GFER,-0.5747122,-0.26397896,0.565485932943457,1.0,0.19047619047619047
ICAM3,-0.5752572,-0.25316122,0.5651173564074998,1.0,0.17857142857142858
PTPRA,-0.5755297,-0.09139748,0.5649331114591952,1.0,0.8095238095238095
MAU2,-0.5755638,-0.48761225,0.5649100828719373,1.0,0.09523809523809523
CNOT4,-0.57566595,-0.15484339,0.564840999818966,1.0,0.23809523809523808
SLC23A2,-0.5761769,-0.21802633,0.5644956455174317,1.0,0.13095238095238096
RPS17,-0.5765856,-0.022210447,0.5642194352611059,1.0,1.0
EXOC6B,-0.5769262,-0.25995678,0.5639893097651478,1.0,0.23809523809523808
LINC01357,-0.5769943,-2.3481035,0.5639432900914103,1.0,0.011904761904761904
ZMYM2,-0.57777774,-0.19015364,0.5634141938879831,1.0,0.27380952380952384
PPIP5K1,-0.57794803,-24.433187,0.5632992046496696,1.0,0.0
C3orf62,-0.57794803,-24.460253,0.5632992046496696,1.0,0.0
HIRIP3,-0.5781183,-0.80474865,0.5631842267289149,1.0,0.03571428571428571
TRMT10B,-0.578493,-0.38519502,0.5629313151520025,1.0,0.09523809523809523
DNAJC12,-0.57862926,-0.15703523,0.5628393608942037,1.0,0.4166666666666667
LDOC1,-0.57883364,-0.2799549,0.562701443099583,1.0,0.16666666666666666
RNF19B,-0.57890177,-0.41688272,0.5626554741264977,1.0,0.07142857142857142
EXTL3,-0.57903796,-0.36770555,0.5625635416188607,1.0,0.14285714285714285
SCARA3,-0.57965106,-0.14317004,0.5621499350983653,1.0,0.2261904761904762
IFT46,-0.5797192,-0.62810904,0.5621039878882018,1.0,0.047619047619047616
TBC1D22B,-0.5801961,-2.6690867,0.5617824082309145,1.0,0.011904761904761904
SMCHD1,-0.5802642,-0.2913297,0.561736475540694,1.0,0.2857142857142857
CHKB-DT,-0.5805026,-2.3704603,0.5615757254239301,1.0,0.011904761904761904
PFKM,-0.58057076,-0.38115767,0.5615298009051546,1.0,0.20238095238095238
PARN,-0.5808773,-0.12269623,0.5613231630489878,1.0,0.11904761904761904
BOD1L1,-0.58152443,-0.13274357,0.560887048414406,1.0,0.3333333333333333
KIAA1211L,-0.5816947,-0.37908378,0.5607723086739859,1.0,0.11904761904761904
OSBPL7,-0.5816947,-0.913897,0.5607723086739859,1.0,0.03571428571428571
WSB1,-0.58179694,-0.08646009,0.5607034702853732,1.0,0.6904761904761905
RAB8A,-0.5818651,-0.2866205,0.5606575802997746,1.0,0.2976190476190476
TRAFD1,-0.5820694,-0.63351893,0.5605199212572164,1.0,0.08333333333333333
RNF40,-0.58237594,-0.4811433,0.5603134633964029,1.0,0.11904761904761904
ANKRD28,-0.58264846,-0.14270419,0.560129976237527,1.0,0.44047619047619047
EGLN2,-0.58264846,-0.32685265,0.560129976237527,1.0,0.15476190476190477
TRIM26,-0.5827847,-0.75715286,0.5600382435809105,1.0,0.047619047619047616
NEK11,-0.58326155,-1.9048582,0.5597172366467509,1.0,0.023809523809523808
IL6,-0.58343184,-0.79784656,0.5596026129448337,1.0,0.047619047619047616
NAPEPLD,-0.5836022,-1.642014,0.5594880006315373,1.0,0.023809523809523808
ICK,-0.5836362,-0.58838177,0.5594650795357055,1.0,0.10714285714285714
HSD17B8,-0.5836703,-1.1254163,0.5594421588955236,1.0,0.023809523809523808
TMEM11,-0.58390874,-0.27601114,0.5592817271739258,1.0,0.15476190476190477
TTL,-0.58411306,-0.20637137,0.5591442320452924,1.0,0.2976190476190476
VBP1,-0.5842834,-0.19108626,0.5590296653083944,1.0,0.38095238095238093
GZF1,-0.58431745,-0.7213969,0.5590067533288935,1.0,0.05952380952380952
DDX60,-0.5844537,-0.6221487,0.5589151099710699,1.0,0.05952380952380952
KCTD15,-0.5846921,-0.82890064,0.5587547516542654,1.0,0.03571428571428571
EBLN3P,-0.5846921,-0.2909243,0.5587547516542654,1.0,0.2976190476190476
ELOVL6,-0.58520305,-0.22550379,0.5584112019692116,1.0,0.2261904761904762
CDC34,-0.5854755,-0.18508554,0.5582280174606367,1.0,0.2857142857142857
IARS,-0.5855096,-0.17458224,0.5582051214515582,1.0,0.4880952380952381
ARIH2,-0.58561176,-0.20181453,0.5581364361640666,1.0,0.30952380952380953
STX18-AS1,-0.58564585,-2.667713,0.5581135419815421,1.0,0.011904761904761904
MAP3K4,-0.5856799,-0.3269187,0.5580906482556998,1.0,0.13095238095238096
LSM3,-0.5858843,-0.1167803,0.5579532954919468,1.0,0.5476190476190477
ZDBF2,-0.586293,-0.9662037,0.5576786393030642,1.0,0.05952380952380952
HACD1,-0.5863952,-0.19247699,0.557609985537469,1.0,0.23809523809523808
IRF2BP1,-0.5865314,-24.449772,0.5575184535823432,1.0,0.0
TRAP1,-0.5865314,-0.19193661,0.5575184535823432,1.0,0.34523809523809523
ZBED5-AS1,-0.5865314,-0.816039,0.5575184535823432,1.0,0.047619047619047616
TWIST2,-0.5865314,-0.33831888,0.5575184535823432,1.0,0.14285714285714285
FOSL1,-0.5865314,-0.22175214,0.5575184535823432,1.0,0.2976190476190476
GABARAPL2,-0.5866336,-0.08994232,0.5574498094158591,1.0,0.6904761904761905
SMAD4,-0.5867358,-0.13249774,0.5573811693640633,1.0,0.2261904761904762
ZNF322,-0.58704233,-0.31228158,0.5571752739015055,1.0,0.13095238095238096
PRR14,-0.5876214,-1.038529,0.5567864613448588,1.0,0.05952380952380952
HIF1AN,-0.58775765,-0.8602252,0.5566949952573095,1.0,0.08333333333333333
REPS1,-0.58813226,-0.61763924,0.5564435012852023,1.0,0.08333333333333333
ZNF32,-0.58816636,-0.9389153,0.5564206409441954,1.0,0.07142857142857142
CHAC1,-0.58833665,-1.3945673,0.5563063461090525,1.0,0.03571428571428571
VARS,-0.58860916,-0.21908231,0.5561234981926542,1.0,0.30952380952380953
SLC7A6,-0.5887113,-0.40158865,0.5560549377837455,1.0,0.11904761904761904
TRAK1,-0.5889157,-0.42584518,0.5559178293390645,1.0,0.15476190476190477
PPP1R14B-AS1,-0.58939254,-0.43958145,0.5555979738103964,1.0,0.09523809523809523
STX4,-0.5894947,-0.20593934,0.5555294450324758,1.0,0.2261904761904762
WBP4,-0.5896991,-0.15206169,0.5553923998605179,1.0,0.23809523809523808
NOP56,-0.5897332,-0.096739076,0.5553695606040449,1.0,0.6666666666666666
DLL3,-0.5897332,-0.5394672,0.5553695606040449,1.0,0.08333333333333333
MYPOP,-0.59010786,-0.70902675,0.555118359065202,1.0,0.03571428571428571
COL5A1,-0.59010786,-0.09641237,0.555118359065202,1.0,0.44047619047619047
MICOS10,-0.5903463,-0.0398321,0.5549585324532655,1.0,0.9404761904761905
MYCBPAP,-0.59095937,-0.3036343,0.5545476530433902,1.0,0.13095238095238096
YKT6,-0.5910275,-0.30577937,0.5545020089615332,1.0,0.19047619047619047
SLC38A10,-0.5911637,-0.6643881,0.5544107263110183,1.0,0.09523809523809523
CLEC11A,-0.5914362,-0.12437411,0.5542281830666411,1.0,0.6666666666666666
USB1,-0.5914703,-0.52259004,0.5542053672292409,1.0,0.15476190476190477
AL445524.1,-0.59174275,-0.19559518,0.554022857078726,1.0,0.23809523809523808
SEC22C,-0.591879,-0.24162365,0.5539316130377152,1.0,0.30952380952380953
LMTK2,-0.59201527,-2.0486033,0.5538403763543364,1.0,0.011904761904761904
GTF2B,-0.5920493,-0.43535268,0.5538175683332507,1.0,0.09523809523809523
RMDN3,-0.59218556,-0.36361852,0.553726340848459,1.0,0.14285714285714285
CACNA2D4,-0.59218556,-1.0804216,0.553726340848459,1.0,0.047619047619047616
ANKRD40,-0.5924921,-0.28925967,0.5535211059197429,1.0,0.19047619047619047
GDAP2,-0.5926624,-0.6345133,0.5534071026197426,1.0,0.05952380952380952
PLEKHB2,-0.59296894,-0.18374182,0.5532019256767476,1.0,0.30952380952380953
SH2B1,-0.59300303,-1.2939079,0.5531791305404157,1.0,0.03571428571428571
PAXX,-0.59341174,-0.08018632,0.5529056248219838,1.0,0.32142857142857145
PLEKHM1,-0.59463793,-0.6739294,0.5520855057643224,1.0,0.07142857142857142
ARHGAP31,-0.5949786,-0.6190107,0.5518578009660933,1.0,0.07142857142857142
VKORC1,-0.5950467,-0.14529614,0.5518122655428295,1.0,0.6666666666666666
GCOM1,-0.5951148,-24.577917,0.5517667319653448,1.0,0.0
ARHGAP29,-0.59514886,-0.11941048,0.5517439658688122,1.0,0.7857142857142857
SNHG6,-0.59518296,-0.029434038,0.5517212002337757,1.0,0.9761904761904762
LINC00607,-0.59593225,-0.25248092,0.5512204730559601,1.0,0.2976190476190476
SLC12A6,-0.59647727,-0.68259835,0.5508564482392895,1.0,0.07142857142857142
PKD1,-0.59770346,-0.91454995,0.5500378250896263,1.0,0.047619047619047616
SLF1,-0.5977375,-2.0689933,0.5500150941152979,1.0,0.011904761904761904
MTPAP,-0.5977716,-0.4969321,0.5499923636037578,1.0,0.08333333333333333
ZBTB21,-0.59831655,-0.3232216,0.5496287383721372,1.0,0.08333333333333333
ZPR1,-0.59848684,-0.26998258,0.5495151297954931,1.0,0.21428571428571427
SYMPK,-0.5989637,-0.35646802,0.5491970873880145,1.0,0.15476190476190477
ZNF142,-0.59954274,-2.355245,0.5488110151457473,1.0,0.011904761904761904
DGKD,-0.600803,-1.1516404,0.5479712035985935,1.0,0.05952380952380952
BAG4,-0.6011436,-0.4305631,0.5477443365815078,1.0,0.13095238095238096
ISCU,-0.6011777,-0.16581132,0.5477216524341397,1.0,0.5595238095238095
ACAP2,-0.6014161,-0.13949844,0.5475628764093037,1.0,0.40476190476190477
TYMP,-0.60192704,-0.41643587,0.5472227187384736,1.0,0.07142857142857142
FPGT,-0.60233575,-1.466097,0.5469506679067625,1.0,0.023809523809523808
SFXN5,-0.6024039,-0.36684725,0.5469053326115824,1.0,0.08333333333333333
TXNL4B,-0.60254014,-1.9919924,0.5468146676025187,1.0,0.023809523809523808
RASA3,-0.60274446,-0.47705182,0.5466786840441749,1.0,0.10714285714285714
TMEM115,-0.6034257,-0.5679785,0.5462255265053966,1.0,0.14285714285714285
TBRG1,-0.60359603,-0.30134842,0.5461122662154069,1.0,0.2619047619047619
RPP40,-0.6038685,-0.3924879,0.5459310739677776,1.0,0.11904761904761904
NRBP2,-0.6039026,-0.40287384,0.5459084270328206,1.0,0.08333333333333333
CMC1,-0.60441345,-0.23466249,0.5455687789177347,1.0,0.3333333333333333
TYRO3,-0.60444754,-1.3333355,0.5455461394381032,1.0,0.011904761904761904
TSPAN12,-0.6046519,-1.223357,0.545410312348988,1.0,0.023809523809523808
PIK3R1,-0.6049244,-0.4056362,0.5452292356712989,1.0,0.13095238095238096
POLM,-0.6049585,-0.38405663,0.5452066031849105,1.0,0.13095238095238096
CNKSR3,-0.60506064,-0.88260394,0.5451387085239088,1.0,0.03571428571428571
PRR13,-0.605265,-0.11349039,0.5450029317951385,1.0,0.6071428571428571
PPP1R13L,-0.60529906,-0.46343857,0.5449803039729936,1.0,0.14285714285714285
KLHL4,-0.60635495,-0.20405932,0.5442790729608188,1.0,0.2619047619047619
AL355312.4,-0.6064571,-0.101456195,0.544211235705794,1.0,0.5833333333333334
AKNA,-0.60655934,-24.529268,0.5441434026544945,1.0,0.0
CDKN2B,-0.6066615,-0.6350692,0.5440755738073677,1.0,0.08333333333333333
SP110,-0.6073087,-0.46609628,0.5436460887679991,1.0,0.14285714285714285
BMP2,-0.6077174,-1.5244889,0.5433749220057589,1.0,0.03571428571428571
ZNF343,-0.6078877,-1.9842107,0.5432619557301477,1.0,0.011904761904761904
EP300,-0.60829645,-0.3067926,0.542990884385752,1.0,0.2261904761904762
SNHG7,-0.60870516,-0.12612046,0.5427198804296205,1.0,0.5119047619047619
COX17,-0.60890955,-0.086033486,0.5425844037310643,1.0,0.7380952380952381
LIG1,-0.60935235,-1.0114415,0.5422909287204063,1.0,0.03571428571428571
ZNF664,-0.6098292,-0.24677606,0.5419749672536507,1.0,0.09523809523809523
MACROD1,-0.6101017,-0.1363163,0.541794459088142,1.0,0.2619047619047619
HSPA4,-0.61013573,-0.17167155,0.5417718976770924,1.0,0.5
GDPD1,-0.6102379,-2.2988613,0.5417042162571895,1.0,0.011904761904761904
ALDOC,-0.6102379,-0.4969159,0.5417042162571895,1.0,0.14285714285714285
SNHG21,-0.6104423,-2.3564749,0.5415688660784697,1.0,0.011904761904761904
PKM,-0.6107148,-0.09323259,0.541388425438751,1.0,0.9523809523809523
H6PD,-0.6107148,-0.2914397,0.541388425438751,1.0,0.10714285714285714
JHY,-0.610851,-1.0939261,0.5412982163777871,1.0,0.023809523809523808
MORF4L1,-0.6109191,-0.053874128,0.5412531146624884,1.0,0.9404761904761905
BASP1,-0.61122566,-0.10537442,0.5410501801729639,1.0,0.8333333333333334
B3GLCT,-0.61146414,-1.6870973,0.5408923685218086,1.0,0.023809523809523808
TCEA1,-0.6115663,-0.08788241,0.5408247419992469,1.0,0.8452380952380952
ACAD9,-0.6118047,-0.35550588,0.5406669632150283,1.0,0.14285714285714285
SEC23B,-0.6118047,-0.32904622,0.5406669632150283,1.0,0.19047619047619047
BCAR3,-0.6118047,-0.4303384,0.5406669632150283,1.0,0.11904761904761904
NDUFAF6,-0.61187285,-0.49193236,0.54062188778915,1.0,0.13095238095238096
MTCH1,-0.6121794,-0.14142287,0.5404190716247127,1.0,0.6190476190476191
PGAP2,-0.61221343,-0.5502213,0.5403965388443461,1.0,0.07142857142857142
NAMPT,-0.6129628,-0.08871088,0.5399009365805556,1.0,0.6666666666666666
ERV3-1,-0.6132012,-0.5010564,0.5397432926704406,1.0,0.09523809523809523
SELENOH,-0.6133034,-0.15960719,0.5396757380493966,1.0,0.7380952380952381
SMG1,-0.6134397,-0.20510264,0.5395856718068076,1.0,0.3333333333333333
MBP,-0.6142912,-0.4502412,0.5390229283702319,1.0,0.08333333333333333
PFDN2,-0.61500645,-0.085267246,0.5385504512970836,1.0,0.8571428571428571
METTL27,-0.61510867,-0.38144848,0.5384829715319825,1.0,0.10714285714285714
HYLS1,-0.6151427,-24.54236,0.5384604792194213,1.0,0.0
MYBBP1A,-0.6151768,-0.41183648,0.5384379873781233,1.0,0.10714285714285714
EXPH5,-0.6153471,-1.4047211,0.5383255352411498,1.0,0.023809523809523808
SPSB1,-0.6154152,-0.5327189,0.5382805576857708,1.0,0.07142857142857142
FKBP8,-0.61568767,-0.1554671,0.5381006663212696,1.0,0.5238095238095238
ROBO3,-0.61568767,-0.82116044,0.5381006663212696,1.0,0.047619047619047616
UNG,-0.6159602,-0.47965613,0.5379208051342139,1.0,0.10714285714285714
PCTP,-0.6159942,-0.7498446,0.5378983246080965,1.0,0.05952380952380952
NCKAP5,-0.6160283,-1.5642766,0.5378758445536473,1.0,0.023809523809523808
ATP2B1,-0.616437,-0.086827986,0.5376061206962758,1.0,0.5476190476190477
ALKBH7,-0.6165733,-0.10079355,0.5375162278425534,1.0,0.6190476190476191
LIMA1,-0.6166414,-0.13316557,0.5374712842472871,1.0,0.6547619047619048
FOXP1,-0.6168117,-0.11871434,0.5373589335189759,1.0,0.5952380952380952
GATD1,-0.61691386,-0.46533614,0.5372915287465359,1.0,0.15476190476190477
TRAPPC8,-0.6170501,-0.44345438,0.5372016623261577,1.0,0.11904761904761904
WDR59,-0.61779946,-0.4564052,0.5367075320821901,1.0,0.15476190476190477
ERI3,-0.61800385,-0.26182097,0.536572808973182,1.0,0.30952380952380953
MED31,-0.6185488,-0.19775386,0.5362136305398427,1.0,0.38095238095238093
MAP3K20,-0.6187532,-0.16997446,0.5360789698337567,1.0,0.4523809523809524
ZNF280B,-0.6187872,-1.3604379,0.5360565280380594,1.0,0.011904761904761904
SPATA2,-0.6193663,-1.4798074,0.5356750898918747,1.0,0.023809523809523808
PIAS4,-0.6198431,-0.73423624,0.5353610670544211,1.0,0.047619047619047616
FAM114A1,-0.6200134,-0.13457449,0.5352489385294399,1.0,0.5357142857142857
GTF2H4,-0.6202519,-0.6585759,0.5350919784847734,1.0,0.047619047619047616
PTTG1,-0.62062657,-0.19879182,0.5348453738824579,1.0,0.35714285714285715
MSI2,-0.620865,-0.2668204,0.5346884735325754,1.0,0.3333333333333333
PER1,-0.6210353,-1.6532598,0.5345764160728081,1.0,0.011904761904761904
EPB41L4A,-0.6218868,-0.60816,0.5340163065818317,1.0,0.09523809523809523
ARFRP1,-0.62287456,-0.14460891,0.5333669510806511,1.0,0.2857142857142857
ZNF263,-0.6229768,-2.05127,0.5332997991626125,1.0,0.011904761904761904
PALM2-AKAP2,-0.62304485,-0.05756408,0.5332550335920068,1.0,0.9166666666666666
SPG7,-0.6231471,-0.18339585,0.5331878887985455,1.0,0.30952380952380953
TMEM159,-0.6233855,-0.8004448,0.5330312342407815,1.0,0.11904761904761904
HDGF,-0.6236239,-0.14277856,0.5328746029651961,1.0,0.6190476190476191
TEX30,-0.623658,-1.1848004,0.5328522289695872,1.0,0.047619047619047616
KCNC4,-0.623658,-0.9691581,0.5328522289695872,1.0,0.05952380952380952
NUMA1,-0.6240326,-0.35368368,0.5326061463894266,1.0,0.16666666666666666
GPC1,-0.62454355,-0.25668588,0.5322706719511043,1.0,0.2619047619047619
LATS2,-0.62457764,-0.15184826,0.5322483107934413,1.0,0.36904761904761907
CZIB,-0.62471384,-0.17901385,0.5321588709199592,1.0,0.34523809523809523
UBE4B,-0.6249523,-0.3672818,0.5320023694589056,1.0,0.13095238095238096
DPH5,-0.62624663,-0.27140632,0.531153197111655,1.0,0.30952380952380953
DCUN1D4,-0.6263488,-0.70644224,0.5310861864813876,1.0,0.08333333333333333
TLK2,-0.62668943,-0.32835862,0.530862848690146,1.0,0.16666666666666666
SART1,-0.62703,-0.55516136,0.5306395585668406,1.0,0.11904761904761904
TMEM53,-0.6274728,-1.0132462,0.5303493526959675,1.0,0.047619047619047616
WWP2,-0.6276091,-2.9327888,0.5302600747996398,1.0,0.011904761904761904
YBX3,-0.6276091,-0.031930543,0.5302600747996398,1.0,0.9761904761904762
MRPS33,-0.62771124,-0.18781218,0.5301931213869271,1.0,0.47619047619047616
B4GALT4,-0.62794966,-2.3918397,0.5300369134582712,1.0,0.011904761904761904
PIAS1,-0.6282562,-0.28341594,0.5298361090563647,1.0,0.17857142857142858
PSMD13,-0.62856275,-0.11147383,0.5296353433239838,1.0,0.5595238095238095
MRPL12,-0.6291077,-0.1483187,0.529278521982218,1.0,0.5714285714285714
SARS,-0.62920994,-0.06954044,0.5292116315957998,1.0,0.8214285714285714
RFLNB,-0.62965274,-0.23665391,0.5289218229553938,1.0,0.32142857142857145
CREB5,-0.6296868,-1.493744,0.5288995333289164,1.0,0.03571428571428571
YTHDC1,-0.62972087,-0.1843897,0.5288772441804972,1.0,0.36904761904761907
SLC20A2,-0.63067454,-0.2775302,0.5282533421797417,1.0,0.2976190476190476
YIPF1,-0.63070863,-0.2270527,0.5282310669017952,1.0,0.05952380952380952
ARV1,-0.6308789,-0.8477159,0.5281196976902605,1.0,0.09523809523809523
RAD50,-0.6310152,-0.22102313,0.5280306109358042,1.0,0.38095238095238093
ACSL1,-0.63128763,-1.296918,0.5278524604038451,1.0,0.023809523809523808
SDHC,-0.631458,-0.12727045,0.5277411318815459,1.0,0.5476190476190477
FBRS,-0.63152605,-0.5987316,0.5276966038245923,1.0,0.08333333333333333
CASKIN2,-0.6315942,-2.0817013,0.5276520776832342,1.0,0.011904761904761904
WDCP,-0.6319348,-2.0774026,0.5274294757147238,1.0,0.011904761904761904
TRAF3,-0.63217324,-0.6197503,0.5272736828414075,1.0,0.13095238095238096
DHFR,-0.6324798,-0.5278393,0.5270734122212595,1.0,0.10714285714285714
WDR74,-0.6324798,-0.35200328,0.5270734122212595,1.0,0.15476190476190477
NBEA,-0.63258195,-0.5857354,0.5270066639753149,1.0,0.09523809523809523
XPO7,-0.63261604,-0.2976203,0.5269844155187386,1.0,0.16666666666666666
EIF1AD,-0.63346756,-0.7421503,0.5264283599479462,1.0,0.05952380952380952
MYO1C,-0.6335016,-0.13939928,0.5264061239606685,1.0,0.6428571428571429
TNFAIP8L3,-0.63363785,-0.26994514,0.5263171848096824,1.0,0.2619047619047619
DPF3,-0.63387626,-0.8438161,0.5261615597706165,1.0,0.05952380952380952
LTBP2,-0.63431907,-0.32671326,0.5258726042406252,1.0,0.2261904761904762
AFMID,-0.6350684,-0.51225346,0.5253837874566822,1.0,0.08333333333333333
DRG1,-0.63517064,-0.34677526,0.5253171486378279,1.0,0.19047619047619047
SMARCE1,-0.6355112,-0.12270702,0.5250950504798636,1.0,0.6547619047619048
GRWD1,-0.6361243,-0.38088596,0.524695394943691,1.0,0.16666666666666666
MCRS1,-0.6361584,-0.3022677,0.5246731964268511,1.0,0.16666666666666666
RBMXL1,-0.63663524,-1.0366244,0.5243624677027819,1.0,0.05952380952380952
HARS,-0.63680553,-0.27386692,0.5242515160138492,1.0,0.2976190476190476
MCM4,-0.6369077,-1.9131907,0.5241849507758272,1.0,0.03571428571428571
HIGD1A,-0.6369758,-0.1643695,0.5241405763571247,1.0,0.4642857142857143
CCPG1,-0.6370099,-0.1599516,0.5241183898698132,1.0,0.5952380952380952
ADCK2,-0.6370099,-0.76930404,0.5241183898698132,1.0,0.03571428571428571
LINC01578,-0.63724834,-0.38830647,0.523963097938132,1.0,0.19047619047619047
FOXO1,-0.6374186,-0.2888659,0.5238521895740973,1.0,0.15476190476190477
VPS52,-0.63786143,-0.49982706,0.5235638841753085,1.0,0.09523809523809523
ITGB1,-0.63837236,-0.024543436,0.523231325271944,1.0,1.0
TP53,-0.6384405,-0.22325134,0.523186992277549,1.0,0.2976190476190476
TIMP2,-0.6391217,-0.18152131,0.5227437683983687,1.0,0.5476190476190477
INSIG2,-0.6401095,-0.37367642,0.5221014364982669,1.0,0.15476190476190477
USP19,-0.6407566,-1.7410432,0.5216808184750157,1.0,0.023809523809523808
PEX26,-0.64109725,-0.33415225,0.5214595106042531,1.0,0.14285714285714285
GABPB2,-0.6414719,-1.1695237,0.5212161277571813,1.0,0.03571428571428571
TRMT2A,-0.64171034,-0.74583143,0.5210612782147137,1.0,0.03571428571428571
DHDDS,-0.64188063,-0.25165534,0.5209506859026738,1.0,0.14285714285714285
PRPF3,-0.6420509,-0.3687219,0.5208401056794456,1.0,0.08333333333333333
ZNF513,-0.6428684,-0.99689865,0.5203094889436737,1.0,0.023809523809523808
CASP10,-0.6428684,-0.66419935,0.5203094889436737,1.0,0.09523809523809523
FAM162A,-0.6429706,-0.09133706,0.5202431814490052,1.0,0.6428571428571429
ZNF275,-0.6429706,-0.9653026,0.5202431814490052,1.0,0.047619047619047616
ABHD14B,-0.64344746,-0.25350162,0.5199338040805539,1.0,0.23809523809523808
ICA1,-0.643754,-0.35890582,0.5197349687461674,1.0,0.15476190476190477
CACNG8,-0.64426494,-0.13567257,0.5194036637160044,1.0,0.5119047619047619
RAC1,-0.6447758,-0.12152246,0.5190724677219691,1.0,0.9404761904761905
ATP6V1G1,-0.6448099,-0.050725557,0.5190503918671119,1.0,0.7857142857142857
DNMT3A,-0.64491206,-0.7846558,0.5189841672116677,1.0,0.08333333333333333
SMAGP,-0.6453889,-0.18596528,0.5186751765279707,1.0,0.2857142857142857
TP53RK,-0.6456955,-0.3771687,0.5184765898650247,1.0,0.20238095238095238
FARS2,-0.64572954,-0.89927745,0.5184545271062198,1.0,0.07142857142857142
UPF3B,-0.6458317,-0.4795898,0.5183883417413528,1.0,0.13095238095238096
MYCBP,-0.646547,-0.14985858,0.517925166503628,1.0,0.30952380952380953
TMEM183A,-0.6468195,-0.2020627,0.5177487751168055,1.0,0.5
FAM118A,-0.64702386,-0.21239537,0.5176165019767172,1.0,0.27380952380952384
KBTBD6,-0.6475348,-0.8382012,0.5172858956492417,1.0,0.03571428571428571
ZNF800,-0.6475688,-0.457781,0.5172638591151513,1.0,0.16666666666666666
ECPAS,-0.6477391,-0.27887887,0.5171536837357735,1.0,0.21428571428571427
HARS2,-0.6480116,-0.9526876,0.5169774284080941,1.0,0.05952380952380952
AC005562.1,-0.6481819,-0.5391886,0.5168672846307646,1.0,0.08333333333333333
SLC35B2,-0.6483182,-0.39720264,0.5167791783625502,1.0,0.16666666666666666
EPG5,-0.648761,-0.6235876,0.516492886740537,1.0,0.09523809523809523
ARSB,-0.6494422,-2.218116,0.5160525986709283,1.0,0.011904761904761904
ARHGEF10,-0.6495103,-0.16362934,0.5160085805730714,1.0,0.44047619047619047
TTC27,-0.65015745,-1.2318182,0.515590505795784,1.0,0.047619047619047616
ORC6,-0.65036184,-0.14082928,0.5154585187152988,1.0,0.03571428571428571
RAB12,-0.65036184,-0.07101956,0.5154585187152988,1.0,0.16666666666666666
ZNF654,-0.6507025,-1.0042915,0.5152385792305294,1.0,0.07142857142857142
ANKRD10,-0.65121335,-0.42487377,0.5149087613976016,1.0,0.15476190476190477
RPA2,-0.6513837,-0.4618579,0.5147988464991033,1.0,0.09523809523809523
TRAPPC10,-0.6513837,-0.6828799,0.5147988464991033,1.0,0.10714285714285714
TBL1X,-0.6513837,-0.2798101,0.5147988464991033,1.0,0.2857142857142857
USF3,-0.6514518,-0.34851348,0.5147548839535385,1.0,0.11904761904761904
PSMC2,-0.6515199,-0.21541739,0.5147109233589122,1.0,0.2261904761904762
CETN3,-0.65169024,-0.09524902,0.5146010304084736,1.0,0.21428571428571427
RPF1,-0.65182644,-0.46903625,0.5145131248291074,1.0,0.20238095238095238
PPP3R1,-0.6522352,-0.21526948,0.5142494549327808,1.0,0.23809523809523808
POLR2G,-0.6524055,-0.13927314,0.5141396132175805,1.0,0.5952380952380952
RCL1,-0.6525758,-0.5566091,0.5140297837060073,1.0,0.08333333333333333
OSBP,-0.6526099,-0.30036274,0.514007819268289,1.0,0.19047619047619047
AGPS,-0.6527802,-0.28891075,0.5138980044034831,1.0,0.27380952380952384
TAMM41,-0.6528142,-0.43730846,0.5138760428953816,1.0,0.08333333333333333
OSBPL8,-0.65291643,-0.081759706,0.513810161301059,1.0,0.5238095238095238
IDH2,-0.6535295,-0.16524744,0.5134149640498206,1.0,0.27380952380952384
ZNF438,-0.6538361,-1.7339331,0.5132174247871029,1.0,0.023809523809523808
PIGT,-0.6542448,-0.11863937,0.5129541006888977,1.0,0.5714285714285714
NNT,-0.654926,-0.3661131,0.5125153836629939,1.0,0.16666666666666666
ESF1,-0.65523255,-0.167692,0.5123180248381518,1.0,0.5357142857142857
GPATCH1,-0.65543693,-1.0753121,0.5121864743085793,1.0,0.03571428571428571
NDUFB3,-0.6555732,-0.1407309,0.5120987837441793,1.0,0.7023809523809523
CTBS,-0.65567535,-0.2831592,0.5120330209605795,1.0,0.16666666666666666
GSE1,-0.65594786,-0.6965259,0.511857675078629,1.0,0.09523809523809523
B9D1,-0.6564928,-0.3241894,0.5115070773367737,1.0,0.16666666666666666
ANKRD13A,-0.6566291,-0.77198285,0.5114194474946405,1.0,0.07142857142857142
CLTC,-0.65676534,-0.066637635,0.5113318254916909,1.0,0.7738095238095238
PUM1,-0.65700376,-0.19536453,0.5111785058523468,1.0,0.4880952380952381
VPS33B,-0.6571059,-1.6238457,0.5111128047868151,1.0,0.023809523809523808
SLC35A3,-0.65714,-0.32307377,0.511090905411921,1.0,0.19047619047619047
CHMP5,-0.6579234,-0.113261506,0.5105873551042827,1.0,0.6190476190476191
DYRK4,-0.6587409,-0.133725,0.5100621879481494,1.0,0.23809523809523808
ALDH1B1,-0.65887713,-0.5478433,0.5099746875706073,1.0,0.07142857142857142
RRAGB,-0.6594902,-0.8180221,0.509581033083123,1.0,0.05952380952380952
STMN1,-0.6597968,-0.15784717,0.5093842655098753,1.0,0.5833333333333334
MED20,-0.6607164,-0.43964586,0.5087942015974201,1.0,0.10714285714285714
FANCM,-0.6609208,-24.634018,0.5086631249492934,1.0,0.0
C7orf25,-0.6609208,-24.652489,0.5086631249492934,1.0,0.0
JPT1,-0.6610911,-0.06675997,0.5085539079324284,1.0,0.9166666666666666
NSD2,-0.6611251,-0.3418582,0.5085320660044892,1.0,0.2261904761904762
METTL16,-0.66119325,-0.50521386,0.5084883836241589,1.0,0.11904761904761904
TRAPPC12,-0.66119325,-0.54730403,0.5084883836241589,1.0,0.13095238095238096
C16orf72,-0.66136354,-0.29377052,0.508379186281362,1.0,0.15476190476190477
PBX3,-0.6615679,-0.47904617,0.508248165704327,1.0,0.09523809523809523
TRAF5,-0.6615679,-0.5204066,0.508248165704327,1.0,0.09523809523809523
TPM3,-0.66204476,-0.05951955,0.5079425199140782,1.0,0.9880952380952381
OXA1L,-0.6622151,-0.13020287,0.507833384082133,1.0,0.5357142857142857
ITGAV,-0.6623513,-0.24098986,0.5077460842778961,1.0,0.3333333333333333
MED13,-0.6623854,-0.27654892,0.5077242605576943,1.0,0.2619047619047619
CSTB,-0.6623854,-0.09069462,0.5077242605576943,1.0,0.9404761904761905
MRNIP,-0.66241944,-0.63822466,0.5077024373298638,1.0,0.07142857142857142
PYURF,-0.66241944,-0.14589497,0.5077024373298638,1.0,0.6547619047619048
IFT80,-0.66248757,-0.8302347,0.5076587923513736,1.0,0.08333333333333333
FAM136A,-0.66248757,-0.17655559,0.5076587923513736,1.0,0.47619047619047616
ZNF227,-0.66269195,-1.6197163,0.5075278692342928,1.0,0.023809523809523808
HEMK1,-0.6627601,-1.0190462,0.5074842321351078,1.0,0.047619047619047616
EZR,-0.66289634,-0.05973664,0.507396963847182,1.0,0.7738095238095238
CNIH1,-0.6634072,-0.2015763,0.5070697779681379,1.0,0.47619047619047616
CBL,-0.66374785,-0.19846644,0.5068517156454442,1.0,0.2857142857142857
TMEM69,-0.66385,-0.35318518,0.5067863065602942,1.0,0.13095238095238096
AC027601.6,-0.6640884,-2.7987287,0.5066337026166066,1.0,0.011904761904761904
CXXC5,-0.66459936,-0.865746,0.5063067755302664,1.0,0.047619047619047616
AP1AR,-0.66500807,-0.3134646,0.5060453137721921,1.0,0.20238095238095238
MLEC,-0.66504216,-0.18489046,0.5060235284995139,1.0,0.5595238095238095
HPS3,-0.6656212,-0.4757217,0.5056532543772012,1.0,0.14285714285714285
DYNLT1,-0.66582555,-0.043994274,0.5055226034556072,1.0,0.9047619047619048
ZSCAN30,-0.6659618,-0.69202733,0.5054355127170054,1.0,0.07142857142857142
TAL1,-0.66602993,-0.58562297,0.5053919703107801,1.0,0.08333333333333333
VPS4B,-0.6661321,-0.14947774,0.5053266604056033,1.0,0.32142857142857145
PIGH,-0.66650677,-1.2140889,0.5050872287884414,1.0,0.023809523809523808
GTF3C6,-0.6666771,-0.1441967,0.5049784159972645,1.0,0.6547619047619048
CLN8,-0.66691554,-0.23779656,0.5048260988443168,1.0,0.20238095238095238
BOLA3,-0.66776705,-0.16202947,0.5042823067453026,1.0,0.6309523809523809
INTS11,-0.6685845,-0.36569867,0.5037605571512354,1.0,0.14285714285714285
EWSR1,-0.6687208,-0.19849908,0.503673626596614,1.0,0.38095238095238093
AP1S2,-0.6687208,-0.13243333,0.503673626596614,1.0,0.6428571428571429
TMEM127,-0.6687548,-0.39682868,0.5036518951953963,1.0,0.09523809523809523
AL118516.1,-0.66882294,-1.0841464,0.5036084338779844,1.0,0.023809523809523808
ITGBL1,-0.6688911,-0.58436006,0.5035649745406958,1.0,0.11904761904761904
CSE1L,-0.669402,-0.2272213,0.5032390926387147,1.0,0.38095238095238093
FAM214B,-0.6701513,-0.63015497,0.5027613341028836,1.0,0.10714285714285714
SEC24C,-0.6701854,-0.8210435,0.5027396235037742,1.0,0.07142857142857142
TMEM185B,-0.6702194,-0.53560627,0.5027179134002515,1.0,0.11904761904761904
TOE1,-0.6703898,-1.779393,0.5026093703169299,1.0,0.023809523809523808
DESI1,-0.67052597,-0.16126901,0.5025225447722539,1.0,0.5238095238095238
PPM1A,-0.67093474,-0.60735995,0.5022621157314402,1.0,0.10714285714285714
ALG12,-0.671105,-1.2395691,0.5021536247051344,1.0,0.03571428571428571
MOB1B,-0.67137754,-0.339114,0.5019800648537418,1.0,0.13095238095238096
TDP1,-0.6714116,-0.5430612,0.5019583721044955,1.0,0.09523809523809523
BAZ1A,-0.67154783,-0.16958137,0.5018716060685038,1.0,0.5238095238095238
CORO7,-0.6716841,-1.686964,0.5017848479707654,1.0,0.03571428571428571
TFPI2,-0.67178625,-2.2664325,0.5017197846074724,1.0,0.011904761904761904
KRI1,-0.6720928,-0.47388193,0.5015246213159092,1.0,0.09523809523809523
DAP,-0.67219496,-0.19889693,0.5014595758194024,1.0,0.5357142857142857
RASA2,-0.6723653,-0.359969,0.5013511765868028,1.0,0.09523809523809523
DOCK5,-0.6725356,-0.24592268,0.501242789766003,1.0,0.35714285714285715
C17orf49,-0.67274,-0.09145329,0.5011127419670438,1.0,0.7261904761904762
TTC31,-0.6730465,-0.6799909,0.5009177037916195,1.0,0.07142857142857142
ME1,-0.67369366,-0.16572537,0.5005060886793604,1.0,0.5952380952380952
NOTCH4,-0.6738299,-0.25654486,0.5004194557254782,1.0,0.2976190476190476
SETD5,-0.6742046,-0.14606768,0.5001812561126562,1.0,0.32142857142857145
HK1,-0.6742386,-0.09975123,0.5001596045854095,1.0,0.3333333333333333
RNF19A,-0.67430675,-0.24586003,0.5001163030226132,1.0,0.3333333333333333
RAB2A,-0.67539674,-0.095416926,0.49942374859909766,1.0,0.8571428571428571
FAM160B1,-0.6754308,-0.43370527,0.49940211448296234,1.0,0.07142857142857142
ERLIN2,-0.6759076,-0.07488487,0.49909928912243784,1.0,0.23809523809523808
KIAA1522,-0.6761801,-0.5243762,0.4989262898718382,1.0,0.09523809523809523
MSH3,-0.6766229,-0.32440245,0.49864523407055816,1.0,0.19047619047619047
RGS4,-0.6769295,-0.28694305,0.4984507062956952,1.0,0.2857142857142857
LCA5,-0.6769295,-0.4135019,0.4984507062956952,1.0,0.05952380952380952
ZUP1,-0.67774695,-0.71572995,0.4979321629185477,1.0,0.05952380952380952
SH3BGRL,-0.6778491,-0.16985382,0.4978673651871165,1.0,0.4523809523809524
FAM124B,-0.67808753,-24.704876,0.49771618793458317,1.0,0.0
METAP2,-0.6782238,-0.11029404,0.497629811905699,1.0,0.7976190476190477
BCL9L,-0.6782919,-0.5623351,0.49758662688412614,1.0,0.05952380952380952
SAAL1,-0.67859846,-0.71249294,0.49739231898156555,1.0,0.05952380952380952
PIGL,-0.67859846,-0.4958201,0.49739231898156555,1.0,0.08333333333333333
PNPT1,-0.67945,-0.3383194,0.4968527869003244,1.0,0.32142857142857145
ABLIM3,-0.6801312,-0.27574584,0.49642138591316565,1.0,0.2261904761904762
FBN2,-0.6805059,-0.19069673,0.4961842005410194,1.0,0.2976190476190476
LRP12,-0.68060803,-0.3214966,0.4961195241147869,1.0,0.15476190476190477
ODF2L,-0.68067616,-0.16365096,0.4960764089960956,1.0,0.42857142857142855
AC006064.4,-0.6813574,-0.9334149,0.495645367780855,1.0,0.03571428571428571
CYB5R3,-0.6813915,-0.09398513,0.4956238209698203,1.0,0.7619047619047619
COA1,-0.6814255,-0.14892052,0.49560227465885776,1.0,0.42857142857142855
PPP3CC,-0.6814255,-0.5050678,0.49560227465885776,1.0,0.09523809523809523
RNGTT,-0.6814255,-0.6504209,0.49560227465885776,1.0,0.09523809523809523
PSMA3,-0.68220896,-0.14541346,0.4951068475574527,1.0,0.6309523809523809
STK38,-0.6822771,-0.7271985,0.49506377944743174,1.0,0.07142857142857142
RORA,-0.6828561,-0.288055,0.4946977813408553,1.0,0.20238095238095238
UCK1,-0.6828561,-1.5341522,0.4946977813408553,1.0,0.023809523809523808
COPZ2,-0.68306047,-2.2060993,0.49456864007978607,1.0,0.023809523809523808
ARHGAP17,-0.683367,-0.363603,0.4943749619881326,1.0,0.17857142857142858
GAA,-0.68343514,-0.2191323,0.4943319279211795,1.0,0.16666666666666666
PHLDB1,-0.6834692,-0.45690984,0.494310411639006,1.0,0.16666666666666666
ALOX12-AS1,-0.6837417,-0.8178305,0.4941382994146458,1.0,0.047619047619047616
FKBP2,-0.6842185,-2.020704,0.49383718017899425,1.0,0.023809523809523808
CHRAC1,-0.68428665,-0.20578021,0.4937941711633391,1.0,0.36904761904761907
CBR3,-0.6843207,-1.068615,0.49377266740731285,1.0,0.03571428571428571
ARHGEF11,-0.68455917,-1.5559956,0.4936221551499893,1.0,0.023809523809523808
SGF29,-0.68489975,-2.1172726,0.49340718025211383,1.0,0.011904761904761904
RABGAP1,-0.6862622,-0.21297212,0.49254778223662843,1.0,0.23809523809523808
CST3,-0.68728405,-0.07259979,0.49190376074951003,1.0,0.9761904761904762
SS18L2,-0.68830585,-0.3219575,0.4912601913925434,1.0,0.25
INTS8,-0.68960017,-0.47692287,0.49044565315171174,1.0,0.15476190476190477
STAT3,-0.6903836,-0.21976098,0.4899529961526826,1.0,0.40476190476190477
CREB3,-0.6904858,-0.5674509,0.48988875617942507,1.0,0.15476190476190477
LIMCH1,-0.6911329,-0.9529144,0.489482008281354,1.0,0.05952380952380952
SNRNP35,-0.6916779,-0.52721894,0.4891396248077182,1.0,0.10714285714285714
CIPC,-0.69174606,-2.007282,0.48909683594531317,1.0,0.011904761904761904
TCAF2,-0.6918482,-0.8581836,0.48903265643230176,1.0,0.047619047619047616
DENND10,-0.69188225,-0.3515192,0.4890112642695088,1.0,0.2976190476190476
PRKD3,-0.6919845,-0.21000113,0.4889470908059431,1.0,0.23809523809523808
CIB2,-0.69208664,-0.89464104,0.48888292187986926,1.0,0.08333333333333333
HM13,-0.6922229,-0.14304271,0.48879737037069493,1.0,0.6309523809523809
RNASEH1,-0.6923932,-0.16934612,0.4886904423300894,1.0,0.32142857142857145
DNAJC1,-0.69297224,-0.16258308,0.488326981309685,1.0,0.6428571428571429
FOXN3,-0.69321066,-0.39719915,0.48817736326728356,1.0,0.17857142857142858
DPYD,-0.69338095,-0.50408965,0.4880705083756509,1.0,0.09523809523809523
SLC35G1,-0.69358534,-2.501381,0.4879422991607608,1.0,0.011904761904761904
IFI6,-0.69365346,-0.29291496,0.48789956679383606,1.0,0.32142857142857145
SWAP70,-0.6936875,-0.16905798,0.48787820136756366,1.0,0.4166666666666667
GTPBP6,-0.69396,-0.21345207,0.4877072961316463,1.0,0.34523809523809523
CDK2AP2,-0.69409627,-0.1828314,0.48762185563119786,1.0,0.47619047619047616
VTI1A,-0.6943006,-0.64549387,0.4874937100297254,1.0,0.07142857142857142
AGPAT3,-0.6945731,-0.33812186,0.48732287751058156,1.0,0.2261904761904762
PSMC4,-0.6947775,-0.19915766,0.4871947743369299,1.0,0.42857142857142855
KIF1B,-0.6948115,-0.26110408,0.4871734255761878,1.0,0.30952380952380953
SLC25A34-AS1,-0.69487965,-0.68383205,0.4871307295704188,1.0,0.05952380952380952
PAIP1,-0.69532245,-0.12864166,0.4868532548003226,1.0,0.34523809523809523
RBM7,-0.6954587,-0.066405624,0.48676789513116847,1.0,0.19047619047619047
SHFL,-0.69549274,-0.51837224,0.48674655647754117,1.0,0.11904761904761904
ANGPTL4,-0.695629,-0.7610868,0.48666120691806014,1.0,0.05952380952380952
YY1,-0.69634426,-0.16077489,0.48621325445433017,1.0,0.6547619047619048
MYD88,-0.69634426,-0.8484589,0.48621325445433017,1.0,0.05952380952380952
RBSN,-0.6968552,-0.8647749,0.48589342497037635,1.0,0.05952380952380952
AL441992.1,-0.69716173,-0.5145944,0.485701581925266,1.0,0.09523809523809523
ZBTB41,-0.6974683,-1.0053393,0.48550977987543387,1.0,0.03571428571428571
KCNAB2,-0.6981836,-1.80703,0.48506240123723754,1.0,0.011904761904761904
RPL23A,-0.6981836,-0.010215939,0.48506240123723754,1.0,1.0
TRPT1,-0.6983879,-0.5397907,0.4849346197901564,1.0,0.08333333333333333
CUL4A,-0.69845605,-0.23474121,0.4848920300268965,1.0,0.19047619047619047
MOCS2,-0.6987626,-0.10622007,0.4847004011702116,1.0,0.42857142857142855
TPX2,-0.69906914,-0.30382526,0.4845088133570552,1.0,0.15476190476190477
TCF20,-0.69934165,-0.6904228,0.484338547542435,1.0,0.047619047619047616
CERK,-0.6999888,-0.44937068,0.4839342962708034,1.0,0.16666666666666666
ATAD2,-0.70056784,-0.8167971,0.4835727529543046,1.0,0.05952380952380952
EML1,-0.70080626,-0.2044469,0.4834239247931602,1.0,0.20238095238095238
DCAF1,-0.70084035,-0.75345516,0.4834026656570458,1.0,0.08333333333333333
THOC3,-0.7008744,-0.33841962,0.4833814070284099,1.0,0.20238095238095238
VDAC3,-0.7013512,-0.1492565,0.48308383951977496,1.0,0.6428571428571429
PTAR1,-0.7015897,-0.2917505,0.48293509307680116,1.0,0.17857142857142858
GPR107,-0.7017259,-0.64779955,0.48285010627970526,1.0,0.07142857142857142
TARS2,-0.70189625,-1.1749735,0.4827438842090257,1.0,0.03571428571428571
BIRC2,-0.70203245,-0.3366009,0.48265891569400965,1.0,0.21428571428571427
PRPF38A,-0.70203245,-0.21748993,0.48265891569400965,1.0,0.20238095238095238
HMGA2,-0.7029862,-0.29728433,0.4820643636803901,1.0,0.14285714285714285
EXOG,-0.70370144,-0.3351784,0.4816187111581327,1.0,0.16666666666666666
CRIM1-DT,-0.7044849,-0.30227104,0.48113087285756373,1.0,0.13095238095238096
ALMS1,-0.7045189,-1.1222651,0.4811096686013323,1.0,0.023809523809523808
COG8,-0.70482546,-1.3067092,0.48091885319387007,1.0,0.03571428571428571
ALDH1A3,-0.705132,-0.19076979,0.4807280790102775,1.0,0.30952380952380953
APOL3,-0.70526826,-0.94258624,0.48064330371894837,1.0,0.047619047619047616
ACVRL1,-0.7053364,-0.08596599,0.480600919127819,1.0,0.7738095238095238
LINC01943,-0.7053704,-1.7944571,0.4805797275959315,1.0,0.011904761904761904
PACS1,-0.70543855,-0.48568925,0.4805373460595721,1.0,0.20238095238095238
OGDH,-0.705677,-0.15662214,0.48038902672147776,1.0,0.27380952380952384
PTPRF,-0.7061879,-0.2540542,0.4800712835993721,1.0,0.44047619047619047
TTC23,-0.7066307,-1.8952444,0.4797959989417415,1.0,0.023809523809523808
EXOSC8,-0.70775473,-0.33391073,0.47909758626759813,1.0,0.16666666666666666
RGS10,-0.7083338,-0.15677153,0.4787380146406285,1.0,0.7261904761904762
SLC25A46,-0.7085722,-0.4348146,0.47858999858908413,1.0,0.15476190476190477
ZDHHC14,-0.70864034,-0.7610056,0.478547712881062,1.0,0.13095238095238096
AL354740.1,-0.7086744,-0.7857303,0.47852657079251504,1.0,0.09523809523809523
PPP1R14B,-0.7089128,-0.121335365,0.47837859046249276,1.0,0.8928571428571429
PAQR8,-0.70904905,-1.51134,0.4782940415026865,1.0,0.03571428571428571
RAB5A,-0.70921934,-0.24492761,0.4781883667883703,1.0,0.23809523809523808
RAD54L2,-0.70945776,-0.5921295,0.4780404436305481,1.0,0.09523809523809523
MEN1,-0.709594,-0.76778567,0.47795592734486136,1.0,0.05952380952380952
KAT6B,-0.7097984,-0.13276137,0.47782916823622124,1.0,0.2261904761904762
APPL2,-0.7099687,-0.54978335,0.47772354969059316,1.0,0.11904761904761904
CLUAP1,-0.7100368,-0.43961152,0.47768130584777757,1.0,0.16666666666666666
ABHD12,-0.7104455,-0.46974227,0.477427885702575,1.0,0.15476190476190477
MXRA7,-0.7108543,-0.08559272,0.47717453913541896,1.0,0.75
PPP2R5D,-0.7109224,-0.59019494,0.47713232186245236,1.0,0.09523809523809523
SUPT16H,-0.7111949,-0.14307198,0.47696347321668964,1.0,0.5119047619047619
MOB1A,-0.71167177,-0.16414002,0.47666806681901497,1.0,0.4523809523809524
SPON1,-0.71180797,-2.1039422,0.47658368339985935,1.0,0.011904761904761904
ZNF217,-0.71180797,-0.38379723,0.47658368339985935,1.0,0.21428571428571427
HEATR3,-0.7119102,-0.74897,0.4765204012055996,1.0,0.07142857142857142
PTPRK,-0.7119102,-0.28475755,0.4765204012055996,1.0,0.27380952380952384
ATP2B4,-0.7123189,-0.20546573,0.47626731846492887,1.0,0.39285714285714285
PRMT5,-0.71272767,-0.5542921,0.47601430939807243,1.0,0.13095238095238096
RIC8A,-0.7127617,-0.46557423,0.4759932286353742,1.0,0.13095238095238096
DBI,-0.7134429,-0.005525591,0.47557172087126187,1.0,0.9761904761904762
SLC16A1,-0.71351105,-0.26811805,0.47552958135771883,1.0,0.30952380952380953
TECPR2,-0.7135792,-0.76009667,0.4754874438923542,1.0,0.09523809523809523
ETV1,-0.7135792,-0.65597653,0.4754874438923542,1.0,0.13095238095238096
PLSCR3,-0.7138857,-0.21468341,0.4752978506469948,1.0,0.39285714285714285
KIF1C,-0.714056,-0.20860685,0.4751925389918583,1.0,0.27380952380952384
ENO2,-0.71439666,-1.6438528,0.47498195410081256,1.0,0.023809523809523808
USP10,-0.714601,-0.21603696,0.474855627758512,1.0,0.36904761904761907
MRPS23,-0.71524817,-0.21691765,0.47445571605513037,1.0,0.36904761904761907
DNM1L,-0.7153163,-0.22790366,0.47441363085068156,1.0,0.47619047619047616
TRIOBP,-0.71535033,-0.1442033,0.4743925890174687,1.0,0.6785714285714286
CIZ1,-0.7163381,-0.3847892,0.4737825989229856,1.0,0.14285714285714285
JRKL,-0.71674687,-1.2313994,0.47353031541886637,1.0,0.047619047619047616
STXBP3,-0.7167809,-0.3584135,0.4735092951288967,1.0,0.21428571428571427
MLX,-0.7169512,-0.13333572,0.473404201377131,1.0,0.27380952380952384
TBC1D23,-0.7174281,-0.50472546,0.4731100071390305,1.0,0.11904761904761904
THEM6,-0.71753025,-1.6605606,0.4730469786075503,1.0,0.023809523809523808
STOML2,-0.71753025,-0.15229899,0.4730469786075503,1.0,0.6666666666666666
ANKS3,-0.71780276,-1.0214082,0.4728789251162805,1.0,0.05952380952380952
YEATS4,-0.71841586,-0.30890435,0.4725009249396118,1.0,0.15476190476190477
TRAF3IP2-AS1,-0.71855205,-1.4793267,0.4724169475032468,1.0,0.023809523809523808
IAH1,-0.71858615,-0.19735655,0.4723959544286368,1.0,0.39285714285714285
NIPAL3,-0.7186202,-0.86039454,0.472374961867843,1.0,0.08333333333333333
AP3B1,-0.7200167,-0.23839827,0.47151470941612705,1.0,0.34523809523809523
TCIRG1,-0.7201189,-0.9146968,0.4714517980494013,1.0,0.047619047619047616
LETM2,-0.72025514,-0.17515978,0.47136792342798006,1.0,0.3333333333333333
YBEY,-0.7208342,-0.34344038,0.4710115481148699,1.0,0.25
MRFAP1L1,-0.7211748,-0.28236613,0.4708019850437507,1.0,0.23809523809523808
UHRF1BP1,-0.7212429,-1.2225778,0.4707600786056376,1.0,0.03571428571428571
CEP57,-0.72127694,-0.30039886,0.47073912615867075,1.0,0.25
SLC15A4,-0.72137916,-0.9424401,0.47067627190626893,1.0,0.07142857142857142
PPP1R11,-0.7219241,-0.33159664,0.47034112748056844,1.0,0.19047619047619047
CARHSP1,-0.7220263,-0.24364524,0.47027830257576675,1.0,0.4523809523809524
UBQLN1,-0.7220944,-0.1367983,0.47023642188087045,1.0,0.38095238095238093
GPR108,-0.7231503,-0.5154544,0.4695875346008901,1.0,0.10714285714285714
SLC9A6,-0.7231844,-1.8775227,0.46956661099739283,1.0,0.023809523809523808
B2M,-0.72321844,-0.0506661,0.4695456879092883,1.0,1.0
NR5A2,-0.72325253,-0.9272851,0.46952476533658816,1.0,0.047619047619047616
PCCA,-0.723525,-0.7177606,0.4693574033109317,1.0,0.09523809523809523
TRPC4AP,-0.7237975,-0.33430642,0.4691900742778168,1.0,0.25
SRP19,-0.72406995,-0.18098257,0.4690227782431611,1.0,0.5119047619047619
PHC3,-0.72468305,-0.43719864,0.46864648284641375,1.0,0.14285714285714285
COPG2,-0.7247512,-1.0901083,0.46860468256356236,1.0,0.047619047619047616
RND3,-0.72478527,-0.16842975,0.46858378319601646,1.0,0.5595238095238095
ZNF562,-0.7252621,-0.4145444,0.468291246228819,1.0,0.15476190476190477
EIF4EBP2,-0.72556865,-0.496554,0.46810324016389115,1.0,0.19047619047619047
FAM200B,-0.72560275,-0.14385541,0.46808235318196656,1.0,0.35714285714285715
TMEM9B,-0.72601146,-0.23618457,0.46783174966662,1.0,0.27380952380952384
BX284668.5,-0.7261136,-0.40537772,0.46776911040485547,1.0,0.11904761904761904
TXNRD1,-0.7261136,-0.079409055,0.46776911040485547,1.0,0.8928571428571429
QPCT,-0.72645426,-0.4623095,0.4675603464322764,1.0,0.14285714285714285
CENPM,-0.7267267,-24.885681,0.46739337244148416,1.0,0.0
PPP1R3D,-0.7267267,-24.812943,0.46739337244148416,1.0,0.0
MRPS6,-0.72686297,-0.15037285,0.4673098978438571,1.0,0.30952380952380953
LINC01278,-0.72706735,-0.9653118,0.467184701446684,1.0,0.047619047619047616
AHCY,-0.72740793,-0.15711984,0.4669760821221959,1.0,0.5119047619047619
TBC1D4,-0.72856605,-0.72128016,0.4662671630662739,1.0,0.11904761904761904
SYNJ2BP,-0.72941756,-0.25330946,0.46574628046713973,1.0,0.27380952380952384
MTF2,-0.7312228,-0.35117745,0.4646430792200106,1.0,0.16666666666666666
COPS7A,-0.73125684,-0.2251923,0.46462227808514733,1.0,0.2857142857142857
PCDH9,-0.73135906,-1.231615,0.46455987778917485,1.0,0.023809523809523808
MAT2B,-0.7320062,-0.28610593,0.4641647842161539,1.0,0.17857142857142858
MCC,-0.7328577,-0.5968588,0.4636452093520431,1.0,0.15476190476190477
ULBP2,-0.7332324,-0.32856622,0.4634166990885571,1.0,0.2261904761904762
CDC40,-0.73336864,-0.13311195,0.4633336200088318,1.0,0.32142857142857145
POP4,-0.7339477,-0.17298518,0.4629806265323809,1.0,0.2261904761904762
PLEKHM2,-0.73425424,-0.5110424,0.46279380835000916,1.0,0.13095238095238096
APMAP,-0.73442453,-0.12214614,0.46269003863811453,1.0,0.5833333333333334
POGLUT3,-0.73445857,-0.31771863,0.46266928625309056,1.0,0.25
SMYD4,-0.7354464,-0.936574,0.4620676929601166,1.0,0.05952380952380952
SUSD6,-0.73571885,-0.57729363,0.4619018130590322,1.0,0.08333333333333333
MED11,-0.73595726,-0.40293413,0.46175669542194864,1.0,0.17857142857142858
WDR44,-0.73599136,-0.8389667,0.4617359664093713,1.0,0.07142857142857142
ESYT2,-0.7360595,-0.34660196,0.46169450994315275,1.0,0.21428571428571427
SERTAD3,-0.73745596,-0.52091134,0.4608451105953749,1.0,0.08333333333333333
CCDC117,-0.73749006,-0.38533664,0.4608244044574398,1.0,0.14285714285714285
PSMA1,-0.7377625,-0.12395631,0.46065877407938616,1.0,0.7738095238095238
TSNAX,-0.7377966,-0.22088712,0.4606380726229725,1.0,0.2857142857142857
DTWD1,-0.73827344,-0.3370198,0.4603483068616552,1.0,0.19047619047619047
SLC16A3,-0.7384097,-0.15917912,0.46026553537639125,1.0,0.40476190476190477
PLPP5,-0.73844373,-0.19121468,0.46024484380609954,1.0,0.30952380952380953
ACACA,-0.73868215,-0.326153,0.4601000173867481,1.0,0.23809523809523808
PHF23,-0.7392271,-0.51586473,0.4597690813505424,1.0,0.15476190476190477
IMPDH2,-0.7394315,-0.10652843,0.45964501469958907,1.0,0.7023809523809523
TMOD2,-0.7394996,-0.7229919,0.45960366331513436,1.0,0.07142857142857142
MIS18A,-0.7396018,-0.7658147,0.4595416401442476,1.0,0.047619047619047616
ZNF358,-0.73990834,-0.34524298,0.4593555987560528,1.0,0.15476190476190477
BRCA1,-0.74018085,-3.1032343,0.4591902640541281,1.0,0.011904761904761904
HMGCS1,-0.7423267,-0.12106129,0.45788941890557944,1.0,0.7619047619047619
CD109,-0.74256516,-0.16898891,0.45774500831469356,1.0,0.5476190476190477
CASP7,-0.74256516,-0.70800793,0.45774500831469356,1.0,0.14285714285714285
EIF4G2,-0.7426673,-0.09924698,0.45768312588736193,1.0,0.8809523809523809
SLC12A9,-0.7430079,-0.8905769,0.45747688504649686,1.0,0.047619047619047616
DPCD,-0.7432123,-0.3733786,0.4573531655915689,1.0,0.27380952380952384
DNAJB4,-0.74334854,-0.16576321,0.45727069639370843,1.0,0.4642857142857143
ZCRB1,-0.7434848,-0.08271721,0.45718823554765375,1.0,0.6547619047619048
PLEKHA3,-0.7435188,-0.26853454,0.4571676216411902,1.0,0.27380952380952384
FBXL17,-0.7437232,-0.89664865,0.4570439491656505,1.0,0.07142857142857142
REL,-0.74385947,-0.8952454,0.4569615112905916,1.0,0.07142857142857142
NAP1L5,-0.7438935,-1.0025712,0.4569409031271706,1.0,0.07142857142857142
SPICE1,-0.74402976,-0.83392006,0.4568584756951831,1.0,0.07142857142857142
XPOT,-0.7440979,-0.2701638,0.4568172651123562,1.0,0.36904761904761907
GTPBP8,-0.74484724,-0.5164711,0.4563640865868823,1.0,0.09523809523809523
POLR3F,-0.74505156,-0.6754816,0.4562405363252162,1.0,0.09523809523809523
ZNFX1,-0.7453581,-0.31616908,0.4560552462036084,1.0,0.20238095238095238
USP47,-0.7458009,-0.20238455,0.4557876796530498,1.0,0.2857142857142857
P4HTM,-0.74586904,-0.2628648,0.45574652340908384,1.0,0.19047619047619047
ZDHHC17,-0.7460053,-0.660371,0.4556642171945453,1.0,0.07142857142857142
IPO7,-0.74603933,-0.10685182,0.4556436419479296,1.0,0.6904761904761905
KDELR3,-0.74672055,-0.35423663,0.45523224682370356,1.0,0.17857142857142858
CCRL2,-0.74675465,-24.905289,0.4552116825587105,1.0,0.0
GSTA4,-0.7468568,-0.20920686,0.4551499929020779,1.0,0.21428571428571427
AC009107.2,-0.74695903,-0.4463797,0.4550883079531858,1.0,0.14285714285714285
ANAPC15,-0.74699306,-0.27306667,0.45506774734976896,1.0,0.2857142857142857
GPBP1L1,-0.74798083,-0.3766199,0.45447171745258474,1.0,0.21428571428571427
SLC30A1,-0.74866205,-1.3746355,0.45406091881610633,1.0,0.023809523809523808
PGM1,-0.74944544,-0.24801993,0.4535887593289416,1.0,0.20238095238095238
MIR503HG,-0.7497861,-0.70805085,0.4533835590280779,1.0,0.08333333333333333
RMND1,-0.74988824,-0.54546523,0.45332200915503285,1.0,0.10714285714285714
ERGIC3,-0.74992234,-0.08620152,0.4533014935787012,1.0,0.8452380952380952
TET1,-0.75012666,-0.8958661,0.4531784111256155,1.0,0.05952380952380952
LRP5,-0.7502289,-0.27492437,0.4531168769741224,1.0,0.2857142857142857
FAM126A,-0.75073975,-0.15225005,0.45280927697838735,1.0,0.4642857142857143
SMARCC2,-0.7511144,-0.26459917,0.45258377861756005,1.0,0.27380952380952384
SMC3,-0.75118256,-0.24464266,0.4525427857322485,1.0,0.39285714285714285
RBM10,-0.75138694,-0.7522905,0.452419819662487,1.0,0.11904761904761904
NCKAP5L,-0.75162536,-1.0859815,0.4522763831114074,1.0,0.05952380952380952
UBC,-0.7519319,-0.052619617,0.4520920024563002,1.0,0.9642857142857143
GPATCH8,-0.751966,-0.3090642,0.45207151833989434,1.0,0.30952380952380953
MRPS17,-0.75206816,-0.25803864,0.45201006913860586,1.0,0.34523809523809523
ACADVL,-0.7521022,-0.17762248,0.4519895871208538,1.0,0.32142857142857145
HIF1A,-0.75244284,-0.04135988,0.4517847958029455,1.0,0.7380952380952381
WDR55,-0.75251096,-0.69958276,0.45174384383654287,1.0,0.05952380952380952
HLA-DPB1,-0.7527834,-0.7206516,0.4515800569642764,1.0,0.08333333333333333
CEP120,-0.75295377,-1.7802925,0.4514777072278754,1.0,0.011904761904761904
ILKAP,-0.753669,-0.48820993,0.4510479816604367,1.0,0.13095238095238096
ZWILCH,-0.7538393,-1.3284124,0.45094570018114444,1.0,0.03571428571428571
MAFG-DT,-0.75452054,-2.604079,0.45053670558019876,1.0,0.011904761904761904
ITGB3,-0.7550996,-0.33421257,0.450189225410229,1.0,0.15476190476190477
AHCYL1,-0.7551336,-0.1545839,0.45016879013006716,1.0,0.6071428571428571
THBD,-0.7551677,-0.19543876,0.45014835537550735,1.0,0.44047619047619047
PPP1R3B,-0.7555424,-0.6908956,0.44992360776799123,1.0,0.09523809523809523
ABCC5,-0.7556105,-1.2771498,0.4498827514006414,1.0,0.03571428571428571
NIPA1,-0.75612146,-2.5549924,0.44957639568355057,1.0,0.011904761904761904
DDRGK1,-0.7561895,-0.15393238,0.4495355571941031,1.0,0.36904761904761907
POLR3G,-0.756428,-0.33217365,0.44939263904795823,1.0,0.14285714285714285
SBF2,-0.75673455,-0.38380295,0.4492089250173984,1.0,0.27380952380952384
ASB7,-0.75731355,-1.3843938,0.4488620258958027,1.0,0.03571428571428571
AC092338.3,-0.7576882,-0.5160173,0.44863764279784313,1.0,0.10714285714285714
KIAA1549L,-0.75775635,-0.68666655,0.44859685271325367,1.0,0.11904761904761904
TSPAN3,-0.7578245,-0.11633218,0.44855606473419274,1.0,0.7380952380952381
LAMB1,-0.7580629,-0.11278898,0.4484133233896792,1.0,0.7380952380952381
MAPKAPK5,-0.758131,-0.65010536,0.44837254488649325,1.0,0.11904761904761904
KCTD3,-0.75847167,-0.37473533,0.44816868396174303,1.0,0.11904761904761904
TIPIN,-0.7587441,-0.68441767,0.44800563313618225,1.0,0.07142857142857142
CSNK2A1,-0.7592891,-0.108754754,0.4476796326115361,1.0,0.7142857142857143
C19orf25,-0.7592891,-0.37923795,0.4476796326115361,1.0,0.17857142857142858
ZFYVE21,-0.7593572,-0.2036051,0.4476388920281259,1.0,0.39285714285714285
NCOA6,-0.7597319,-0.4150536,0.447414856491576,1.0,0.16666666666666666
GK5,-0.76048124,-0.5104708,0.4469669767196758,1.0,0.11904761904761904
TRNT1,-0.76054937,-0.43647543,0.44692627302758237,1.0,0.13095238095238096
CRTC3,-0.76099217,-0.6555582,0.44666175043485057,1.0,0.08333333333333333
RBBP8,-0.76180965,-0.72361374,0.4461736351846842,1.0,0.07142857142857142
FBXO38,-0.76194584,-0.6357606,0.4460923121832413,1.0,0.10714285714285714
SIK3,-0.76197994,-0.5996795,0.4460719827518811,1.0,0.07142857142857142
CPNE7,-0.7622524,-1.5341214,0.44590936629615086,1.0,0.03571428571428571
AC093157.1,-0.7627293,-0.62841374,0.4456248687673241,1.0,0.10714285714285714
RAB5B,-0.76361483,-0.1290923,0.4450967907096395,1.0,0.2976190476190476
ANKRD36,-0.76388735,-1.977516,0.44493437696606675,1.0,0.011904761904761904
SURF2,-0.76412576,-0.5186899,0.4447922926692778,1.0,0.17857142857142858
GALNS,-0.76453453,-0.3900401,0.4445487798103136,1.0,0.07142857142857142
PLEC,-0.76456857,-0.035527196,0.4445284905061585,1.0,0.8214285714285714
TM7SF2,-0.764807,-0.7638417,0.44438648017190885,1.0,0.09523809523809523
KCTD12,-0.7655223,-0.20636986,0.44396060454270003,1.0,0.6309523809523809
RFC2,-0.76562446,-1.2567663,0.443899784196059,1.0,0.023809523809523808
C8orf33,-0.7656585,-0.19283053,0.44387951180450536,1.0,0.5119047619047619
GRSF1,-0.7660332,-0.252426,0.4436565503924119,1.0,0.44047619047619047
SNHG17,-0.76664627,-0.3547992,0.4432918424645579,1.0,0.15476190476190477
PUM2,-0.76688474,-0.36897862,0.44315005788472117,1.0,0.2261904761904762
MYL12A,-0.76749784,0.00048780427,0.44278558800464407,1.0,1.0
AAGAB,-0.76807684,-0.53782195,0.4424415238881516,1.0,0.14285714285714285
RTN4,-0.7684175,-0.088759825,0.4422392046928767,1.0,0.9761904761904762
SNHG16,-0.7684856,-0.06348737,0.4421987472070702,1.0,0.8690476190476191
NCAPD3,-0.7684856,-0.78986406,0.4421987472070702,1.0,0.07142857142857142
ANKRD26,-0.7688603,-0.34509826,0.44197626889517416,1.0,0.15476190476190477
TAF1B,-0.7690306,-0.26595578,0.44187516357251255,1.0,0.19047619047619047
TCEAL3,-0.76937115,-0.42922887,0.44167299265106996,1.0,0.23809523809523808
CMTM4,-0.76964366,-24.936726,0.4415112940541277,1.0,0.0
LINC00520,-0.7699843,-0.41629118,0.44130921849124793,1.0,0.15476190476190477
NFKBIA,-0.7699843,-0.44135177,0.44130921849124793,1.0,0.16666666666666666
ACBD6,-0.7700524,-0.19004604,0.4412688097372094,1.0,0.4523809523809524
SPRED3,-0.7712445,-0.8037767,0.44056199973431254,1.0,0.08333333333333333
PUS7L,-0.77131265,-0.21180823,0.4405216302068823,1.0,0.30952380952380953
OXCT1,-0.7714148,-0.49201477,0.44046107989282035,1.0,0.16666666666666666
FN3K,-0.7717895,-1.0615493,0.44023910290987645,1.0,0.03571428571428571
ADPGK,-0.7718236,-0.6813555,0.4402189263664087,1.0,0.11904761904761904
NMT2,-0.77209604,-0.1345602,0.44005753311446416,1.0,0.6428571428571429
FAAP100,-0.7724367,-1.8408327,0.43985583929441674,1.0,0.023809523809523808
PLA2R1,-0.7724367,-0.87918776,0.43985583929441674,1.0,0.047619047619047616
SELENOO,-0.77281135,-0.7656513,0.43963403737550855,1.0,0.08333333333333333
COMMD2,-0.77315193,-0.27664626,0.43943245498958894,1.0,0.27380952380952384
SRSF3,-0.773186,-0.10869365,0.4394122996701576,1.0,0.7380952380952381
M6PR,-0.77322006,-0.20673202,0.43939214488152023,1.0,0.20238095238095238
TIAM2,-0.77386725,-0.8394723,0.43900930476079103,1.0,0.047619047619047616
PDE6D,-0.77448034,-0.4165524,0.43864679093601733,1.0,0.11904761904761904
NSMCE3,-0.77488905,-0.66909945,0.43840521065653604,1.0,0.09523809523809523
MMGT1,-0.7757065,-0.6439415,0.4379222796190614,1.0,0.08333333333333333
SNRPF,-0.77710307,-0.023406042,0.43709798070507544,1.0,0.8928571428571429
KDM2A,-0.77723926,-0.3874499,0.4370176091564896,1.0,0.21428571428571427
ZNF496,-0.77788645,-1.0439515,0.4366359605315293,1.0,0.05952380952380952
ENDOG,-0.7781589,-0.3574639,0.43647532383440824,1.0,0.2619047619047619
MRPS15,-0.7782611,-0.105683975,0.4364150938532325,1.0,0.7619047619047619
POLD4,-0.7783974,-0.16479191,0.4363347946622127,1.0,0.7142857142857143
FAM171B,-0.7784655,-0.7851544,0.43629464825996,1.0,0.11904761904761904
PPID,-0.77873796,-0.3448771,0.4361340839410429,1.0,0.27380952380952384
ERICH1,-0.77873796,-0.23468383,0.4361340839410429,1.0,0.35714285714285715
MYO6,-0.7789764,-0.2583346,0.4359936181079659,1.0,0.2857142857142857
MIR4458HG,-0.77938515,-0.8465602,0.43575288022906056,1.0,0.08333333333333333
RPL36A,-0.779862,-0.029771803,0.43547211628301896,1.0,1.0
UCHL5,-0.7809179,-0.43584496,0.434850796218908,1.0,0.27380952380952384
TRIP6,-0.7813607,-0.2861967,0.43459039503480956,1.0,0.25
AC118549.1,-0.78166723,-0.37470156,0.4344101700586216,1.0,0.17857142857142858
DECR2,-0.7823825,-0.65148795,0.4339898130488825,1.0,0.10714285714285714
FADS1,-0.78251874,-0.16593099,0.4339097717084416,1.0,0.6904761904761905
BAK1,-0.78268903,-0.85496724,0.4338097320325537,1.0,0.05952380952380952
HELLS,-0.7828253,-0.47056624,0.43372970989227555,1.0,0.09523809523809523
KDM5B,-0.78296155,-0.16233185,0.4336496962863383,1.0,0.5476190476190477
NARF,-0.78337026,-0.3722829,0.4334097066803181,1.0,0.19047619047619047
DDX58,-0.78357464,-0.82188326,0.43328974068749315,1.0,0.07142857142857142
C1orf109,-0.78364277,-0.44838226,0.4332497562918717,1.0,0.08333333333333333
LIPE,-0.78463054,-0.6984258,0.43267022244991216,1.0,0.03571428571428571
NQO2,-0.7853799,-0.345247,0.43223087557667705,1.0,0.19047619047619047
RNF2,-0.78592485,-0.30113652,0.43191151292864083,1.0,0.13095238095238096
SMIM7,-0.7861633,-0.20159134,0.43177183477172143,1.0,0.34523809523809523
IGIP,-0.7869467,-1.0525379,0.43131307659546925,1.0,0.03571428571428571
FAF2,-0.7869467,-0.35911566,0.43131307659546925,1.0,0.23809523809523808
SPA17,-0.78742355,-0.92740923,0.4310339709097798,1.0,0.07142857142857142
MARCH2,-0.78762794,-0.5155216,0.43091438626169076,1.0,0.16666666666666666
SLC35F6,-0.78776413,-0.6977875,0.4308346738558203,1.0,0.14285714285714285
PNN,-0.7879345,-0.18303299,0.4307350453789318,1.0,0.5357142857142857
MRGBP,-0.7879685,-0.24487595,0.43071512128770184,1.0,0.32142857142857145
ARHGAP35,-0.7881048,-0.5768597,0.43063543027023254,1.0,0.20238095238095238
SCAF11,-0.788241,-0.14409547,0.4305557478091053,1.0,0.6785714285714286
JMJD6,-0.788786,-0.2827668,0.4302371035392153,1.0,0.09523809523809523
THSD1,-0.78882,-1.1696011,0.4302171928190188,1.0,0.05952380952380952
FAM229B,-0.7889563,-0.36586115,0.4301375552878698,1.0,0.2976190476190476
DAP3,-0.78916067,-0.22370882,0.4300181150410156,1.0,0.4642857142857143
C17orf75,-0.7892969,-0.41817144,0.42993849891050606,1.0,0.14285714285714285
DYNC1LI2,-0.7892969,-0.19018522,0.42993849891050606,1.0,0.5595238095238095
LRRC32,-0.79014844,-0.91586983,0.4294410920822864,1.0,0.08333333333333333
AARS,-0.7906934,-0.22460045,0.42912292728015433,1.0,0.2261904761904762
EHHADH,-0.79082966,-2.1516907,0.42904340749554304,1.0,0.011904761904761904
DYNLT3,-0.79127246,-0.32831812,0.4287850273675451,1.0,0.2857142857142857
UBXN7,-0.79205585,-0.17072791,0.42832811503667834,1.0,0.2619047619047619
SNX29,-0.79294145,-0.57859725,0.4278119467408005,1.0,0.11904761904761904
NCK1,-0.7930096,-0.29570037,0.4277722564933546,1.0,0.25
PITRM1,-0.7935886,-0.29618672,0.4274349759637178,1.0,0.23809523809523808
SYNGR1,-0.79399735,-0.81861013,0.42719698887959223,1.0,0.05952380952380952
FCHO2,-0.7943039,-0.7789463,0.4270185492426658,1.0,0.07142857142857142
ZNRF1,-0.7945423,-0.2747114,0.4268797928931526,1.0,0.32142857142857145
DCAF12,-0.79478073,-0.9070006,0.4267410628272441,1.0,0.047619047619047616
ZBTB45,-0.7953598,-2.2446604,0.42640425639636736,1.0,0.011904761904761904
GPCPD1,-0.7953598,-0.31731644,0.42640425639636736,1.0,0.14285714285714285
ALDH4A1,-0.7953938,-25.011078,0.4263844490823976,1.0,0.0
HCG11,-0.79607505,-1.7642587,0.4259884155026522,1.0,0.023809523809523808
IMMP2L,-0.79651785,-1.6010239,0.42573110881093723,1.0,0.03571428571428571
ABCB7,-0.79675627,-0.7617309,0.4255925966349392,1.0,0.09523809523809523
CSNK1E,-0.79692656,-0.12384177,0.42549367547464356,1.0,0.5238095238095238
CD44,-0.7970628,-0.23386343,0.4254145482121763,1.0,0.6785714285714286
CASP4,-0.7972672,-0.111739226,0.42529587342934605,1.0,0.3333333333333333
TMTC3,-0.7973353,-0.35144627,0.4252563194649027,1.0,0.25
TMEM70,-0.79757375,-0.30336684,0.4251178975081358,1.0,0.2261904761904762
GOSR2,-0.7976419,-0.32964393,0.4250783532118452,1.0,0.21428571428571427
MT-ND1,-0.7986637,-0.08283647,0.42448544664426757,1.0,0.9880952380952381
GORASP2,-0.79869777,-0.32519743,0.4244656914207049,1.0,0.2857142857142857
HBS1L,-0.799379,-0.34101218,0.42407069981941226,1.0,0.20238095238095238
UBR7,-0.799379,-1.6239507,0.42407069981941226,1.0,0.047619047619047616
MBD5,-0.79975367,-0.37557486,0.4238535460934165,1.0,0.21428571428571427
IPP,-0.8001624,-0.9486436,0.423616725319824,1.0,0.05952380952380952
RTL6,-0.8002305,-0.76630366,0.42357726271941265,1.0,0.07142857142857142
STN1,-0.800503,-0.3363481,0.42341943383024294,1.0,0.19047619047619047
C12orf75,-0.80080956,-0.12714413,0.42324191747651996,1.0,0.7857142857142857
TMEM200A,-0.8011161,-24.902851,0.4230644446955443,1.0,0.0
RPL22L1,-0.8021379,-0.018698106,0.42247318352770424,1.0,1.0
SMYD3,-0.802751,-0.30910596,0.4221186593386602,1.0,0.13095238095238096
WASHC3,-0.80377287,-0.39175028,0.42152817336200377,1.0,0.2261904761904762
TGFBRAP1,-0.8046244,-0.5251664,0.4210364720229519,1.0,0.14285714285714285
FKBP4,-0.80472654,-0.17938714,0.4209774904912812,1.0,0.38095238095238093
RBMS1,-0.8055781,-0.23192276,0.42048616635220626,1.0,0.4642857142857143
ELP4,-0.806089,-0.57541263,0.42019153358166583,1.0,0.07142857142857142
RAB21,-0.8061231,-0.43489712,0.42017189571018176,1.0,0.2619047619047619
CENPW,-0.80622524,-0.5551464,0.4201129853309472,1.0,0.19047619047619047
RAB27B,-0.80663395,-0.98153436,0.41987739234609534,1.0,0.05952380952380952
MARCH5,-0.8067021,-0.51049364,0.41983813439868756,1.0,0.21428571428571427
PEX1,-0.8068043,-0.85450536,0.41977925152259343,1.0,0.07142857142857142
MYO9B,-0.8070427,-0.6330494,0.4196418770229001,1.0,0.15476190476190477
STX11,-0.8073152,-1.1050714,0.41948490995958365,1.0,0.03571428571428571
LDLRAD2,-0.8079283,-0.5047218,0.4191318603106573,1.0,0.13095238095238096
AL161772.1,-0.8080645,-0.8872304,0.41905342857470107,1.0,0.05952380952380952
WAPL,-0.80816674,-0.431581,0.4189946104390305,1.0,0.2261904761904762
SNHG11,-0.8085414,-0.45463222,0.41877898549805703,1.0,0.13095238095238096
TBC1D8,-0.8086776,-1.7695701,0.41870059262086934,1.0,0.011904761904761904
SECISBP2,-0.8093248,-0.4153425,0.4183283444073169,1.0,0.20238095238095238
EIF3H,-0.80946106,-0.07366321,0.4182500011978393,1.0,0.9285714285714286
SNAPC5,-0.80963135,-0.49921817,0.4181520843354284,1.0,0.17857142857142858
CIAO2A,-0.8097335,-0.3682788,0.4180933406980568,1.0,0.27380952380952384
CUBN,-0.80983573,-0.75770736,0.41803460192099995,1.0,0.047619047619047616
TMED10,-0.8101423,-0.12932162,0.417858414753828,1.0,0.8095238095238095
TBC1D9B,-0.8107213,-0.47001943,0.4175257361444311,1.0,0.16666666666666666
SENP1,-0.81130034,-0.80719304,0.41719321367050366,1.0,0.08333333333333333
TMEM177,-0.8114706,-1.0388708,0.4170954426627972,1.0,0.05952380952380952
MLST8,-0.8114706,-0.57571024,0.4170954426627972,1.0,0.10714285714285714
RPL13A,-0.8120837,-0.036883444,0.41674357891141356,1.0,1.0
CAMTA2,-0.81215185,-0.73090935,0.4167044937496367,1.0,0.11904761904761904
SLC1A5,-0.8122541,-0.33309734,0.41664587006139064,1.0,0.2976190476190476
LRIG3,-0.8125606,-24.984905,0.41647002819041157,1.0,0.0
CSNK1A1,-0.8130715,-0.03950967,0.4161770557304566,1.0,0.8809523809523809
TXNDC12,-0.81392306,-0.23657387,0.4156890387071944,1.0,0.36904761904761907
TARBP1,-0.8140252,-0.83162916,0.4156304993834563,1.0,0.09523809523809523
CLASRP,-0.81470644,-1.7742375,0.41524036166718625,1.0,0.03571428571428571
TMEM123,-0.81494486,-0.17081222,0.41510386460311677,1.0,0.6190476190476191
EIF2B3,-0.8152174,-0.3964091,0.41494790043148966,1.0,0.2619047619047619
KARS,-0.8158645,-0.27633852,0.41457762436810563,1.0,0.34523809523809523
NET1,-0.81617105,-0.17019138,0.41440229865897615,1.0,0.07142857142857142
BACH1,-0.81661385,-0.6413644,0.41414912784654534,1.0,0.05952380952380952
INTS13,-0.817806,-0.51718336,0.41346796909846695,1.0,0.17857142857142858
NEIL2,-0.8181466,-0.68723416,0.41327347421495664,1.0,0.09523809523809523
CHST14,-0.81855536,-0.3951457,0.41304015188913024,1.0,0.13095238095238096
SEC63,-0.8192025,-0.19940089,0.4126708845007634,1.0,0.47619047619047616
EIF6,-0.8195431,-0.1781474,0.41247661185264706,1.0,0.6904761904761905
EXOSC9,-0.81957716,-0.5442753,0.41245718756996064,1.0,0.13095238095238096
DMTN,-0.81957716,-1.9171889,0.41245718756996064,1.0,0.023809523809523808
RIT1,-0.8196453,-0.3738345,0.41241834063129823,1.0,0.17857142857142858
UNK,-0.8203265,-2.1350586,0.4120299905492071,1.0,0.023809523809523808
ERCC2,-0.82039464,-0.40071636,0.41199116747275033,1.0,0.21428571428571427
BOP1,-0.82063305,-0.39834458,0.4118553037914955,1.0,0.23809523809523808
CDK7,-0.82083744,-0.10829261,0.4117388703635182,1.0,0.17857142857142858
CWF19L1,-0.821144,-2.2230618,0.4115642568412664,1.0,0.023809523809523808
MRPL34,-0.82134837,-0.22715992,0.4114478722418855,1.0,0.4642857142857143
CMTM3,-0.82192737,-0.4338076,0.4111182219638274,1.0,0.2261904761904762
MAN2A2,-0.82213175,-0.8142341,0.41100191225416005,1.0,0.03571428571428571
PARD3,-0.8222339,-0.5013882,0.41094376472682514,1.0,0.10714285714285714
RPS26,-0.82240427,-0.039459534,0.41084686303749984,1.0,0.9880952380952381
CENPH,-0.82339203,-0.72843677,0.41028510088977177,1.0,0.13095238095238096
RHOJ,-0.8239029,-0.24577413,0.40999471345816374,1.0,0.39285714285714285
AGO3,-0.8247545,-0.2750229,0.4095110059984566,1.0,0.2857142857142857
KLHL6,-0.8248226,-0.52974766,0.40947232407042167,1.0,0.15476190476190477
TPRG1L,-0.82529944,-0.60392493,0.4092016114332775,1.0,0.15476190476190477
REV1,-0.8262532,-0.616353,0.4086605057309549,1.0,0.14285714285714285
SECISBP2L,-0.82632124,-0.37631294,0.4086218716314781,1.0,0.17857142857142858
SMARCAD1,-0.8266619,-0.5847028,0.4084287337554514,1.0,0.21428571428571427
PGRMC1,-0.8268322,-0.28786796,0.4083321852072952,1.0,0.3333333333333333
EIF2S2,-0.82700247,-0.095730126,0.4082356502535587,1.0,0.9761904761904762
SRSF1,-0.827309,-0.28749487,0.4080619215975969,1.0,0.36904761904761907
GATAD2B,-0.82747936,-0.5895111,0.4079654247129434,1.0,0.15476190476190477
NID1,-0.8277178,-0.15257415,0.4078303519188956,1.0,0.5238095238095238
CCNC,-0.8279562,-0.23078506,0.40769530577891466,1.0,0.2619047619047619
PHIP,-0.8283649,-0.23659162,0.4074638601288354,1.0,0.30952380952380953
ATG12,-0.8293868,-0.19823816,0.4068855888094758,1.0,0.40476190476190477
HERC6,-0.82972735,-25.094519,0.406692940554538,1.0,0.0
SLC35A4,-0.8298636,-0.49363485,0.4066158964946409,1.0,0.09523809523809523
NID2,-0.82993174,-1.2691134,0.40657737773107483,1.0,0.047619047619047616
PACS2,-0.8301361,-0.3091491,0.4064618345065739,1.0,0.14285714285714285
LMBRD2,-0.83034045,-1.7596313,0.40634631088253603,1.0,0.023809523809523808
PRR3,-0.8307492,-1.0424544,0.40611532244184423,1.0,0.07142857142857142
STAT2,-0.83105576,-0.7537033,0.40594213257367684,1.0,0.08333333333333333
NECTIN3,-0.8323501,-0.6443641,0.4052113728904675,1.0,0.11904761904761904
FAM111A,-0.83306533,-0.90523183,0.404807869557819,1.0,0.05952380952380952
RSAD1,-0.83313346,-0.47966248,0.4047694532041318,1.0,0.16666666666666666
SLC49A4,-0.8334741,-2.627595,0.4045774041405532,1.0,0.011904761904761904
NADSYN1,-0.8335422,-0.5004599,0.40453900086919037,1.0,0.19047619047619047
MPP1,-0.83398503,-0.9828538,0.40428943275934914,1.0,0.07142857142857142
CCDC18-AS1,-0.83422345,-0.50982624,0.4041550880963156,1.0,0.14285714285714285
VPS29,-0.83439374,-0.1401676,0.40405914398098997,1.0,0.5595238095238095
UBXN6,-0.83446187,-0.4422147,0.40402077015201043,1.0,0.20238095238095238
TRUB1,-0.83456403,-1.0466977,0.4039632134985146,1.0,0.08333333333333333
CCT4,-0.83463216,-0.16167574,0.4039248451229118,1.0,0.7619047619047619
PDLIM7,-0.83466625,-0.23398796,0.403905661753149,1.0,0.44047619047619047
PLEKHF2,-0.8349047,-1.0913919,0.40377139343549284,1.0,0.047619047619047616
LRP6,-0.83568805,-0.46765718,0.40333041428670824,1.0,0.14285714285714285
STAB1,-0.83609676,-0.22699031,0.4031004527735921,1.0,0.42857142857142855
MRPL35,-0.83613086,-0.2708881,0.40308129286073335,1.0,0.27380952380952384
SPIDR,-0.8370846,-0.6493992,0.4025450368618272,1.0,0.11904761904761904
NUCB1,-0.8371186,-0.19995645,0.4025258927757308,1.0,0.5357142857142857
KDM1B,-0.8375614,-1.0513126,0.40227706933127894,1.0,0.047619047619047616
DNMBP,-0.8381064,-0.54216963,0.40197095175077957,1.0,0.15476190476190477
NAA60,-0.83844703,-0.77565485,0.40177969924676715,1.0,0.09523809523809523
TMEM222,-0.8387195,-1.2508268,0.4016267365630468,1.0,0.05952380952380952
PFKP,-0.8388898,-0.12610689,0.401531152635743,1.0,0.7261904761904762
VSIR,-0.8388898,-1.0132078,0.401531152635743,1.0,0.05952380952380952
EIF2A,-0.8393667,-0.24228518,0.401263590285708,1.0,0.4880952380952381
FAN1,-0.83953696,-1.0015484,0.40116805825119384,1.0,0.07142857142857142
ANAPC5,-0.8396051,-0.19824831,0.40112984926157225,1.0,0.5714285714285714
USP24,-0.8396732,-1.6542461,0.4010916424572769,1.0,0.03571428571428571
LSM10,-0.83974135,-0.21762365,0.40105343783836045,1.0,0.4166666666666667
AC093673.1,-0.840695,-0.2991983,0.40051880266753426,1.0,0.16666666666666666
EDEM2,-0.8410016,-0.2390432,0.40034704664041354,1.0,0.25
TPI1,-0.8410697,-0.08190642,0.40030888464680414,1.0,0.9404761904761905
KANSL2,-0.84117186,-1.0855436,0.4002516457559919,1.0,0.047619047619047616
MIR31HG,-0.8421937,-1.4370579,0.39967952745895274,1.0,0.023809523809523808
SLC6A15,-0.8427728,-0.57824296,0.3993555455358263,1.0,0.10714285714285714
GIT1,-0.84311336,-0.37282997,0.3991650417679904,1.0,0.20238095238095238
TAF1D,-0.8433518,-0.09113568,0.3990317216764748,1.0,0.8214285714285714
ESD,-0.84355617,-0.18166603,0.39891746864688027,1.0,0.6666666666666666
OXSR1,-0.84355617,-0.8059679,0.39891746864688027,1.0,0.09523809523809523
BID,-0.8435902,-0.22540136,0.39889842839002554,1.0,0.4523809523809524
TMEM256,-0.8438627,-0.09068949,0.39874612603084725,1.0,0.8214285714285714
TSPAN14,-0.844033,-0.058476705,0.3986509548381296,1.0,0.8333333333333334
GUK1,-0.844033,-0.10705622,0.3986509548381296,1.0,0.9166666666666666
DPP8,-0.84416926,-0.4085243,0.39857482773296804,1.0,0.2261904761904762
ATF7,-0.8444418,-0.42367038,0.39842259978840455,1.0,0.21428571428571427
STRIP2,-0.8448846,-0.5422913,0.3981753040789501,1.0,0.10714285714285714
APTX,-0.8449186,-0.36016402,0.3981562851631866,1.0,0.2261904761904762
ZDHHC4,-0.84505486,-0.42550987,0.39808021497353696,1.0,0.21428571428571427
SAMM50,-0.84549767,-0.40047863,0.3978330473424728,1.0,0.2261904761904762
DNAJC4,-0.84628105,-0.31477934,0.39739597741375954,1.0,0.2619047619047619
XPNPEP1,-0.84628105,-0.5555305,0.39739597741375954,1.0,0.15476190476190477
TM2D3,-0.8464173,-0.36508164,0.39731999481971725,1.0,0.20238095238095238
AKAP17A,-0.8466557,-1.0185611,0.397187046363387,1.0,0.07142857142857142
MDFIC,-0.846792,-1.2119541,0.39711108786516724,1.0,0.03571428571428571
CFH,-0.84689415,-25.120453,0.3970541247421113,1.0,0.0
DNAL4,-0.84716666,-3.2798915,0.39690224717978984,1.0,0.011904761904761904
PRCC,-0.84754133,-0.49196535,0.39669347277187084,1.0,0.16666666666666666
ESCO1,-0.84757537,-0.62732476,0.39667449656701304,1.0,0.10714285714285714
MCCC1,-0.84835875,-0.90710896,0.39623819506671953,1.0,0.08333333333333333
C15orf61,-0.84856313,-0.33835855,0.3961244249538852,1.0,0.2261904761904762
GATAD2A,-0.84880155,-0.22037928,0.39599171808973055,1.0,0.36904761904761907
LPXN,-0.8488697,-0.59393317,0.39595380677513625,1.0,0.11904761904761904
SEPHS1,-0.8495509,-0.52763337,0.39557481420975726,1.0,0.17857142857142858
DPF2,-0.8501981,-0.42522198,0.3952149743722889,1.0,0.2619047619047619
RRBP1,-0.8503343,-0.12903847,0.39513924383720933,1.0,0.7976190476190477
TOM1L2,-0.85050464,-0.91880906,0.3950445930055949,1.0,0.08333333333333333
CNST,-0.8510496,-0.977733,0.3947418024709548,1.0,0.07142857142857142
FBRSL1,-0.851254,-0.9045331,0.3946282922166303,1.0,0.05952380952380952
GSTM4,-0.8516627,-0.91585344,0.3944013309454736,1.0,0.07142857142857142
DAZAP2,-0.8522758,-0.21073368,0.3940610371520089,1.0,0.4880952380952381
C8orf76,-0.8524461,-0.4940239,0.3939665426449449,1.0,0.16666666666666666
LINC02614,-0.8526164,-24.983679,0.3938720618552274,1.0,0.0
AFG3L2,-0.852923,-0.14753433,0.3937020310038375,1.0,0.4642857142857143
CS,-0.8533657,-0.2014387,0.3934565093614988,1.0,0.44047619047619047
PET117,-0.8536723,-0.42350337,0.3932865871757504,1.0,0.2261904761904762
TLE5,-0.8541832,-0.13953382,0.3930034823385292,1.0,0.7619047619047619
TUSC1,-0.85435355,-0.5583663,0.3929091415083481,1.0,0.10714285714285714
ATP2A1-AS1,-0.85472816,-1.3658928,0.3927016399973807,1.0,0.03571428571428571
GALK2,-0.8556819,-0.63724494,0.39217375415559863,1.0,0.09523809523809523
SLC30A5,-0.85670376,-0.57129145,0.3916086400388382,1.0,0.15476190476190477
CCND1,-0.85670376,-0.08821139,0.3916086400388382,1.0,0.8452380952380952
PSEN1,-0.8567718,-0.63090855,0.39157098334446094,1.0,0.07142857142857142
TMEM154,-0.85704434,-0.3421211,0.39142037854514644,1.0,0.36904761904761907
MRPL27,-0.8578618,-0.17047615,0.39096877516309525,1.0,0.5238095238095238
TMEM231,-0.8580662,-1.1566457,0.3908559237810223,1.0,0.047619047619047616
IFT74,-0.85813427,-0.7158733,0.3908183110509068,1.0,0.11904761904761904
ARPIN,-0.8590199,-0.49772903,0.39032954565763256,1.0,0.10714285714285714
NR1H2,-0.85912204,-0.38795903,0.3902731735661301,1.0,0.19047619047619047
NIT2,-0.8593264,-0.26203477,0.3901604442289771,1.0,0.4166666666666667
ARFGEF1,-0.85942864,-0.28897727,0.3901040869836343,1.0,0.42857142857142855
EEF1G,-0.8594967,-0.031442683,0.39006651823618954,1.0,0.9880952380952381
RPL6,-0.8595308,-0.03400515,0.39004773468731946,1.0,1.0
UBR5,-0.85966706,-0.2591893,0.38997260599098604,1.0,0.36904761904761907
ZNF511,-0.8608251,-0.33338067,0.3893343673647556,1.0,0.2857142857142857
ARPC1B,-0.8609273,-0.057688553,0.3892780827205121,1.0,0.9761904761904762
KATNAL1,-0.86109763,-0.7959928,0.3891842859830059,1.0,0.10714285714285714
ZBTB11,-0.8612679,-0.61000556,0.3890905029997337,1.0,0.10714285714285714
TCTN1,-0.8613701,-0.68474454,0.38903423981209495,1.0,0.13095238095238096
MRPS18C,-0.8616426,-0.22652484,0.38888422885490037,1.0,0.4523809523809524
AKT3,-0.86215353,-0.22167292,0.38860305323212274,1.0,0.34523809523809523
FAM199X,-0.86263037,-0.48605883,0.38834073437012406,1.0,0.19047619047619047
ATG16L2,-0.8626985,-1.859885,0.3883032690533622,1.0,0.023809523809523808
KIZ,-0.8626985,-1.1969999,0.3883032690533622,1.0,0.03571428571428571
HSP90AB1,-0.86280066,-0.03757076,0.3882470752064746,1.0,0.9880952380952381
FIP1L1,-0.8633116,-0.43524748,0.3879661802856278,1.0,0.2261904761904762
ACP2,-0.8641972,-0.43310383,0.38747958920049186,1.0,0.10714285714285714
MALT1,-0.8644015,-1.4730171,0.3873673518113858,1.0,0.023809523809523808
RAB11B-AS1,-0.86474216,-0.8551352,0.38718033355345616,1.0,0.05952380952380952
METTL21A,-0.86474216,-0.88034326,0.38718033355345616,1.0,0.07142857142857142
TRDMT1,-0.86518496,-0.8169418,0.3869372921580426,1.0,0.03571428571428571
RDH11,-0.8659002,-0.17028879,0.3865448834799343,1.0,0.5476190476190477
DAB2IP,-0.8665133,-1.1164601,0.38620872656533844,1.0,0.047619047619047616
PTTG1IP,-0.8666155,-0.13556011,0.3861527177699927,1.0,0.8333333333333334
PTCD3,-0.86763734,-0.32847846,0.3855929026161212,1.0,0.30952380952380953
TNPO3,-0.86763734,-0.3119356,0.3855929026161212,1.0,0.16666666666666666
CWC27,-0.86808014,-0.32208997,0.38535047010776735,1.0,0.25
BRD8,-0.8681823,-0.65877223,0.3852945373748914,1.0,0.13095238095238096
ZC3HAV1,-0.86831856,-0.36142477,0.38521996811606574,1.0,0.2857142857142857
IMMT,-0.8683526,-0.21809386,0.38520132717967004,1.0,0.4880952380952381
MB21D2,-0.86848885,-1.6521828,0.385126768947491,1.0,0.023809523809523808
EMP3,-0.86852294,-0.09292221,0.38510813076782335,1.0,0.9523809523809523
UBQLN4,-0.8689657,-0.8877645,0.38486588460798055,1.0,0.07142857142857142
TMEM259,-0.86910194,-0.41559052,0.3847913660761253,1.0,0.2261904761904762
MCUR1,-0.8694426,-0.29504213,0.38460510834884354,1.0,0.25
TMX3,-0.86981726,-0.1668582,0.38440028854780095,1.0,0.4523809523809524
ZFP91,-0.8707369,-0.18002103,0.38389783200200533,1.0,0.5476190476190477
LNPEP,-0.8709072,-0.2896656,0.38380482862676224,1.0,0.2976190476190476
DSE,-0.87128186,-0.65003896,0.3836002697543741,1.0,0.11904761904761904
TMEM63A,-0.87131596,-0.9932046,0.38358167680386646,1.0,0.03571428571428571
FLI1,-0.8717587,-0.29952884,0.38334001866226086,1.0,0.3333333333333333
TPP1,-0.8719971,-0.20998918,0.3832099336770056,1.0,0.40476190476190477
TGFB1,-0.8719971,-0.22192918,0.3832099336770056,1.0,0.5238095238095238
PDIA5,-0.87278056,-0.35146096,0.3827827019961775,1.0,0.2619047619047619
POFUT1,-0.8729168,-0.45000795,0.3827084306413111,1.0,0.16666666666666666
ZRANB3,-0.8735299,-2.7364972,0.3823743188520493,1.0,0.011904761904761904
INO80E,-0.8736321,-0.6321842,0.3823186509450327,1.0,0.10714285714285714
PSMD6,-0.87400675,-0.23692067,0.3821145778019688,1.0,0.44047619047619047
KPNA6,-0.8750286,-0.22900991,0.3815583543061579,1.0,0.35714285714285715
PLAUR,-0.8754032,-0.30989602,0.38135453023873633,1.0,0.39285714285714285
PARVA,-0.8765954,-0.20240425,0.3807064438336609,1.0,0.4523809523809524
SAMD9L,-0.87741286,-0.50774425,0.38026243294113804,1.0,0.11904761904761904
SPAG9,-0.87761724,-0.18108201,0.3801514799582596,1.0,0.4880952380952381
ABR,-0.87782156,-1.8602417,0.3800405468736163,1.0,0.023809523809523808
NLK,-0.87887746,-0.95672053,0.37946770963331,1.0,0.05952380952380952
KIF5B,-0.879184,-0.15378559,0.3793015015647908,1.0,0.7142857142857143
CMTR2,-0.8800015,-1.2479895,0.3788584990281313,1.0,0.047619047619047616
ASCC2,-0.8812958,-0.5756092,0.378157729888307,1.0,0.13095238095238096
NAV3,-0.881398,-0.74289924,0.3781024400304581,1.0,0.13095238095238096
COA6,-0.88160235,-0.31721032,0.3779918752531014,1.0,0.32142857142857145
HEIH,-0.88170457,-1.6995231,0.3779366003338508,1.0,0.023809523809523808
SLC30A7,-0.8817727,-0.35756186,0.37789975315422575,1.0,0.25
FBXO11,-0.8823517,-0.34493878,0.3775866414923482,1.0,0.19047619047619047
SCAF4,-0.882522,-0.918588,0.3774945802630556,1.0,0.05952380952380952
SLX4IP,-0.88269234,-1.0089834,0.3774025328693571,1.0,0.03571428571428571
PNISR,-0.8828626,-0.20231228,0.377310499311843,1.0,0.6785714285714286
TASOR,-0.883067,-0.31082693,0.3772000773074189,1.0,0.30952380952380953
DCTN5,-0.8840207,-0.39771855,0.37668503810208487,1.0,0.21428571428571427
NSMCE1,-0.884736,-0.36787125,0.37629904353520827,1.0,0.2619047619047619
FKBP3,-0.88504255,-0.19999929,0.37613369204300906,1.0,0.5952380952380952
TMED1,-0.8857919,-0.24461247,0.37572968834870724,1.0,0.30952380952380953
ZNF24,-0.8864731,-0.4386771,0.3753626448873605,1.0,0.19047619047619047
COMMD3,-0.886984,-0.26815832,0.37508750770440846,1.0,0.38095238095238093
ZCCHC9,-0.8870181,-0.44743624,0.37506916965761816,1.0,0.17857142857142858
RUVBL2,-0.88732463,-0.2866854,0.3749041521686207,1.0,0.30952380952380953
COL5A2,-0.88735867,-0.15617774,0.37488581966238343,1.0,0.5238095238095238
PPIL1,-0.8879037,-1.0526643,0.37459257492056197,1.0,0.047619047619047616
TCEANC2,-0.8883805,-1.0284907,0.3743361021428251,1.0,0.05952380952380952
NDUFS8,-0.88882333,-0.124686494,0.3740980461137118,1.0,0.8095238095238095
EXOSC7,-0.8890958,-0.32477853,0.3739515966541267,1.0,0.32142857142857145
MRPL46,-0.88930017,-0.6016485,0.37384178284028835,1.0,0.13095238095238096
TAF3,-0.8910373,-0.5239121,0.372909171245867,1.0,0.11904761904761904
FAM32A,-0.89175254,-0.2922873,0.3725255739213126,1.0,0.2857142857142857
IKBKG,-0.8919229,-0.48439947,0.37243427727583955,1.0,0.19047619047619047
POLR2A,-0.89229757,-0.2913613,0.3722334734678111,1.0,0.36904761904761907
ADSS,-0.89236563,-0.16439325,0.372196970895736,1.0,0.6547619047619048
SCRIB,-0.892536,-0.7973583,0.3721057241733897,1.0,0.047619047619047616
PDZD8,-0.89263815,-0.46486348,0.37205098279696003,1.0,0.19047619047619047
UROD,-0.8927403,-0.2561444,0.3719962464134058,1.0,0.4166666666666667
ZDHHC8,-0.89308095,-0.9216511,0.37181382786270445,1.0,0.09523809523809523
SLC35F5,-0.8931491,-0.41612762,0.37177735081026386,1.0,0.21428571428571427
SYNM,-0.89328533,-2.4664257,0.37170440336335686,1.0,0.011904761904761904
CLASP2,-0.8934556,-1.1291361,0.3716132315387771,1.0,0.05952380952380952
VCPIP1,-0.8941709,-0.6984529,0.3712304613603725,1.0,0.11904761904761904
MRPS18B,-0.89457965,-0.27108872,0.37101184542291943,1.0,0.35714285714285715
RILPL2,-0.8952268,-0.52614576,0.37066586697435255,1.0,0.14285714285714285
BLOC1S5,-0.895329,-1.2831061,0.3706112571153869,1.0,0.047619047619047616
MT-ND4,-0.89539707,-0.046864107,0.3705748533182326,1.0,1.0
CDV3,-0.8955674,-0.13383007,0.3704838535398056,1.0,0.8095238095238095
RAB3GAP2,-0.8960102,-0.31299743,0.3702473190672466,1.0,0.2261904761904762
TMED3,-0.89669144,-0.16663107,0.36988360309222423,1.0,0.6309523809523809
PARP9,-0.89689577,-1.1327916,0.36977453160894114,1.0,0.047619047619047616
NEDD1,-0.896998,-0.8988058,0.3697200033636663,1.0,0.05952380952380952
ZNF146,-0.8971342,-0.45971486,0.3696473068108934,1.0,0.19047619047619047
GPR180,-0.8974748,-0.42147514,0.3694656043018937,1.0,0.20238095238095238
PAMR1,-0.8976111,-0.8628609,0.3693929388481568,1.0,0.09523809523809523
EPN2,-0.8980879,-0.22091746,0.36913867973927894,1.0,0.4523809523809524
CREB3L2,-0.8981901,-0.36563405,0.36908420980770573,1.0,0.2261904761904762
SMARCC1,-0.89859885,-0.21639302,0.36886638007267447,1.0,0.42857142857142855
TNFRSF10B,-0.8988032,-0.20338517,0.3687574952014505,1.0,0.36904761904761907
MIA2,-0.89917785,-0.38504913,0.368557924879224,1.0,0.11904761904761904
ATXN2L,-0.899246,-0.5724317,0.3685216465882628,1.0,0.17857142857142858
PUS7,-0.8993482,-0.5205821,0.3684672333186193,1.0,0.15476190476190477
CCNB1IP1,-0.8994163,-0.23414682,0.3684309605834363,1.0,0.44047619047619047
UBALD2,-0.8999272,-0.67841524,0.36815898590974594,1.0,0.13095238095238096
DDX51,-0.90009755,-2.117798,0.36806835546711625,1.0,0.023809523809523808
ZBTB10,-0.9005403,-1.26881,0.36783278133114616,1.0,0.07142857142857142
ADD3,-0.9008128,-0.40600532,0.36768785931232684,1.0,0.2261904761904762
GTF3C1,-0.90237963,-0.27753457,0.36685524801451996,1.0,0.20238095238095238
ALKBH2,-0.9025499,-0.5603269,0.366764817661552,1.0,0.07142857142857142
NFYC,-0.9029246,-0.9600273,0.3665659198098101,1.0,0.08333333333333333
RC3H1,-0.9030949,-0.46631873,0.36647553393500887,1.0,0.14285714285714285
RHOT2,-0.9030949,-0.8600093,0.36647553393500887,1.0,0.07142857142857142
WDR45B,-0.9034355,-0.2906227,0.36629480388722346,1.0,0.40476190476190477
BCKDHA,-0.90367395,-0.336196,0.3661683259388995,1.0,0.23809523809523808
GTF2A1,-0.9037761,-0.7335915,0.36611412944507626,1.0,0.09523809523809523
DCHS1,-0.90445733,-0.88951254,0.3657529473930674,1.0,0.09523809523809523
RBMX2,-0.906501,-0.30009195,0.364670736169468,1.0,0.27380952380952384
CCDC80,-0.9072163,-0.18879803,0.3642924354157926,1.0,0.5833333333333334
FGD6,-0.9073525,-0.5665085,0.3642204059521005,1.0,0.13095238095238096
TYK2,-0.90752286,-0.7314216,0.36413038164354294,1.0,0.07142857142857142
ZFP36,-0.9077272,-1.66138,0.36402237083809996,1.0,0.03571428571428571
MFSD10,-0.9077953,-0.2864426,0.36398637168849224,1.0,0.2857142857142857
PLA2G12A,-0.90813595,-0.2577412,0.3638064093333263,1.0,0.20238095238095238
MAGI2-AS3,-0.9082381,-0.15309848,0.3637524314798175,1.0,0.32142857142857145
ADK,-0.9084425,-0.2834605,0.36364449080071304,1.0,0.34523809523809523
SHKBP1,-0.90919185,-0.41264966,0.3632488797517879,1.0,0.19047619047619047
ST3GAL2,-0.9093962,-0.80889106,0.36314103258948094,1.0,0.09523809523809523
IRF1,-0.9102818,-0.92362595,0.362673926487147,1.0,0.05952380952380952
FBXL20,-0.91048616,-1.1430131,0.3625661862219717,1.0,0.07142857142857142
ICE2,-0.91048616,-0.24899863,0.3625661862219717,1.0,0.23809523809523808
PHLDA2,-0.9106905,-0.10997593,0.36245846600245624,1.0,0.8333333333333334
MAP2K3,-0.9107586,-0.4396785,0.3624225637173417,1.0,0.19047619047619047
TMEM135,-0.9123595,-0.6367014,0.36157950129368077,1.0,0.09523809523809523
PODXL,-0.91259795,-0.16664185,0.36145404407257076,1.0,0.6309523809523809
MFF,-0.9134835,-0.2526084,0.3609882990889086,1.0,0.35714285714285715
BCL7C,-0.9135857,-0.22276196,0.3609345835171913,1.0,0.36904761904761907
TSPAN11,-0.9135857,-0.72248733,0.3609345835171913,1.0,0.10714285714285714
HINT2,-0.91389227,-0.33407846,0.36077346688809253,1.0,0.3333333333333333
TLE1,-0.91402847,-0.27042127,0.36070187398373466,1.0,0.34523809523809523
EIF1,-0.914301,-0.0805062,0.3605587149202034,1.0,1.0
PRXL2A,-0.9145394,-0.11001142,0.36043347999329334,1.0,0.75
STRIP1,-0.9145735,-2.431172,0.3604155915183733,1.0,0.011904761904761904
UBR1,-0.91556126,-0.6117732,0.3598970681593946,1.0,0.14285714285714285
SNCG,-0.91573155,-0.13071226,0.35980771495179886,1.0,0.6904761904761905
GAS6,-0.91590184,-0.6104304,0.3597183756781003,1.0,0.11904761904761904
ARNTL,-0.9163787,-1.5353322,0.35946829984362993,1.0,0.023809523809523808
EDDM13,-0.91651493,-0.80327094,0.35939686967190265,1.0,0.09523809523809523
RPF2,-0.91740054,-0.24128188,0.35893279096379915,1.0,0.2857142857142857
PNP,-0.9174346,-0.26002967,0.35891494930884416,1.0,0.36904761904761907
BCAM,-0.9193761,-0.64839375,0.3578988966598994,1.0,0.10714285714285714
ACO2,-0.91998917,-0.3987695,0.3575784143519407,1.0,0.23809523809523808
WDR48,-0.9200573,-1.0215155,0.3575428163615392,1.0,0.05952380952380952
C4orf3,-0.9200573,-0.1972269,0.3575428163615392,1.0,0.6785714285714286
PSMC5,-0.9200914,-0.2073443,0.3575250182029913,1.0,0.6071428571428571
RPE,-0.9205001,-0.28409317,0.357311483807603,1.0,0.15476190476190477
CCDC51,-0.9211472,-1.1833618,0.35697355195899194,1.0,0.03571428571428571
GPR155,-0.92210096,-0.8585418,0.35647591421428526,1.0,0.07142857142857142
TNFRSF10D,-0.922135,-0.3130729,0.35645814952766575,1.0,0.3333333333333333
VPS36,-0.9228162,-0.24533983,0.35610297297105487,1.0,0.38095238095238093
MAD2L1,-0.92342937,-0.80732757,0.3557835049128566,1.0,0.09523809523809523
TMEM165,-0.92356557,-0.15683758,0.35571253656578194,1.0,0.6309523809523809
JAGN1,-0.92359966,-0.43749443,0.3556947958742276,1.0,0.2261904761904762
DYNC1H1,-0.92404246,-0.15861505,0.35546421767146985,1.0,0.6666666666666666
ZNF559,-0.9240765,-2.453494,0.3554464847934746,1.0,0.011904761904761904
FOS,-0.92421275,-0.47445893,0.355375558862864,1.0,0.16666666666666666
RNF141,-0.92441714,-0.37203345,0.3552691867113872,1.0,0.2261904761904762
FKBP14,-0.92455333,-0.18866377,0.3551982831069752,1.0,0.42857142857142855
CDCA4,-0.9247237,-0.8248838,0.35510966616044015,1.0,0.09523809523809523
TERF2,-0.92560923,-0.34461552,0.354649082997735,1.0,0.19047619047619047
LUC7L2,-0.9260861,-0.2709404,0.354401232991027,1.0,0.3333333333333333
SV2A,-0.9262564,-0.576419,0.3543127416507419,1.0,0.10714285714285714
RPAP1,-0.92693764,-1.0596507,0.35395891587410366,1.0,0.047619047619047616
AP2B1,-0.9274486,-0.13250577,0.3536936931154986,1.0,0.7738095238095238
CTNND1,-0.92778915,-0.14825797,0.3535169477455812,1.0,0.5238095238095238
AC018521.5,-0.9287429,-0.51609063,0.3530223578160395,1.0,0.16666666666666666
PSD3,-0.9291857,-0.34559366,0.35279287562251005,1.0,0.27380952380952384
CEP112,-0.9292197,-2.4394608,0.3527752270559904,1.0,0.023809523809523808
CCBE1,-0.9293219,-0.24451907,0.3527222847078738,1.0,0.42857142857142855
HIKESHI,-0.929935,-0.17002834,0.3524047361934889,1.0,0.47619047619047616
LYRM2,-0.9308887,-0.26853177,0.35191113160162,1.0,0.39285714285714285
CNOT6,-0.9315359,-0.8228852,0.35157643508768066,1.0,0.10714285714285714
ORMDL2,-0.9340223,-0.21284226,0.3502923723238155,1.0,0.27380952380952384
MED24,-0.93409044,-0.49007994,0.35025723443883516,1.0,0.19047619047619047
LSS,-0.9353167,-0.35570174,0.34962513485623903,1.0,0.20238095238095238
RFX1,-0.9353507,-0.49193776,0.34960758687637716,1.0,0.13095238095238096
KCNG1,-0.935487,-1.5075064,0.3495374005474833,1.0,0.03571428571428571
HOOK2,-0.9357935,-1.2116866,0.34937951401290324,1.0,0.05952380952380952
LIMK2,-0.93603194,-1.6069816,0.34925674468360635,1.0,0.03571428571428571
TMEM60,-0.9365769,-0.4933245,0.34897623195020977,1.0,0.20238095238095238
DCUN1D5,-0.9366791,-0.21025562,0.34892365174798157,1.0,0.5833333333333334
E4F1,-0.9372241,-1.8778803,0.3486433089953688,1.0,0.023809523809523808
METRN,-0.93749654,-0.29083294,0.34850319130074536,1.0,0.4523809523809524
MLH1,-0.9377009,-1.7823316,0.34839812651655144,1.0,0.023809523809523808
RAP2B,-0.9391996,-0.3426135,0.34762826661421664,1.0,0.21428571428571427
PIGK,-0.9393359,-0.43567494,0.34755833304314376,1.0,0.2261904761904762
ADAM17,-0.9403918,-0.43072152,0.34701665132163395,1.0,0.2619047619047619
ZNF260,-0.9408345,-1.421336,0.3467896544592387,1.0,0.047619047619047616
VTA1,-0.9408686,-0.3685612,0.3467721970781815,1.0,0.2619047619047619
DDX5,-0.9414817,-0.18374516,0.34645805988690104,1.0,0.9166666666666666
ITGA5,-0.941652,-0.13263904,0.34637083172603245,1.0,0.8928571428571429
TAOK2,-0.9418904,-0.9378258,0.34624873579990045,1.0,0.09523809523809523
AVEN,-0.94257164,-0.36519957,0.34590004136878194,1.0,0.2619047619047619
CHKB,-0.94386595,-0.38825437,0.3452381386016323,1.0,0.09523809523809523
TMEM230,-0.94407034,-0.07581904,0.34513370150862954,1.0,0.8571428571428571
SMURF1,-0.94451314,-2.2189631,0.3449074902590745,1.0,0.023809523809523808
SRC,-0.9445813,-0.47536862,0.34487269692357747,1.0,0.14285714285714285
ZNF335,-0.94495595,-2.512097,0.3446813735968286,1.0,0.011904761904761904
PDCD4,-0.9454328,-0.30173436,0.34443796913171687,1.0,0.35714285714285715
MRPL48,-0.94556904,-0.37792897,0.34436844514944565,1.0,0.20238095238095238
ARHGEF12,-0.9468293,-0.22640046,0.3437257729053802,1.0,0.36904761904761907
PRPF19,-0.9473743,-0.6996201,0.3434480979466443,1.0,0.13095238095238096
HOMER3,-0.9475446,-0.24036875,0.34336135391462386,1.0,0.2857142857142857
DENND4C,-0.9478171,-0.7241169,0.34322259257708265,1.0,0.08333333333333333
CDA,-0.9482939,-0.37770557,0.34297984646054136,1.0,0.2261904761904762
PACC1,-0.9484983,-0.83922315,0.3428758460055623,1.0,0.08333333333333333
PIP4P2,-0.94894105,-0.79243964,0.3426505808388287,1.0,0.13095238095238096
BRD1,-0.94917953,-0.6876622,0.34252932340749165,1.0,0.10714285714285714
TOR4A,-0.94941795,-1.6109277,0.3424080934148682,1.0,0.03571428571428571
ACER3,-0.9496904,-0.19451815,0.34226957845116834,1.0,0.2976190476190476
PJA1,-0.9498948,-25.255154,0.3421657157484833,1.0,0.0
CAPN2,-0.9503376,-0.17888963,0.3419407490551132,1.0,0.7023809523809523
GLA,-0.95132536,-1.623078,0.3414392413486177,1.0,0.03571428571428571
DBNDD2,-0.95152974,-0.43611452,0.34133553994206656,1.0,0.2619047619047619
FOXC2-AS1,-0.9527559,-1.2661936,0.3407137549585403,1.0,0.047619047619047616
CAMSAP1,-0.95384586,-0.97150785,0.3401616666632523,1.0,0.08333333333333333
CUL1,-0.9547996,-0.65916324,0.33967905999905434,1.0,0.15476190476190477
MDC1,-0.9551402,-1.3908677,0.33950680692799473,1.0,0.023809523809523808
NEMF,-0.95578736,-0.25639457,0.3391796804574153,1.0,0.30952380952380953
ACTR10,-0.9571498,-0.37605357,0.3384916543595079,1.0,0.2976190476190476
MCFD2,-0.9574904,-0.18149777,0.33831978793138384,1.0,0.7261904761904762
TSEN15,-0.9577288,-0.29538378,0.33819951477652455,1.0,0.21428571428571427
DIPK1B,-0.958376,-0.27288803,0.337873197498438,1.0,0.32142857142857145
NUP160,-0.95841,-0.95636255,0.3378560285093729,1.0,0.05952380952380952
HGS,-0.9585463,-0.34725544,0.3377873581577606,1.0,0.19047619047619047
MRPS5,-0.9588188,-0.21038954,0.3376500443571858,1.0,0.5595238095238095
CRIPT,-0.9592616,-0.38089308,0.3374269859374911,1.0,0.27380952380952384
ZEB2,-0.9605559,-0.4468553,0.33677551215885604,1.0,0.2619047619047619
RNF187,-0.96062404,-0.34721124,0.3367412464870101,1.0,0.27380952380952384
STRAP,-0.96120304,-0.18601371,0.3364500788089355,1.0,0.5714285714285714
TCTEX1D2,-0.96164584,-0.29750896,0.33622753048774856,1.0,0.34523809523809523
APEX1,-0.9621227,-0.19208728,0.3359879690205497,1.0,0.6428571428571429
TTPAL,-0.9622249,-1.0123572,0.3359366487164145,1.0,0.08333333333333333
FAT1,-0.962872,-0.30197677,0.3356117372982099,1.0,0.30952380952380953
FBXW7,-0.962872,-0.33900356,0.3356117372982099,1.0,0.27380952380952384
HPS4,-0.9634511,-0.7941811,0.3353211986448502,1.0,0.07142857142857142
RAPH1,-0.9639279,-0.9281133,0.33508205318765316,1.0,0.07142857142857142
LOXL2,-0.9663122,-0.117914505,0.33388797445981777,1.0,0.9285714285714286
MFSD14C,-0.9663122,-0.61363053,0.33388797445981777,1.0,0.11904761904761904
LGMN,-0.9670956,-0.24283125,0.3334962340630968,1.0,0.2976190476190476
ALDH3A2,-0.9671978,-0.4588567,0.33344515936176566,1.0,0.15476190476190477
ECE1,-0.96733403,-0.112827174,0.3333770676117128,1.0,0.7857142857142857
TNKS2,-0.96743625,-0.40717468,0.3333260046880093,1.0,0.2619047619047619
NPR2,-0.9696502,-1.909764,0.3322208808670093,1.0,0.023809523809523808
RHOC,-0.97033143,-0.09793052,0.331881319539287,1.0,0.8690476190476191
TCP1,-0.9704336,-0.19541548,0.33183040469262337,1.0,0.5238095238095238
SNX13,-0.97074014,-0.42647618,0.3316776904441586,1.0,0.15476190476190477
CPNE2,-0.9711489,-0.35768658,0.33147414212757875,1.0,0.16666666666666666
UBA5,-0.97121704,-0.57223827,0.33144022526175587,1.0,0.13095238095238096
SSR2,-0.97135323,-0.08056892,0.33137239826185416,1.0,0.9047619047619048
IGF2R,-0.97332877,-0.45054904,0.3303899154449049,1.0,0.10714285714285714
PPP1CC,-0.97401,-0.17280065,0.3300515658709626,1.0,0.6071428571428571
LTBR,-0.9740781,-0.3094598,0.3300177432568636,1.0,0.32142857142857145
IMPAD1,-0.9742144,-0.19897509,0.329950104761477,1.0,0.5238095238095238
NAA30,-0.9744528,-1.3006009,0.3298317589958212,1.0,0.05952380952380952
NPC1,-0.974555,-0.3093719,0.3297810477981177,1.0,0.20238095238095238
BLMH,-0.97479343,-0.43267965,0.32966274130801987,1.0,0.2857142857142857
TP53BP1,-0.9771777,-0.32099515,0.3284811885924279,1.0,0.27380952380952384
PPT2,-0.97816545,-1.283861,0.3279924936986188,1.0,0.05952380952380952
RLF,-0.9785742,-0.83490527,0.32779041317042357,1.0,0.07142857142857142
ERVK3-1,-0.97864234,-0.76724684,0.32775674093898244,1.0,0.10714285714285714
GBA2,-0.9789489,-1.0211533,0.32760524367647326,1.0,0.10714285714285714
PTK7,-0.9795279,-0.58014715,0.3273192062056105,1.0,0.08333333333333333
HDAC8,-0.97993666,-0.4779262,0.3271173950530474,1.0,0.11904761904761904
TRUB2,-0.9806179,-0.48450503,0.3267812227231359,1.0,0.19047619047619047
TMED5,-0.9807882,-0.3265132,0.3266972147176195,1.0,0.32142857142857145
CAMSAP2,-0.981265,-0.39609805,0.32646206694723845,1.0,0.2619047619047619
WTIP,-0.9812991,-1.6983472,0.32644527488727026,1.0,0.023809523809523808
CNTNAP1,-0.9823209,-0.5682909,0.32594177407261427,1.0,0.19047619047619047
CBR1,-0.982934,-0.23850723,0.3256399160516463,1.0,0.4642857142857143
LINC01013,-0.9829681,-0.41663697,0.325623151493745,1.0,0.19047619047619047
TMEM14C,-0.9836493,-0.18347245,0.3252879782061494,1.0,0.6785714285714286
SCAMP4,-0.98371744,-0.5349701,0.325254473225829,1.0,0.11904761904761904
VRK3,-0.9856589,-1.1946392,0.3243005251276654,1.0,0.05952380952380952
ALG5,-0.985693,-0.47610533,0.32428380547442004,1.0,0.21428571428571427
AP3M2,-0.9880091,-0.5462968,0.3231481859661992,1.0,0.14285714285714285
BMP6,-0.9890991,-0.5373117,0.3226146749625901,1.0,0.16666666666666666
TP53INP2,-0.9891331,-1.9566014,0.3225980120064318,1.0,0.03571428571428571
PDS5A,-0.9895419,-0.26778308,0.32239810032035754,1.0,0.39285714285714285
MRPL33,-0.98981434,-0.11048214,0.32226487077379484,1.0,0.7857142857142857
TPM2,-0.9914493,-0.09887094,0.3214662480079241,1.0,0.9047619047619048
CTPS2,-0.99281174,-25.327053,0.3208017171094466,1.0,0.0
TIE1,-0.9933226,-0.26216882,0.32055274960657865,1.0,0.4880952380952381
TPST1,-0.9937314,-0.48868155,0.32035366655465713,1.0,0.14285714285714285
PDCD2,-0.9937995,-0.24888992,0.3203204939059464,1.0,0.44047619047619047
AC026356.2,-0.99512786,-1.2256746,0.3196740761182263,1.0,0.047619047619047616
OTUD4,-0.99540037,-0.6913267,0.31954158314688463,1.0,0.16666666666666666
SHOC2,-0.99540037,-0.24896595,0.31954158314688463,1.0,0.27380952380952384
FLNB,-0.9958772,-0.10336518,0.3193098069081587,1.0,0.8333333333333334
AP2A1,-0.9960475,-0.32839912,0.3192270563483177,1.0,0.2857142857142857
PRRC2A,-0.99621785,-0.16940154,0.31914431982444236,1.0,0.27380952380952384
ECSIT,-0.9969672,-0.729688,0.3187804458671173,1.0,0.11904761904761904
TNFAIP8L1,-0.9969672,-1.2370601,0.3187804458671173,1.0,0.07142857142857142
DUSP14,-0.99812526,-0.5945484,0.31821862969916825,1.0,0.13095238095238096
G0S2,-0.9983977,-1.0785927,0.3180865319823637,1.0,0.047619047619047616
ZNF264,-0.9983977,-1.1430683,0.3180865319823637,1.0,0.07142857142857142
COX19,-0.9986021,-0.44220698,0.31798748227548945,1.0,0.14285714285714285
SLC35B4,-0.99894273,-0.6719588,0.3178224443464097,1.0,0.11904761904761904
UNC50,-0.99894273,-0.37262034,0.3178224443464097,1.0,0.20238095238095238
LAMC1,-0.9994536,-0.1790435,0.31757499272407275,1.0,0.8333333333333334
ANKRD29,-0.99976015,-0.4477375,0.31742658238696697,1.0,0.14285714285714285
GRK2,-1.0001007,-1.4456211,0.3172617353499063,1.0,0.05952380952380952
KATNBL1,-1.0009183,-0.31389913,0.3168663315314786,1.0,0.35714285714285715
TM4SF1,-1.0010885,-0.10558687,0.31678399644088884,1.0,0.9642857142857143
TSFM,-1.0012589,-0.6881479,0.31670167538646765,1.0,0.15476190476190477
SLC25A4,-1.0026554,-0.3391552,0.3160271721835949,1.0,0.20238095238095238
FBXW2,-1.0028597,-0.60200995,0.3159285435614815,1.0,0.16666666666666666
RNMT,-1.0036432,-0.33627367,0.3155506544176758,1.0,0.2857142857142857
ZNHIT3,-1.0038134,-0.4112942,0.3154685439046584,1.0,0.27380952380952384
RAP1GDS1,-1.0040519,-0.22471488,0.315353612766879,1.0,0.2619047619047619
DHRS4L2,-1.0042903,-0.27944922,0.31523870913957175,1.0,0.14285714285714285
MIF4GD,-1.0043243,-0.7504439,0.3152222965814204,1.0,0.10714285714285714
CLMN,-1.004665,-0.28756946,0.31505820187891076,1.0,0.27380952380952384
CAAP1,-1.0050737,-0.3742774,0.3148613623453307,1.0,0.16666666666666666
ATP10D,-1.005823,-0.95575017,0.31450069984278317,1.0,0.09523809523809523
TSHZ1,-1.0060955,-0.8914638,0.31436961721338663,1.0,0.10714285714285714
PITHD1,-1.0061977,-0.44105014,0.31432047049090817,1.0,0.17857142857142858
GPT2,-1.0062659,-1.7099547,0.3142877088163858,1.0,0.03571428571428571
PRKCA,-1.0064021,-0.401858,0.31422219220444403,1.0,0.27380952380952384
ARIH1,-1.0071174,-0.2938236,0.3138783773652961,1.0,0.2619047619047619
SASH1,-1.0081732,-0.2048134,0.31337129367713,1.0,0.47619047619047616
MRFAP1,-1.0084457,-0.13104098,0.3132405209508283,1.0,0.7261904761904762
ATP5ME,-1.008582,-0.06679329,0.3131751480614672,1.0,1.0
WDR33,-1.0086501,-0.45153657,0.313142464985225,1.0,0.20238095238095238
CAMKK2,-1.0086842,-0.5757848,0.3131261242892124,1.0,0.14285714285714285
SUSD5,-1.0090247,-0.4533757,0.31296274820631753,1.0,0.20238095238095238
TOP1,-1.01083,-0.15939279,0.3120977922186795,1.0,0.7738095238095238
SERPINB9,-1.011341,-0.27718326,0.3118532796615139,1.0,0.30952380952380953
CDK5,-1.011409,-0.62189794,0.31182068753063974,1.0,0.10714285714285714
QSOX2,-1.0144745,-1.2713126,0.3103563656760172,1.0,0.047619047619047616
MANF,-1.0145086,-0.25156868,0.3103401209744223,1.0,0.44047619047619047
RPS6KB2,-1.0149174,-0.796651,0.3101452283388506,1.0,0.10714285714285714
ANKRD36C,-1.0167226,-1.398978,0.30928541939704357,1.0,0.03571428571428571
TBC1D1,-1.0171313,-0.46260324,0.30909096458126073,1.0,0.21428571428571427
RPA1,-1.0178125,-0.5439698,0.30876705283180905,1.0,0.15476190476190477
AKR7A2,-1.0184938,-0.13146558,0.3084433655904808,1.0,0.38095238095238093
ZEB1,-1.0187322,-0.22570622,0.3083301280950478,1.0,0.5119047619047619
RANBP3,-1.0189025,-0.93664795,0.3082492610073022,1.0,0.08333333333333333
CTBP2,-1.0189365,-0.27623615,0.30823308927350035,1.0,0.3333333333333333
ARF3,-1.0191069,-0.1581689,0.3081522390231868,1.0,0.47619047619047616
ABI3,-1.0196519,-0.5811395,0.3078936125106885,1.0,0.16666666666666666
POLR2J,-1.0203671,-0.17229514,0.307554383251182,1.0,0.6190476190476191
ARHGEF15,-1.0216614,-0.86751074,0.3069411689474675,1.0,0.08333333333333333
MCM3AP-AS1,-1.0233645,-1.9570347,0.30613554262284426,1.0,0.023809523809523808
SP3,-1.0240798,-0.53816193,0.305797597905086,1.0,0.15476190476190477
TSPYL2,-1.0244884,-0.7765464,0.30560459774098625,1.0,0.09523809523809523
TMA7,-1.0251697,-0.112945355,0.3052831103563486,1.0,0.9880952380952381
MACF1,-1.025374,-0.14660017,0.30518670790669267,1.0,0.8095238095238095
PPP4R3A,-1.025885,-0.40762737,0.30494579015362333,1.0,0.2261904761904762
MALAT1,-1.0264981,-0.049064096,0.3046568554887792,1.0,1.0
FOXK2,-1.0265663,-0.8232174,0.3046247628583706,1.0,0.13095238095238096
MFAP2,-1.0267365,-0.23218885,0.3045445411007902,1.0,0.6190476190476191
CDCP1,-1.026941,-0.23069529,0.3044482935063235,1.0,0.42857142857142855
PSMD14,-1.027554,-0.23091583,0.30415967190746673,1.0,0.5595238095238095
CASC8,-1.0277584,-2.8933856,0.3040635051019558,1.0,0.011904761904761904
FSCN1,-1.0278946,-0.22152735,0.30399940511867374,1.0,0.5476190476190477
RDH14,-1.0282011,-0.6195294,0.30385521297554585,1.0,0.14285714285714285
HDAC2,-1.028712,-0.22043045,0.3036149937175463,1.0,0.5119047619047619
AGAP2-AS1,-1.0298021,-1.0362805,0.30310294782627534,1.0,0.05952380952380952
SMG6,-1.0312667,-0.39789733,0.30241579069103486,1.0,0.27380952380952384
TMEM39B,-1.0316753,-1.0270739,0.30222421101151975,1.0,0.05952380952380952
MT-ND3,-1.0317776,-0.06393248,0.3021763287117504,1.0,1.0
AIDA,-1.032016,-0.1990125,0.3020646229765973,1.0,0.32142857142857145
CDC26,-1.0337532,-0.28145057,0.3012515964185868,1.0,0.3333333333333333
DIPK2B,-1.0340596,-2.0231073,0.30110827256846706,1.0,0.03571428571428571
KLHL24,-1.0340937,-0.6834508,0.30109235050026684,1.0,0.14285714285714285
SEC31A,-1.0349452,-0.14608185,0.3006944810526959,1.0,0.7142857142857143
KLF2,-1.036512,-0.28941023,0.29996331699128165,1.0,0.40476190476190477
VDAC1,-1.0384876,-0.07115932,0.29904310555785485,1.0,0.9523809523809523
ERC1,-1.0398841,-0.36108422,0.29839374907666616,1.0,0.2619047619047619
GPS2,-1.0413147,-0.3259393,0.29772953169879024,1.0,0.3333333333333333
FSTL1,-1.0413487,-0.081850894,0.29771372905057536,1.0,0.9523809523809523
GTF2H5,-1.0416553,-0.17544082,0.2975715304390043,1.0,0.7261904761904762
CARS2,-1.0425749,-0.35726735,0.2971452069964762,1.0,0.16666666666666666
FAF1,-1.0426772,-0.447778,0.2970978629456621,1.0,0.16666666666666666
MT-ND6,-1.0432903,-0.16826278,0.29681390456239376,1.0,0.7380952380952381
BCS1L,-1.0434264,-0.8407599,0.2967508273578563,1.0,0.10714285714285714
ARHGAP10,-1.0434264,-0.63967067,0.2967508273578563,1.0,0.10714285714285714
TMEM237,-1.0434946,-0.76943207,0.2967192921180205,1.0,0.13095238095238096
GNPNAT1,-1.0445504,-0.34412152,0.29623078253768087,1.0,0.2857142857142857
ARL6IP4,-1.0450613,-0.15018092,0.2959946002581384,1.0,0.8452380952380952
TPPP3,-1.0456405,-0.2740936,0.2957270794160979,1.0,0.4523809523809524
USP40,-1.0463898,-0.8562742,0.29538111633932673,1.0,0.08333333333333333
MAGT1,-1.046526,-0.25750175,0.29531824309571164,1.0,0.34523809523809523
EML2,-1.046526,-0.7926461,0.29531824309571164,1.0,0.08333333333333333
CCNDBP1,-1.0467304,-0.4133785,0.2952239500378011,1.0,0.23809523809523808
LYRM7,-1.0472072,-0.5776375,0.29500401133578047,1.0,0.14285714285714285
SHE,-1.0472413,-0.5309197,0.29498830563017486,1.0,0.20238095238095238
GNL1,-1.0485356,-0.4252433,0.2943919039201336,1.0,0.20238095238095238
PPP6R3,-1.0485697,-0.7216799,0.2943762200615886,1.0,0.13095238095238096
RAB4B,-1.0486038,-0.58161944,0.29436053676318874,1.0,0.13095238095238096
NEAT1,-1.0490465,-0.08997946,0.29415670485637513,1.0,1.0
GSR,-1.0495234,-0.69374466,0.29393729943461766,1.0,0.17857142857142858
FHL3,-1.0512946,-0.830225,0.2931233260917412,1.0,0.08333333333333333
PTK2,-1.0513626,-0.20678663,0.2930920496662157,1.0,0.5714285714285714
TRMT6,-1.0522482,-0.70166177,0.29268565996608653,1.0,0.11904761904761904
NFE2L2,-1.0542579,-0.23044686,0.2917648719556538,1.0,0.4880952380952381
CLCC1,-1.05436,-0.74946773,0.2917181042935625,1.0,0.11904761904761904
TAOK3,-1.0560971,-0.23465537,0.29092382486473645,1.0,0.5119047619047619
GBP3,-1.0562675,-0.70203865,0.2908460326970329,1.0,0.13095238095238096
TMEM184B,-1.0564038,-0.5869505,0.29078380903756484,1.0,0.08333333333333333
PLEKHG1,-1.0564038,-1.3910245,0.29078380903756484,1.0,0.03571428571428571
USP9X,-1.0566422,-0.30670473,0.2906749391817187,1.0,0.39285714285714285
ILF3-DT,-1.0579364,-0.9064627,0.29008440990186424,1.0,0.07142857142857142
NOL7,-1.0579705,-0.17868307,0.29006888057038627,1.0,0.6547619047619048
NCR3LG1,-1.0585495,-2.0624413,0.28980496755209517,1.0,0.023809523809523808
C9orf78,-1.061002,-0.27510118,0.28868901100565736,1.0,0.4523809523809524
STX5,-1.0612404,-1.151056,0.2885806699184946,1.0,0.07142857142857142
SACS,-1.0618194,-0.34731293,0.2883176699630057,1.0,0.34523809523809523
TOMM20,-1.0620238,-0.09295712,0.2882248850448902,1.0,0.9047619047619048
RPL5,-1.0645443,-0.038167346,0.28708219319531103,1.0,1.0
DCPS,-1.0647827,-0.67956865,0.2869742592601826,1.0,0.15476190476190477
RESF1,-1.0667924,-0.2933219,0.2860656189511832,1.0,0.32142857142857145
COPG1,-1.0697557,-0.420059,0.28472930957889786,1.0,0.21428571428571427
SMURF2,-1.0699941,-0.16160996,0.2846219742956564,1.0,0.7380952380952381
SAMD8,-1.0709478,-0.4489249,0.2841929069482829,1.0,0.23809523809523808
COP1,-1.0728211,-0.83817,0.2833513712467496,1.0,0.10714285714285714
SCRN3,-1.0728211,-1.2761303,0.2833513712467496,1.0,0.03571428571428571
MROH1,-1.0728892,-0.88114774,0.28332080178832253,1.0,0.10714285714285714
ALDH7A1,-1.0733321,-0.3828686,0.28312215476531755,1.0,0.2261904761904762
HSD17B12,-1.0733662,-0.16570924,0.2831068781347028,1.0,0.8095238095238095
RPS16,-1.0735705,-0.045163758,0.2830152300794878,1.0,1.0
CHMP4B,-1.0736727,-0.31315494,0.2829694135914911,1.0,0.40476190476190477
SLC25A29,-1.0753757,-1.0112314,0.2822065453862269,1.0,0.07142857142857142
F2R,-1.075546,-0.196278,0.2821303353434069,1.0,0.7380952380952381
HSP90B1,-1.076057,-0.07714675,0.2819017889627876,1.0,1.0
PSMF1,-1.0768404,-0.29171148,0.28155159514709394,1.0,0.44047619047619047
ESM1,-1.0771128,-0.21419607,0.28142985782377294,1.0,0.35714285714285715
ST13,-1.0779984,-0.13081042,0.28103445823959616,1.0,0.9166666666666666
SCFD1,-1.0779984,-0.41013426,0.28103445823959616,1.0,0.23809523809523808
ZCCHC10,-1.078339,-0.5241927,0.28088248194177456,1.0,0.20238095238095238
PGS1,-1.079463,-1.8940988,0.2803813561130071,1.0,0.023809523809523808
POLR2E,-1.0797355,-0.2786466,0.2802599625798148,1.0,0.40476190476190477
SMIM15,-1.0806892,-0.34488505,0.2798353664248028,1.0,0.2976190476190476
HOPX,-1.0813024,-0.32032454,0.27956264272670917,1.0,0.19047619047619047
NDUFB10,-1.0822902,-0.093892194,0.27912363470874013,1.0,0.8690476190476191
TCAF1,-1.0822902,-0.31220776,0.27912363470874013,1.0,0.36904761904761907
ZBTB44,-1.0825626,-0.7043833,0.2790026115995936,1.0,0.10714285714285714
GID8,-1.0827329,-0.36847782,0.278926990282759,1.0,0.32142857142857145
HNRNPD,-1.0837888,-0.18666185,0.27845844930965,1.0,0.7261904761904762
ZNF770,-1.0844359,-0.44769692,0.2781715439122451,1.0,0.17857142857142858
ARHGDIG,-1.0846063,-1.0252771,0.2780960759465818,1.0,0.05952380952380952
C16orf91,-1.084981,-0.7311047,0.27793009548586045,1.0,0.13095238095238096
ZMAT2,-1.0856621,-0.25736272,0.277628485656642,1.0,0.38095238095238093
RNF13,-1.0859687,-0.6638217,0.2774928339825182,1.0,0.16666666666666666
TMF1,-1.0864115,-0.25037968,0.2772969723865103,1.0,0.34523809523809523
CCDC88A,-1.0866159,-0.30391914,0.2772066064980827,1.0,0.42857142857142855
APRT,-1.0878421,-0.19557533,0.276664832511056,1.0,0.8928571428571429
CLIP1,-1.0893408,-0.30920416,0.27600364504933905,1.0,0.4642857142857143
NAA16,-1.0897495,-1.6310158,0.2758235083960473,1.0,0.05952380952380952
PLPP3,-1.0914866,-0.7167658,0.2750588224822672,1.0,0.10714285714285714
PLSCR4,-1.0916569,-0.27655393,0.27498393124826115,1.0,0.39285714285714285
GEMIN8,-1.0918612,-0.8454993,0.2748940801445965,1.0,0.09523809523809523
GOLGA3,-1.0928831,-0.5341445,0.27444512531849063,1.0,0.21428571428571427
MSRB2,-1.0937005,-0.2837357,0.27408632224470897,1.0,0.36904761904761907
ERRFI1,-1.0938709,-0.85494417,0.2740116119653597,1.0,0.07142857142857142
DSN1,-1.0942796,-1.3964176,0.2738323640739636,1.0,0.03571428571428571
NUCKS1,-1.0944499,-0.13646127,0.27375770110941866,1.0,0.9642857142857143
SLC25A24,-1.0968342,-0.28871933,0.27271388050349776,1.0,0.2857142857142857
VAMP7,-1.0980604,-0.9120103,0.2721781200961062,1.0,0.09523809523809523
DTD1,-1.0986394,-0.18314159,0.2719253727209777,1.0,0.7380952380952381
TMBIM1,-1.0988097,-0.87404424,0.27185106584821683,1.0,0.14285714285714285
MMP2,-1.0994569,-0.45254022,0.27156882653216907,1.0,0.20238095238095238
KIAA1143,-1.1002063,-0.5506874,0.2712422739089301,1.0,0.20238095238095238
GGPS1,-1.1003425,-0.6069331,0.2711829296184288,1.0,0.15476190476190477
PLOD2,-1.1034421,-0.20479432,0.2698352498483759,1.0,0.6428571428571429
GNAI3,-1.1036123,-0.23575537,0.26976133489376264,1.0,0.5
NDRG4,-1.1043617,-1.3454002,0.2694362741132601,1.0,0.047619047619047616
MYOF,-1.1053494,-0.1881622,0.26900819573335544,1.0,0.6309523809523809
NIBAN1,-1.1053835,-0.7297336,0.2689934427422104,1.0,0.14285714285714285
EEF1E1,-1.1073931,-0.35774845,0.26812399927622055,1.0,0.40476190476190477
LMBR1L,-1.1082106,-0.91001254,0.2677708804030955,1.0,0.11904761904761904
MYO1D,-1.1082106,-2.1738608,0.2677708804030955,1.0,0.023809523809523808
LSM1,-1.1093005,-0.30675152,0.2673005526245874,1.0,0.4166666666666667
TRAM1,-1.1093005,-0.16316557,0.2673005526245874,1.0,0.75
UBE2E1,-1.1098114,-0.26138636,0.2670802821248768,1.0,0.2619047619047619
EMG1,-1.1107311,-0.48093984,0.2666841098697692,1.0,0.20238095238095238
ACLY,-1.1109695,-0.15325885,0.266581464573149,1.0,0.8095238095238095
POLG2,-1.1113101,-2.1497452,0.2664348755935766,1.0,0.011904761904761904
KCNK6,-1.1113783,-1.3206774,0.2664055644550234,1.0,0.047619047619047616
ZC3H3,-1.1117189,-2.8203595,0.2662590420473052,1.0,0.011904761904761904
TSN,-1.111753,-0.5770747,0.2662443928575673,1.0,0.19047619047619047
U2AF2,-1.1118891,-0.6487153,0.2661858016457498,1.0,0.13095238095238096
THAP4,-1.1122298,-0.5773636,0.2660393624447389,1.0,0.13095238095238096
STARD10,-1.1123661,-0.79356104,0.26598080229507226,1.0,0.13095238095238096
NOTCH1,-1.1127408,-0.63950413,0.2658198076409275,1.0,0.14285714285714285
TMEM64,-1.1127408,-0.6650991,0.2658198076409275,1.0,0.13095238095238096
CPT1A,-1.112911,-0.41934836,0.26574665043702816,1.0,0.17857142857142858
ATAD2B,-1.1136603,-1.76466,0.26542492344342206,1.0,0.047619047619047616
DDX21,-1.1140009,-0.12026805,0.26527877262204147,1.0,0.8214285714285714
DCK,-1.11458,-1.9055309,0.2650304434698315,1.0,0.03571428571428571
PXDN,-1.115091,-0.23662476,0.2648114625639989,1.0,0.6547619047619048
COL4A1,-1.1154996,-0.22209433,0.2646363676396627,1.0,0.7619047619047619
QTRT1,-1.1160446,-0.56184804,0.2644030318956494,1.0,0.09523809523809523
UBXN8,-1.1169983,-1.106664,0.2639950357224494,1.0,0.09523809523809523
XPR1,-1.119621,-0.8325645,0.26287528586211584,1.0,0.05952380952380952
WNK1,-1.1199957,-0.28565904,0.2627155896618105,1.0,0.44047619047619047
DIAPH1,-1.1213582,-0.28909904,0.26213544095178054,1.0,0.39285714285714285
THRAP3,-1.1216307,-0.23388368,0.2620195174985763,1.0,0.5714285714285714
POLK,-1.1230953,-0.523242,0.26139703580215967,1.0,0.23809523809523808
LETMD1,-1.1234018,-0.47929698,0.2612668784237694,1.0,0.16666666666666666
GNB5,-1.1239127,-0.5224273,0.2610500490485528,1.0,0.23809523809523808
PSMC1,-1.1241171,-0.28856638,0.2609633521517605,1.0,0.5238095238095238
HERC2,-1.1255136,-0.40646774,0.2603714563030569,1.0,0.3333333333333333
HERC1,-1.1255136,-0.60942745,0.2603714563030569,1.0,0.20238095238095238
PEMT,-1.1256498,-0.435707,0.26031376014199703,1.0,0.25
SLC20A1,-1.1258543,-0.18909898,0.2602272324899332,1.0,0.34523809523809523
NUP58,-1.1260927,-0.72632176,0.2601263087221538,1.0,0.15476190476190477
MAN2B2,-1.1261266,-1.1752192,0.2601118932527945,1.0,0.08333333333333333
TMED8,-1.1262289,-0.59879893,0.26006865016224534,1.0,0.20238095238095238
CAVIN3,-1.1282725,-0.27670124,0.25920483319140064,1.0,0.47619047619047616
VPS13D,-1.1285791,-1.0620934,0.2590754322643771,1.0,0.07142857142857142
ARID4B,-1.1291922,-0.29924047,0.2588167646884927,1.0,0.35714285714285715
NPDC1,-1.1293285,-0.24568771,0.2587593073166248,1.0,0.5714285714285714
OARD1,-1.1305206,-0.7579766,0.2582569323602739,1.0,0.15476190476190477
VPS25,-1.1331433,-0.26824415,0.2571540888513375,1.0,0.44047619047619047
RPS6KC1,-1.1336882,-1.526269,0.2569253373057424,1.0,0.05952380952380952
IFI44,-1.1339948,-0.89435947,0.2567967266515202,1.0,0.09523809523809523
REV3L,-1.134097,-0.40713015,0.2567538663670791,1.0,0.2261904761904762
MELTF,-1.1345738,-2.3084803,0.25655391737381594,1.0,0.023809523809523808
EEF2,-1.1354935,-0.11670294,0.256168606856085,1.0,0.9761904761904762
ATP6V1E1,-1.1368219,-0.24900678,0.25561275716738163,1.0,0.5
MYO10,-1.1375712,-0.24295497,0.255299570981934,1.0,0.39285714285714285
CENPX,-1.1401939,-0.23324443,0.25420552048280876,1.0,0.4523809523809524
IFT57,-1.1410795,-0.25227058,0.2538368387055294,1.0,0.5476190476190477
ADNP,-1.141931,-0.33944306,0.2534826881641896,1.0,0.36904761904761907
SLC41A1,-1.1419652,-1.019758,0.25346852930248,1.0,0.08333333333333333
ARHGEF7,-1.1422716,-0.81145245,0.253341124328892,1.0,0.10714285714285714
CIR1,-1.1423057,-0.37451825,0.25332697097415724,1.0,0.32142857142857145
ERCC1,-1.145235,-0.26932195,0.2521118419904217,1.0,0.4642857142857143
DVL3,-1.1471083,-0.7353548,0.2513368583576123,1.0,0.11904761904761904
COG2,-1.1481302,-0.7918449,0.2509148412576434,1.0,0.09523809523809523
UPK3BL1,-1.1493564,-0.7755918,0.2504090738855367,1.0,0.11904761904761904
CACNB3,-1.1501738,-25.567379,0.250072291372163,1.0,0.0
PAPPA2,-1.1509231,-0.51865333,0.2497638521093467,1.0,0.17857142857142858
RABEPK,-1.151366,-0.79096586,0.2495817175300088,1.0,0.10714285714285714
NCLN,-1.151945,-0.7986837,0.24934368161142761,1.0,0.11904761904761904
P4HA2,-1.1531371,-0.24555503,0.2488541074136541,1.0,0.44047619047619047
FKBP10,-1.1531712,-0.30932665,0.2488401294629482,1.0,0.4642857142857143
NIN,-1.1536139,-0.47480983,0.24865846606249642,1.0,0.2261904761904762
UBE2J2,-1.1546358,-0.38210052,0.2482395968830059,1.0,0.20238095238095238
PPIP5K2,-1.1558961,-0.3709882,0.24772367176793142,1.0,0.2261904761904762
MRPL23,-1.1573266,-0.8475771,0.24713893713351398,1.0,0.13095238095238096
HGSNAT,-1.15811,-0.4311564,0.24681913523336152,1.0,0.2619047619047619
RIOX2,-1.158621,-0.69536936,0.2466107250269598,1.0,0.16666666666666666
RNF114,-1.1591319,-0.49605313,0.24640243815410168,1.0,0.23809523809523808
SNX7,-1.1596087,-0.39600295,0.24620814833058058,1.0,0.2857142857142857
CDKN2AIPNL,-1.1605624,-0.57614255,0.2458198908856094,1.0,0.17857142857142858
PSMB1,-1.1607327,-0.19598597,0.24575060439874374,1.0,0.75
ANAPC10,-1.1609031,-0.78163964,0.24568133160700223,1.0,0.13095238095238096
LRRFIP2,-1.161448,-0.24195999,0.24545975069653114,1.0,0.47619047619047616
CLPTM1L,-1.161448,-0.3490036,0.24545975069653114,1.0,0.40476190476190477
DMRTA1,-1.1616184,-0.48983687,0.24539053541668132,1.0,0.17857142857142858
TMCO3,-1.1629467,-0.4723799,0.24485112607102966,1.0,0.3333333333333333
RAB11FIP3,-1.1633214,-0.8163521,0.24469913553398126,1.0,0.13095238095238096
PSMA3-AS1,-1.1641388,-0.55013216,0.24436774970508013,1.0,0.19047619047619047
CFAP298,-1.1658759,-0.27649352,0.2436646013197301,1.0,0.4523809523809524
GPATCH2L,-1.1659441,-0.43849266,0.24363705586655582,1.0,0.2619047619047619
POLB,-1.1677153,-0.7199793,0.24292164185104426,1.0,0.11904761904761904
RHOQ,-1.1688733,-0.33018076,0.24245467038468982,1.0,0.2857142857142857
TUFM,-1.1694183,-0.115238525,0.2422351376967008,1.0,0.8214285714285714
NUP88,-1.1704061,-1.0490755,0.24183759117480996,1.0,0.07142857142857142
OPA1,-1.1715301,-0.41350654,0.24138576938120027,1.0,0.20238095238095238
KLC1,-1.1715641,-0.36702326,0.24137208709447477,1.0,0.3333333333333333
AP3S1,-1.1715982,-0.23588918,0.24135840535372588,1.0,0.47619047619047616
SMIM14,-1.17262,-0.39199346,0.24094820698112718,1.0,0.3333333333333333
PCSK5,-1.1767755,-0.08511186,0.23928512582531247,1.0,0.9166666666666666
SND1,-1.1768095,-0.33853397,0.23927152754873204,1.0,0.32142857142857145
PLK3,-1.1776611,-0.86726004,0.23893174776095083,1.0,0.09523809523809523
PRKAA1,-1.1784104,-0.6563237,0.23863302326507774,1.0,0.17857142857142858
IDH3G,-1.1786829,-0.38627824,0.23852446155118578,1.0,0.32142857142857145
SDCCAG8,-1.1788533,-0.24288353,0.23845662818355207,1.0,0.47619047619047616
AL133453.1,-1.1788872,-3.2374587,0.23844306314411323,1.0,0.011904761904761904
FTSJ3,-1.1790917,-0.5690031,0.23836168434558047,1.0,0.16666666666666666
RABEP1,-1.179841,-0.39846802,0.23806346315814364,1.0,0.3333333333333333
FBXO21,-1.18042,-0.512833,0.23783320002160424,1.0,0.20238095238095238
CFL2,-1.1815782,-0.23407309,0.23737314571689705,1.0,0.5833333333333334
COPS7B,-1.1819187,-1.1934901,0.23723795536085812,1.0,0.07142857142857142
NOSTRIN,-1.1838943,-1.6506536,0.23645492412671376,1.0,0.03571428571428571
SDF2L1,-1.1847458,-0.2422761,0.23611797489555086,1.0,0.4642857142857143
GRAMD1A,-1.1867213,-0.63565683,0.2353375609848981,1.0,0.16666666666666666
DEGS1,-1.1880157,-0.34514564,0.23482724627348683,1.0,0.36904761904761907
BCAS2,-1.1884584,-0.46857464,0.2346528449474775,1.0,0.20238095238095238
SYAP1,-1.1886628,-0.24653941,0.23457238297496397,1.0,0.6547619047619048
ATG3,-1.1889353,-0.3111771,0.23446513074596087,1.0,0.38095238095238093
SNRNP27,-1.1891396,-0.4268773,0.2343847143731701,1.0,0.2976190476190476
ABCF1,-1.1902636,-0.19855708,0.2339427735705486,1.0,0.4523809523809524
EMC8,-1.190434,-0.41926625,0.23387586439338037,1.0,0.27380952380952384
SZRD1,-1.1912514,-0.4552038,0.23355488913406242,1.0,0.27380952380952384
DNAJB9,-1.1913196,-1.2105587,0.23352815529912474,1.0,0.08333333333333333
AP1G1,-1.1925117,-0.6052834,0.2330606643294756,1.0,0.20238095238095238
DOCK6,-1.1930567,-0.39877006,0.23284717538489275,1.0,0.2261904761904762
DECR1,-1.193806,-0.34263337,0.23255385465442124,1.0,0.39285714285714285
MAPK14,-1.19384,-0.48578978,0.232540528126304,1.0,0.20238095238095238
GNPTAB,-1.1939423,-0.4493707,0.23250055179327578,1.0,0.17857142857142858
RAB6A,-1.1948279,-0.408954,0.23215429450705927,1.0,0.30952380952380953
DNAJC24,-1.1950322,-0.86861306,0.23207444098694974,1.0,0.10714285714285714
TMEM51,-1.1950663,-0.64086527,0.2320611339627835,1.0,0.13095238095238096
NMRK1,-1.1958157,-0.8669259,0.23176851645795848,1.0,0.10714285714285714
GLG1,-1.1962243,-0.22046776,0.23160901738214745,1.0,0.6666666666666666
SRPX,-1.1962243,-0.23378253,0.23160901738214745,1.0,0.6666666666666666
UBA6,-1.1974165,-0.48828113,0.23114425702778407,1.0,0.30952380952380953
MORC2,-1.197655,-1.859485,0.23105138452185814,1.0,0.023809523809523808
AKIRIN1,-1.1977571,-0.33071107,0.23101159013668893,1.0,0.38095238095238093
KHDC4,-1.1983361,-0.98661244,0.23078618060736122,1.0,0.09523809523809523
ERP29,-1.1983361,-0.17469157,0.23078618060736122,1.0,0.75
BRD3,-1.2001414,-0.51656955,0.23008443668487855,1.0,0.21428571428571427
RNF146,-1.2002436,-0.87288964,0.23004476075553038,1.0,0.09523809523809523
PMAIP1,-1.2007204,-0.45660093,0.22985967075156855,1.0,0.19047619047619047
DPYSL3,-1.2012314,-0.20340294,0.22966147760075173,1.0,0.7380952380952381
CTNNB1,-1.202185,-0.32387778,0.22929184238077338,1.0,0.44047619047619047
SOD2,-1.2028663,-0.932865,0.2290280765529834,1.0,0.08333333333333333
C1orf35,-1.2030025,-0.589241,0.22897534931468577,1.0,0.19047619047619047
APOOL,-1.2038541,-0.832784,0.22864599983966782,1.0,0.10714285714285714
SH3YL1,-1.2053187,-0.8978636,0.22808030803977042,1.0,0.10714285714285714
AP002387.2,-1.2061361,-0.45047072,0.227765006971402,1.0,0.21428571428571427
SH3GLB1,-1.2067151,-0.1941706,0.22754185672005567,1.0,0.7142857142857143
TOX4,-1.2074645,-0.4475105,0.22725330541213618,1.0,0.23809523809523808
SLC39A13,-1.2085545,-0.63279665,0.22683406025304553,1.0,0.19047619047619047
GALNT11,-1.2093719,-0.44268164,0.22651998857727218,1.0,0.2976190476190476
CLCN3,-1.2105981,-0.18317972,0.22604946292824435,1.0,0.7738095238095238
EIF4B,-1.2134252,-0.17308985,0.22496729892808198,1.0,0.75
MRPL51,-1.2157073,-0.21229404,0.2240964482412533,1.0,0.7619047619047619
INKA2,-1.2175466,-0.7851251,0.22339632459706027,1.0,0.14285714285714285
SEC23IP,-1.2178191,-0.4643865,0.22329273579892672,1.0,0.16666666666666666
GAPDH,-1.2187728,-0.088404365,0.22293044563988063,1.0,0.9880952380952381
HOXB8,-1.2199309,-0.9190355,0.22249108766600667,1.0,0.09523809523809523
CYTH2,-1.219999,-0.7642567,0.22246526239862663,1.0,0.14285714285714285
CFLAR,-1.2200671,-0.2661791,0.22243943927746745,1.0,0.4880952380952381
CENPV,-1.221123,-0.37538785,0.22203945530376368,1.0,0.38095238095238093
CCDC28B,-1.2217361,-0.35717532,0.2218074430729866,1.0,0.2619047619047619
CDK11A,-1.2227238,-1.2646102,0.22143401097886317,1.0,0.03571428571428571
FAH,-1.2249378,-0.60699296,0.2205986451163412,1.0,0.16666666666666666
TMEM120B,-1.2253807,-1.1257173,0.22043184349980705,1.0,0.047619047619047616
NRCAM,-1.2256191,-0.4894515,0.22034206472292006,1.0,0.27380952380952384
RBMS3,-1.2257553,-0.47717458,0.22029077434223854,1.0,0.30952380952380953
RAB18,-1.2263684,-0.3536457,0.2200600736127194,1.0,0.34523809523809523
MOB3A,-1.2272199,-0.64792204,0.21973994357764504,1.0,0.11904761904761904
METTL2B,-1.2286165,-0.7867424,0.21921565409789012,1.0,0.11904761904761904
CLSTN1,-1.2300811,-0.23290168,0.21866675513388167,1.0,0.4642857142857143
VEZT,-1.2329081,-0.30533114,0.21761004606003276,1.0,0.3333333333333333
ARHGEF2,-1.2330444,-1.0699452,0.21755921322305039,1.0,0.08333333333333333
PNPLA8,-1.2335553,-0.5045644,0.21736866613041905,1.0,0.23809523809523808
PRPF6,-1.2341002,-0.22530858,0.21716554822286838,1.0,0.6190476190476191
SGCE,-1.2342024,-0.91346705,0.217127478819375,1.0,0.09523809523809523
GLYR1,-1.2366549,-0.4988126,0.21621525289902332,1.0,0.21428571428571427
GGNBP2,-1.2371998,-0.4306635,0.21601291126757283,1.0,0.3333333333333333
PPP6C,-1.2422749,-0.47711295,0.21413514929419286,1.0,0.20238095238095238
ZNF83,-1.2433989,-0.96777207,0.2137208663520206,1.0,0.09523809523809523
PPP1R15A,-1.2434671,-0.30270576,0.21369577689365438,1.0,0.36904761904761907
ERI1,-1.2438418,-0.9858057,0.21355782285849034,1.0,0.08333333333333333
C1QBP,-1.2447613,-0.12238698,0.2132194808959339,1.0,0.9047619047619048
XRN1,-1.2455448,-0.402468,0.2129315689949357,1.0,0.23809523809523808
EPC2,-1.2466006,-1.7243092,0.21254395809234872,1.0,0.03571428571428571
MGRN1,-1.2466347,-1.2022429,0.21253146300508008,1.0,0.08333333333333333
TAF7,-1.2468051,-0.3868751,0.21246899552684606,1.0,0.3333333333333333
PTRHD1,-1.2482015,-0.29752207,0.21195726238632606,1.0,0.39285714285714285
EHBP1L1,-1.2487465,-0.8088194,0.2117578034417027,1.0,0.08333333333333333
NCOA1,-1.2496662,-1.8421788,0.2114215241503975,1.0,0.047619047619047616
PXN,-1.2497343,-0.4170633,0.2113966299403789,1.0,0.30952380952380953
TAB2,-1.2497684,-0.7639413,0.2113841836300987,1.0,0.13095238095238096
BTG1,-1.2522888,-0.4107409,0.21046462633934837,1.0,0.34523809523809523
WDR75,-1.2531403,-0.73007745,0.21015462014958597,1.0,0.15476190476190477
YTHDF2,-1.2532426,-0.29316527,0.21011744162738277,1.0,0.35714285714285715
CREBL2,-1.2537194,-0.8489754,0.20994400480171782,1.0,0.10714285714285714
ASAH1,-1.2538216,-0.38720632,0.20990685325438307,1.0,0.40476190476190477
TCN2,-1.25406,-0.3882445,0.2098201848195086,1.0,0.3333333333333333
TOPBP1,-1.2541963,-1.0473729,0.20977067163290586,1.0,0.07142857142857142
USP5,-1.2548774,-0.6445577,0.20952323258849104,1.0,0.10714285714285714
DR1,-1.25515,-0.43289745,0.20942431617556323,1.0,0.2857142857142857
P4HA1,-1.2570574,-0.33723968,0.2087328481481724,1.0,0.4880952380952381
PNPLA3,-1.2576705,-1.5872157,0.20851094232058887,1.0,0.047619047619047616
CARD19,-1.2577046,-0.4586253,0.20849861923457857,1.0,0.2619047619047619
GGCT,-1.2580793,-0.31151593,0.20836310012765702,1.0,0.5
EIF3L,-1.2589648,-0.28768486,0.20804303609163444,1.0,0.4880952380952381
TRIM27,-1.259033,-0.32666367,0.208018430555446,1.0,0.2619047619047619
BRMS1,-1.2599525,-0.87951875,0.2076864623329816,1.0,0.10714285714285714
TBC1D22A,-1.2599866,-1.0915253,0.2076741745974542,1.0,0.09523809523809523
ADH5,-1.2601229,-0.30348444,0.2076250289286109,1.0,0.47619047619047616
TMED4,-1.2610085,-0.346217,0.2073057877047385,1.0,0.34523809523809523
SLC25A23,-1.2616216,-0.4755004,0.20708498328361657,1.0,0.2857142857142857
PRRC2B,-1.262405,-0.33963457,0.20680309274287267,1.0,0.36904761904761907
MICAL3,-1.2625753,-1.1749218,0.20674184906574944,1.0,0.07142857142857142
PPCS,-1.2635971,-0.39955205,0.20637466348142863,1.0,0.32142857142857145
CRELD1,-1.2639037,-0.85219747,0.2062646002071543,1.0,0.14285714285714285
CASP2,-1.2644827,-1.8759948,0.20605681923321073,1.0,0.047619047619047616
CTCF,-1.2647212,-0.45026553,0.20597130656660168,1.0,0.17857142857142858
IREB2,-1.2649937,-0.4646027,0.20587360937433952,1.0,0.19047619047619047
MTPN,-1.2654023,-0.06971006,0.2057271267159192,1.0,0.9642857142857143
UBE2Q1,-1.2661517,-0.5335094,0.20545877188600492,1.0,0.25
SGMS2,-1.266254,-0.3550639,0.20542219776527004,1.0,0.2976190476190476
ST6GALNAC3,-1.2680591,-0.66084975,0.20477683501073352,1.0,0.16666666666666666
RAB1B,-1.2680932,-0.30343735,0.20476467254279374,1.0,0.4166666666666667
TCF3,-1.2703072,-0.65282285,0.20397523853889687,1.0,0.13095238095238096
ATP5PO,-1.2710905,-0.21925244,0.20369643152984418,1.0,0.7619047619047619
TNIP1,-1.2710905,-0.7132356,0.20369643152984418,1.0,0.14285714285714285
BABAM1,-1.2718399,-0.3329819,0.20343000622273966,1.0,0.30952380952380953
MDH1,-1.2718399,-0.33054605,0.20343000622273966,1.0,0.4523809523809524
PPFIA1,-1.2721124,-0.49331066,0.20333318722193616,1.0,0.25
YIPF4,-1.2726915,-0.315964,0.20312755825321216,1.0,0.4523809523809524
STUB1,-1.274122,-0.20519526,0.20262018307576268,1.0,0.6666666666666666
ZCCHC2,-1.2745988,-1.0138768,0.2024512633723773,1.0,0.10714285714285714
PPP4R1,-1.2760295,-0.31768465,0.20194511999396147,1.0,0.19047619047619047
TECR,-1.276915,-0.28852656,0.20163225577494492,1.0,0.4166666666666667
SCPEP1,-1.2771194,-0.55932313,0.20156010655982637,1.0,0.20238095238095238
SEC62,-1.2775962,-0.22159265,0.20139183160988894,1.0,0.6904761904761905
NSRP1,-1.2779027,-0.27080125,0.20128370897706316,1.0,0.40476190476190477
GARS-DT,-1.278039,-0.67348766,0.20123566806706183,1.0,0.16666666666666666
REST,-1.2787544,-0.37763548,0.20098359050513082,1.0,0.34523809523809523
NTN4,-1.2794355,-0.44927087,0.2007437308999419,1.0,0.2857142857142857
CYSTM1,-1.2795377,-0.26607406,0.2007077699841614,1.0,0.5714285714285714
CLU,-1.2825692,-0.24782965,0.19964306709275614,1.0,0.7023809523809523
LEPROT,-1.2827735,-0.27045006,0.1995714380946334,1.0,0.5833333333333334
TTC3,-1.2835569,-0.13737948,0.19929703418566103,1.0,0.8809523809523809
AC092069.1,-1.2838975,-0.8147461,0.1991778141650593,1.0,0.07142857142857142
RAB1A,-1.2841359,-0.23432167,0.19909439116530803,1.0,0.6071428571428571
QARS,-1.2856687,-0.3520262,0.19855871010387693,1.0,0.3333333333333333
MRPS11,-1.2870992,-0.4054733,0.19805969259202594,1.0,0.34523809523809523
RAB11FIP2,-1.2871674,-1.4290358,0.19803595275624752,1.0,0.07142857142857142
MRPL44,-1.2879508,-0.8282241,0.19776309423626204,1.0,0.15476190476190477
XPO5,-1.2881892,-1.0664347,0.19768010496213884,1.0,0.10714285714285714
TBK1,-1.2887001,-0.8828796,0.1975023566174261,1.0,0.10714285714285714
CORO1B,-1.2898241,-0.3675006,0.1971117220350077,1.0,0.38095238095238093
SAR1B,-1.2904713,-0.42026743,0.1968870679545358,1.0,0.2976190476190476
SLFN11,-1.2917997,-0.67602605,0.1964265233806738,1.0,0.20238095238095238
EMC2,-1.2921743,-0.49373975,0.1962967689812417,1.0,0.2976190476190476
ZNF638,-1.2926512,-0.39669162,0.19613171784928918,1.0,0.35714285714285715
ZNF22,-1.2932984,-0.3982864,0.19590788255951164,1.0,0.39285714285714285
SHROOM4,-1.2937752,-1.6190602,0.1957430711259317,1.0,0.047619047619047616
EIF4A3,-1.2939115,-0.4435152,0.19569600081603378,1.0,0.2261904761904762
ETS1,-1.2972153,-0.6093337,0.19455708463957688,1.0,0.16666666666666666
BCL3,-1.2973176,-0.5969225,0.1945219381232226,1.0,0.10714285714285714
PVT1,-1.2973176,-0.31089184,0.1945219381232226,1.0,0.5357142857142857
MCM3,-1.2978284,-1.2267147,0.19434627541926064,1.0,0.08333333333333333
PARP12,-1.2978284,-2.1210287,0.19434627541926064,1.0,0.03571428571428571
BTBD7,-1.2986801,-0.42730784,0.19405376298609356,1.0,0.2619047619047619
LHFPL6,-1.2996337,-1.6740358,0.1937265328747214,1.0,0.047619047619047616
SYNE1,-1.301405,-0.4329856,0.1931198950514682,1.0,0.35714285714285715
HOXB6,-1.302529,-0.96300054,0.1927356378736539,1.0,0.09523809523809523
CDH5,-1.3066503,-0.22367378,0.19133150194268944,1.0,0.6904761904761905
ANXA3,-1.3072634,-0.64344746,0.191123266986311,1.0,0.2261904761904762
TM4SF18,-1.3073316,-3.1839643,0.19110014006807918,1.0,0.011904761904761904
RALY,-1.3081149,-0.27752125,0.1908343285193993,1.0,0.42857142857142855
RABL6,-1.3093071,-0.29363027,0.19043035503417238,1.0,0.5119047619047619
MLXIP,-1.3094093,-0.29976442,0.19039575805830722,1.0,0.5
TOP2B,-1.3097157,-0.37115744,0.1902919949021883,1.0,0.32142857142857145
LLPH,-1.3099543,-0.42365426,0.1902113190218655,1.0,0.3333333333333333
RPL7L1,-1.3100904,-0.22931288,0.19016522983039352,1.0,0.4880952380952381
TCEAL4,-1.3110442,-0.20134345,0.18984283577900307,1.0,0.7619047619047619
SNX4,-1.3113848,-0.689943,0.18972779268803575,1.0,0.17857142857142858
FAM193A,-1.3118275,-1.9039351,0.18957831347396548,1.0,0.047619047619047616
TRIM5,-1.3121,-0.48188677,0.18948636941115893,1.0,0.25
FAM104A,-1.3134966,-0.62590325,0.1890156718420024,1.0,0.16666666666666666
ATP5IF1,-1.3141438,-0.15743972,0.18879783623775448,1.0,0.8333333333333334
CTSA,-1.3151655,-0.28219837,0.18845426229023998,1.0,0.5833333333333334
BOLA2,-1.3159149,-0.7494965,0.18820260132935895,1.0,0.14285714285714285
ELP6,-1.3168346,-0.5465384,0.1878940836810511,1.0,0.19047619047619047
POLL,-1.3201385,-1.8274736,0.1867887844882461,1.0,0.047619047619047616
NOL12,-1.3202747,-1.0727217,0.18674330847519782,1.0,0.09523809523809523
SPR,-1.3229655,-0.706051,0.18584683243981925,1.0,0.13095238095238096
PIAS3,-1.3231359,-0.8327161,0.1857902006938429,1.0,0.13095238095238096
CELF1,-1.3247708,-0.31896245,0.18524718497070614,1.0,0.42857142857142855
STX7,-1.3256564,-0.72169465,0.18495354206427805,1.0,0.21428571428571427
EHD4,-1.3267463,-0.23147453,0.1845926083560414,1.0,0.6190476190476191
RNPEPL1,-1.3274957,-0.6670916,0.18434476900045926,1.0,0.15476190476190477
ATP6V1A,-1.3279384,-0.43607014,0.1841984343044707,1.0,0.32142857142857145
EIF4E,-1.3291646,-0.30646414,0.18379364862668957,1.0,0.5
MRPS12,-1.3293009,-0.314352,0.18374871313954144,1.0,0.47619047619047616
AMFR,-1.3317873,-0.84908956,0.1829300692566347,1.0,0.13095238095238096
ALG2,-1.3323324,-0.68980134,0.1827510021944182,1.0,0.14285714285714285
SSBP4,-1.3330476,-0.31732863,0.1825161739109189,1.0,0.30952380952380953
ATOX1,-1.3333882,-0.16011123,0.1824044295855205,1.0,0.9404761904761905
KIAA0232,-1.3340354,-0.43070984,0.18219225514477833,1.0,0.14285714285714285
PERP,-1.3344442,-0.23417448,0.1820583445780357,1.0,0.6190476190476191
CD59,-1.3350914,-0.10182244,0.18184646884118172,1.0,1.0
C18orf21,-1.3373393,-1.2934037,0.1811119008056168,1.0,0.07142857142857142
TRIM25,-1.3380886,-0.70768565,0.18086753495424612,1.0,0.17857142857142858
NRAS,-1.3382249,-0.66231036,0.1808231311141808,1.0,0.23809523809523808
MTRNR2L10,-1.338327,-0.70813334,0.18078983354664957,1.0,0.15476190476190477
SMIM19,-1.3385655,-0.3031053,0.18071215692913933,1.0,0.4523809523809524
USP8,-1.3403708,-0.32880032,0.18012483801890278,1.0,0.36904761904761907
GRK6,-1.340507,-1.0801913,0.18008056968751684,1.0,0.08333333333333333
ISG15,-1.3409839,-0.44703346,0.1799256941869788,1.0,0.30952380952380953
TRA2A,-1.3411201,-0.6563028,0.1798814622296404,1.0,0.21428571428571427
SAE1,-1.3413244,-0.8243334,0.17981512944590228,1.0,0.16666666666666666
H2AFZ,-1.341631,-0.21845189,0.17971566435851993,1.0,0.8690476190476191
CCNQ,-1.3422781,-1.0832844,0.17950581680932365,1.0,0.08333333333333333
FRA10AC1,-1.3437768,-0.4755626,0.17902055350608836,1.0,0.32142857142857145
C6orf89,-1.3449349,-0.6552636,0.17864624603959633,1.0,0.17857142857142858
RPN1,-1.3486476,-0.26853865,0.17745018570668225,1.0,0.5476190476190477
MAP2K2,-1.3491926,-0.26905236,0.17727512034059856,1.0,0.6428571428571429
SLC35B3,-1.3513044,-2.2127783,0.1765979570319527,1.0,0.03571428571428571
U2SURP,-1.3517131,-0.33745885,0.17646711612580668,1.0,0.42857142857142855
TDG,-1.3518493,-0.43941438,0.17642351855092597,1.0,0.25
C14orf119,-1.3520197,-0.45172262,0.1763690328732176,1.0,0.27380952380952384
MCMBP,-1.3521899,-0.4291364,0.17631455973972432,1.0,0.17857142857142858
KIDINS220,-1.3530755,-0.5089854,0.17603150160766923,1.0,0.19047619047619047
NGRN,-1.3534502,-0.33006412,0.1759118482985923,1.0,0.44047619047619047
RCN1,-1.3535184,-0.040392242,0.17589009966916613,1.0,0.9523809523809523
SETD7,-1.3546083,-0.6676719,0.1755423942524682,1.0,0.15476190476190477
COL6A2,-1.3553917,-0.44163254,0.17529279786844065,1.0,0.32142857142857145
NIFK,-1.3571628,-0.34450915,0.17472946922323085,1.0,0.42857142857142855
ESRRA,-1.3608074,-1.1508989,0.1735745653363161,1.0,0.05952380952380952
CEP290,-1.362783,-0.4016952,0.17295093143223117,1.0,0.2976190476190476
SLC2A4RG,-1.3638388,-0.38084126,0.17261829757606906,1.0,0.39285714285714285
PPP2CB,-1.363941,-0.25819474,0.17258613261089129,1.0,0.6071428571428571
THBS1,-1.3641454,-0.31441548,0.17252181612797912,1.0,0.5
AP2M1,-1.3646903,-0.17308836,0.1723503931485877,1.0,0.8095238095238095
SLC25A37,-1.3659166,-0.2531258,0.17196515734559492,1.0,0.5833333333333334
PSMD2,-1.3670065,-0.22267203,0.17162326675355966,1.0,0.6428571428571429
EIF2AK1,-1.3676536,-0.38294983,0.17142051008129677,1.0,0.42857142857142855
PRDX6,-1.369527,-0.19396672,0.1708345937878354,1.0,0.8809523809523809
RHBDD2,-1.3700038,-0.96521825,0.17068569124297384,1.0,0.09523809523809523
MEAF6,-1.3700379,-0.3620598,0.17067505906838165,1.0,0.40476190476190477
SUCO,-1.3703445,-0.78457433,0.1705793918219738,1.0,0.13095238095238096
MAPK6,-1.3726947,-0.5233124,0.16984727719564485,1.0,0.2261904761904762
TASOR2,-1.3746703,-0.51018995,0.16923370080348255,1.0,0.20238095238095238
FYTTD1,-1.3751471,-0.3656393,0.16908584554682438,1.0,0.42857142857142855
NCEH1,-1.3754196,-0.41082022,0.16900140034738997,1.0,0.25
ARSJ,-1.3770205,-0.40857795,0.16850592365630335,1.0,0.36904761904761907
IFNAR2,-1.379507,-0.7236652,0.16773851637326687,1.0,0.15476190476190477
GPBP1,-1.3796432,-0.36448485,0.16769654263638678,1.0,0.39285714285714285
SPOP,-1.3805969,-0.41472584,0.16740294733067485,1.0,0.2976190476190476
FTSJ1,-1.3816527,-1.8085732,0.16707834599854032,1.0,0.03571428571428571
DHX37,-1.3818572,-1.7957559,0.16701557460222416,1.0,0.047619047619047616
DRAP1,-1.3820615,-0.13032922,0.16695282093036712,1.0,0.8809523809523809
TRIP10,-1.382913,-0.7811269,0.16669153802896441,1.0,0.17857142857142858
NR2C2,-1.3830833,-2.9010189,0.16663931835448198,1.0,0.011904761904761904
ZNF652,-1.3831514,-0.88697004,0.1666184339284047,1.0,0.10714285714285714
GSDME,-1.3842754,-0.7067384,0.1662741249194737,1.0,0.16666666666666666
GLRX2,-1.3855016,-0.7726222,0.16589912559627473,1.0,0.14285714285714285
KHDRBS1,-1.386251,-0.20176028,0.16567027273727097,1.0,0.8095238095238095
LRRC8B,-1.3863872,-0.43042752,0.16562868865769764,1.0,0.36904761904761907
GTF2E2,-1.3868301,-0.2240091,0.16549359463681745,1.0,0.5476190476190477
C5orf51,-1.3871366,-1.2022718,0.16540011659051468,1.0,0.08333333333333333
SMARCA4,-1.3893164,-0.30337718,0.1647365294460914,1.0,0.4642857142857143
LSM12,-1.3904065,-0.3489953,0.16440548856459092,1.0,0.4166666666666667
UBA2,-1.3906449,-0.50510967,0.16433314020890388,1.0,0.35714285714285715
KDR,-1.3908151,-0.5311484,0.16428147749654276,1.0,0.25
DNAJB6,-1.3908492,-0.2553166,0.16427114642238083,1.0,0.6904761904761905
WWC2,-1.3916668,-0.6053255,0.16402334743990998,1.0,0.21428571428571427
RNF130,-1.3930632,-0.5153092,0.1636006758746681,1.0,0.27380952380952384
MEX3C,-1.3938466,-1.6962041,0.1633639271546884,1.0,0.047619047619047616
NDUFV1,-1.3948685,-0.3171422,0.1630555127515919,1.0,0.5
RPL38,-1.4020213,-0.06914936,0.16090889457811863,1.0,1.0
MAP1S,-1.403588,-0.88679117,0.16044154646592323,1.0,0.08333333333333333
RAB31,-1.4058361,-0.45913112,0.1597727964661072,1.0,0.3333333333333333
NUDT4,-1.4071985,-0.389405,0.15936852062727513,1.0,0.36904761904761907
UFC1,-1.4087994,-0.21594433,0.1588944859306365,1.0,0.6428571428571429
ARF4,-1.4090037,-0.24708545,0.15883404775269683,1.0,0.6428571428571429
MPRIP,-1.4092082,-0.3924315,0.1587736269756037,1.0,0.27380952380952384
FBXO7,-1.4130571,-0.544385,0.15763894896017616,1.0,0.2619047619047619
SEC14L1,-1.4137042,-0.28956398,0.15744876725203194,1.0,0.5952380952380952
GTF2F1,-1.4151689,-0.35731116,0.1570189980838113,1.0,0.3333333333333333
FAM204A,-1.4182343,-0.34966418,0.15612236049317194,1.0,0.4642857142857143
UBE2L6,-1.4193243,-0.76468205,0.15580449383822353,1.0,0.13095238095238096
VPS53,-1.4200056,-0.7307262,0.15560607672135762,1.0,0.17857142857142858
ANO6,-1.4203802,-0.6031828,0.15549702908638346,1.0,0.2619047619047619
ELOA,-1.4204142,-0.9591664,0.15548711854213781,1.0,0.09523809523809523
DHX29,-1.4204483,-0.42393917,0.15547720847736068,1.0,0.2857142857142857
RASSF8,-1.4227304,-0.597215,0.1548143257532463,1.0,0.23809523809523808
TNS1,-1.4239225,-1.0073988,0.15446889838544936,1.0,0.08333333333333333
FAM20B,-1.4249444,-0.88142765,0.1541732841076561,1.0,0.13095238095238096
NIPSNAP3A,-1.4249444,-0.58966154,0.1541732841076561,1.0,0.25
MTR,-1.4250125,-0.5805649,0.1541535917856985,1.0,0.2261904761904762
AL590617.2,-1.4251146,-0.6165741,0.15412405688686387,1.0,0.20238095238095238
LARP4,-1.4252168,-0.4347904,0.15409452628866913,1.0,0.27380952380952384
TTI2,-1.4253871,-1.8953334,0.15404531818112488,1.0,0.03571428571428571
TCHP,-1.4259661,-0.86538285,0.15387809994678184,1.0,0.13095238095238096
RAD23A,-1.4264771,-0.16406591,0.15373066906081478,1.0,0.7380952380952381
MOB2,-1.4276011,-1.6583248,0.15340669913855295,1.0,0.05952380952380952
NDUFB6,-1.4297811,-0.35515147,0.1527798740259042,1.0,0.4642857142857143
GRIPAP1,-1.4309732,-0.8059476,0.1524379043103992,1.0,0.10714285714285714
LPCAT4,-1.4313478,-0.53275096,0.1523305485194966,1.0,0.20238095238095238
MCAM,-1.4333915,-0.18481205,0.15174598427444974,1.0,0.9047619047619048
ATP6V1D,-1.4344474,-0.3243052,0.15144462952463356,1.0,0.30952380952380953
DNAJC7,-1.4352309,-0.31815618,0.15122133849053823,1.0,0.47619047619047616
SRSF10,-1.4357417,-0.3659583,0.15107584909576313,1.0,0.4523809523809524
MAP3K13,-1.4368998,-0.38809305,0.150746468037753,1.0,0.39285714285714285
MAZ,-1.437615,-0.34853753,0.15054330041266073,1.0,0.42857142857142855
ACYP2,-1.4379216,-2.6295714,0.150456292501222,1.0,0.023809523809523808
PPIA,-1.4416343,-0.11071393,0.14940557178349934,1.0,0.9880952380952381
FUNDC1,-1.4423836,-0.9716321,0.1491941804761003,1.0,0.10714285714285714
MAP1LC3A,-1.4445976,-0.38509095,0.14857094880893174,1.0,0.4166666666666667
SNRPC,-1.4451085,-0.42058435,0.14842740885400818,1.0,0.35714285714285715
MTMR9,-1.4462665,-0.6547674,0.14810244377466247,1.0,0.20238095238095238
B4GALT3,-1.4481059,-1.5448024,0.14758744033058863,1.0,0.05952380952380952
SYNGR2,-1.450422,-0.53657085,0.14694086589641717,1.0,0.2261904761904762
APOBEC3C,-1.4510351,-0.3652399,0.14677007696956104,1.0,0.2857142857142857
LAMP1,-1.4510692,-0.25447857,0.14676059314951195,1.0,0.6309523809523809
SOD1,-1.4526019,-0.20460723,0.1463343061937325,1.0,0.8571428571428571
SDCBP,-1.454271,-0.23414025,0.145871205240145,1.0,0.7857142857142857
IRF3,-1.4549862,-0.66626555,0.1456730771580335,1.0,0.2261904761904762
CTTN,-1.4600272,-0.27509004,0.14428258378355632,1.0,0.4642857142857143
TRIP12,-1.4602997,-0.37585035,0.14420771281510353,1.0,0.4642857142857143
FKBP9,-1.4617643,-0.60397905,0.14380579152615527,1.0,0.21428571428571427
UBXN1,-1.4660561,-0.24359849,0.14263301465156986,1.0,0.6547619047619048
CTU1,-1.466601,-1.2988985,0.1424846174585693,1.0,0.07142857142857142
FXR1,-1.4672141,-0.18986145,0.1423178123314874,1.0,0.75
RCN3,-1.4691216,-0.663005,0.14179982186403572,1.0,0.19047619047619047
SERINC1,-1.4706883,-0.4271638,0.14137541414056365,1.0,0.32142857142857145
HHIP-AS1,-1.4720849,-0.43188474,0.14099796106413537,1.0,0.35714285714285715
TBC1D5,-1.4724596,-0.5723252,0.14089682508447415,1.0,0.23809523809523808
MRPS31,-1.4739242,-0.6803516,0.14050201040481336,1.0,0.2261904761904762
EIF3F,-1.4752185,-0.15949632,0.14015381308461122,1.0,0.8809523809523809
FZD4,-1.4770237,-0.7977908,0.1396692785518797,1.0,0.13095238095238096
USP34,-1.4772962,-0.35449818,0.1395962533838441,1.0,0.44047619047619047
NOTCH2,-1.4773984,-0.6347582,0.13956887652330657,1.0,0.17857142857142858
USP15,-1.4856752,-0.5018249,0.1373650453257858,1.0,0.2857142857142857
GLMP,-1.4867651,-1.141881,0.13707683973086415,1.0,0.10714285714285714
ZSWIM6,-1.4895241,-0.4978835,0.13634940399028309,1.0,0.2619047619047619
RBCK1,-1.4908525,-0.27956545,0.13600022156057232,1.0,0.5833333333333334
AP3M1,-1.4923853,-0.93994397,0.13559817715385586,1.0,0.13095238095238096
KLHL36,-1.4926237,-0.78853506,0.13553571950316756,1.0,0.15476190476190477
CASC4,-1.494463,-0.48264515,0.13505464999852695,1.0,0.35714285714285715
NIPSNAP1,-1.4988909,-0.6054873,0.1339019320108071,1.0,0.15476190476190477
BRD4,-1.5010368,-0.3014317,0.1333460519319067,1.0,0.5476190476190477
COL4A6,-1.5018202,-0.45614418,0.13314355719218873,1.0,0.2857142857142857
NDUFA7,-1.5019224,-0.20614661,0.1331171623919648,1.0,0.7619047619047619
PHKB,-1.502808,-0.6046153,0.13288857709186722,1.0,0.23809523809523808
ORAI1,-1.5032848,-0.41081145,0.13276561863703318,1.0,0.36904761904761907
GOLT1B,-1.5040001,-0.8618517,0.13258134615191747,1.0,0.17857142857142858
IGBP1,-1.5042044,-0.4357679,0.1325287332670436,1.0,0.3333333333333333
CNOT8,-1.5060778,-1.0894681,0.1320472016689043,1.0,0.09523809523809523
CD2AP,-1.5063503,-0.627515,0.13197727378002647,1.0,0.20238095238095238
CHD2,-1.5066569,-0.45211345,0.13189863920650552,1.0,0.40476190476190477
COPB1,-1.5073721,-0.23614347,0.1317152997249388,1.0,0.6547619047619048
COPA,-1.5101311,-0.37637696,0.13100998279008177,1.0,0.5
RPAIN,-1.510608,-0.41169634,0.1308883735786382,1.0,0.44047619047619047
MAF1,-1.510608,-0.4176639,0.1308883735786382,1.0,0.38095238095238093
RTF2,-1.5121067,-0.29644758,0.13050674312388005,1.0,0.5952380952380952
SUDS3,-1.5125153,-0.5484096,0.13040281206350318,1.0,0.2261904761904762
WWTR1,-1.5165687,-0.30792227,0.12937563555320344,1.0,0.4642857142857143
SGCB,-1.519021,-0.46174917,0.1287572084697794,1.0,0.32142857142857145
HEATR1,-1.521814,-0.9329187,0.12805568920726013,1.0,0.15476190476190477
DOCK9,-1.5220865,-1.3525585,0.12798740772273687,1.0,0.05952380952380952
HEATR5A,-1.5223249,-1.1217718,0.12792768465028823,1.0,0.08333333333333333
COPRS,-1.5252541,-0.43466714,0.1271957114861656,1.0,0.39285714285714285
ELOVL5,-1.5258332,-0.3414232,0.12705140564267112,1.0,0.36904761904761907
CCSER2,-1.5271957,-0.38156107,0.12671236507220082,1.0,0.3333333333333333
JUP,-1.5275022,-0.99699926,0.1266361780920134,1.0,0.09523809523809523
CHD8,-1.5297502,-0.56688476,0.12607856276720453,1.0,0.27380952380952384
PSMC3,-1.5298524,-0.3757836,0.12605326212904058,1.0,0.4523809523809524
NUMBL,-1.5298524,-1.9679866,0.12605326212904058,1.0,0.03571428571428571
MYCT1,-1.531862,-0.4696398,0.1255564861707305,1.0,0.27380952380952384
RBMX,-1.5346891,-0.34131905,0.12486021620001753,1.0,0.5
MAN1B1,-1.5350978,-0.54864717,0.12475980024793629,1.0,0.21428571428571427
TTC19,-1.5367328,-0.3892107,0.12435876606896186,1.0,0.32142857142857145
MID1IP1,-1.5372437,-2.9816046,0.12423364932955329,1.0,0.023809523809523808
ACOX1,-1.5392193,-0.98942053,0.12375078842350463,1.0,0.09523809523809523
HEBP2,-1.5467126,-0.24859804,0.1219325521449283,1.0,0.7142857142857143
TACC2,-1.54971,-0.86368424,0.1212111320972982,1.0,0.16666666666666666
ZNF280D,-1.5510384,-0.6610159,0.12089248154981293,1.0,0.17857142857142858
SMARCA1,-1.5604051,-0.34780288,0.11866415864178763,1.0,0.4880952380952381
CHD6,-1.5649012,-0.7836905,0.11760606514698364,1.0,0.16666666666666666
ZYG11B,-1.5677624,-0.605803,0.11693659739128541,1.0,0.2619047619047619
DESI2,-1.5679667,-0.5835399,0.1168888930114854,1.0,0.25
ACAA1,-1.5688183,-0.69205165,0.1166902892437758,1.0,0.11904761904761904
F11R,-1.5723606,-0.6131491,0.11586694083991676,1.0,0.2976190476190476
CGGBP1,-1.572599,-0.47691938,0.11581168759223588,1.0,0.2857142857142857
SERP1,-1.5745065,-0.17621061,0.1153704069030931,1.0,0.8452380952380952
AKAP12,-1.5787982,-0.46135718,0.11438235999932893,1.0,0.3333333333333333
SCAMP2,-1.5795816,-0.96778613,0.11420272314714702,1.0,0.13095238095238096
GPATCH2,-1.5806715,-0.80153304,0.113953163135208,1.0,0.15476190476190477
CD164,-1.5828514,-0.29059416,0.1134553314268408,1.0,0.6309523809523809
JTB,-1.5848951,-0.30339295,0.112990171647527,1.0,0.5952380952380952
LACTB,-1.5871431,-0.60114044,0.11248023314106134,1.0,0.14285714285714285
B4GALT1,-1.5924567,-0.55652124,0.11128213660853414,1.0,0.2857142857142857
NSFL1C,-1.5933763,-0.49583924,0.11107579999868433,1.0,0.30952380952380953
AFF4,-1.5957947,-0.4801705,0.11053465230706705,1.0,0.30952380952380953
GADD45GIP1,-1.5989964,-0.2132094,0.10982140897718112,1.0,0.8690476190476191
ZC3H13,-1.6017553,-0.32187968,0.10920972754210843,1.0,0.5
PAPSS2,-1.6031518,-0.42183915,0.10890113960141033,1.0,0.36904761904761907
SP1,-1.6074436,-1.1640767,0.1079571112444912,1.0,0.09523809523809523
MT-CO3,-1.6081247,-0.095816605,0.10780786302886862,1.0,1.0
ARHGAP21,-1.6085335,-0.5061936,0.10771839254341276,1.0,0.35714285714285715
ERCC5,-1.6106453,-1.029108,0.10725706462325924,1.0,0.08333333333333333
PHGDH,-1.6117352,-0.9846715,0.10701957299093073,1.0,0.10714285714285714
XPO6,-1.6168784,-0.57746464,0.10590452609192527,1.0,0.16666666666666666
RBM33,-1.6190584,-0.9374895,0.10543471252456059,1.0,0.14285714285714285
SMPD1,-1.6193649,-0.7548388,0.10536877782488296,1.0,0.15476190476190477
EMD,-1.620591,-0.3975474,0.10510536615452472,1.0,0.40476190476190477
SLC27A5,-1.6213404,-0.48737,0.10494464982355423,1.0,0.25
SLC7A11,-1.6218172,-0.4003777,0.10484247740699533,1.0,0.4880952380952381
SELENOK,-1.6228732,-0.32979348,0.10461651951785332,1.0,0.4642857142857143
COPS2,-1.623895,-0.4367322,0.10439821894442816,1.0,0.38095238095238093
EVI5,-1.6240313,-0.479147,0.10436913955572578,1.0,0.34523809523809523
PMM2,-1.6247466,-0.9195671,0.1042165782946952,1.0,0.13095238095238096
XIST,-1.6249168,-0.18563162,0.10418028030710187,1.0,0.9166666666666666
TATDN1,-1.626688,-0.41770166,0.10380337628944596,1.0,0.42857142857142855
COA8,-1.6276758,-0.3716937,0.10359365093856551,1.0,0.47619047619047616
CHD4,-1.6346583,-0.3414662,0.10212069900671727,1.0,0.5476190476190477
FASTK,-1.6377238,-1.0095972,0.101479324754166,1.0,0.09523809523809523
CHMP1B,-1.6405168,-0.95059836,0.10089775814771888,1.0,0.11904761904761904
BZW2,-1.6416068,-0.3278659,0.10067152694561295,1.0,0.5476190476190477
ZBED1,-1.6420155,-2.0366352,0.10058679453586439,1.0,0.03571428571428571
TMED2,-1.6466819,-0.2743496,0.09962345629685765,1.0,0.6785714285714286
EXT1,-1.6522678,-0.23276971,0.09847995700202793,1.0,0.7380952380952381
MBNL2,-1.6525744,-0.32626486,0.09841750863059845,1.0,0.47619047619047616
SAP30L,-1.6528469,-3.661848,0.0983620255193869,1.0,0.011904761904761904
FNBP1,-1.6536303,-0.6973422,0.09820265071266986,1.0,0.2261904761904762
NES,-1.6556058,-0.33494255,0.09780166484386743,1.0,0.5
TTC37,-1.6556399,-0.42643166,0.09779476278449614,1.0,0.44047619047619047
BEX4,-1.6583648,-0.729757,0.09724385790429227,1.0,0.25
GPATCH11,-1.6612259,-1.045065,0.09666808088497283,1.0,0.13095238095238096
RBM4,-1.6627587,-0.4557091,0.09636075249496547,1.0,0.42857142857142855
KRTCAP2,-1.6631674,-0.21807195,0.09627893042459375,1.0,0.8095238095238095
FAR2,-1.6705927,-0.8838336,0.09480215242131314,1.0,0.15476190476190477
NOLC1,-1.6741351,-0.6215477,0.09410405774343912,1.0,0.27380952380952384
C1QTNF6,-1.6777796,-1.3924974,0.09339013358662375,1.0,0.05952380952380952
PAPSS1,-1.6777796,-0.56959623,0.09339013358662375,1.0,0.2857142857142857
UXS1,-1.6816626,-0.7927441,0.09263429221463601,1.0,0.19047619047619047
FAM210B,-1.6831954,-0.3772761,0.09233728913759472,1.0,0.40476190476190477
ECH1,-1.6863289,-0.35643104,0.09173246301028026,1.0,0.5
AP001528.1,-1.6884748,-1.0180526,0.09132012807413957,1.0,0.09523809523809523
DCP2,-1.6885769,-0.95342094,0.09130053030220468,1.0,0.13095238095238096
FOXK1,-1.689122,-1.0925547,0.09119606594717389,1.0,0.11904761904761904
NSD3,-1.6906546,-0.42292222,0.09090277508575262,1.0,0.38095238095238093
BSG,-1.6915402,-0.20086288,0.09073366419535916,1.0,0.8690476190476191
GALNT1,-1.6918468,-0.20184861,0.09067518480128486,1.0,0.9166666666666666
SF3B2,-1.6925962,-0.3368179,0.09053236280072302,1.0,0.5952380952380952
NCKAP1,-1.6932433,-0.37507266,0.09040916221835829,1.0,0.5
CCT8,-1.693652,-0.27912787,0.09033142085063015,1.0,0.7261904761904762
HSPA5,-1.7005324,-0.257725,0.08903083019037249,1.0,0.9047619047619048
PKN2,-1.702031,-0.40577587,0.0887495437703345,1.0,0.42857142857142855
ABI1,-1.7077874,-0.9189505,0.08767579965654104,1.0,0.15476190476190477
SPATS2,-1.7087411,-0.32695568,0.08749891734514212,1.0,0.6190476190476191
PPP2R1A,-1.709831,-0.49227786,0.08729711879194071,1.0,0.39285714285714285
SCP2,-1.717631,-0.30367565,0.08586393560666106,1.0,0.6309523809523809
DYSF,-1.7207305,-0.3791076,0.08529972232436532,1.0,0.5238095238095238
PGAP1,-1.731017,-1.443878,0.08344872675344492,1.0,0.05952380952380952
GSS,-1.7315279,-0.5616652,0.08335764464479412,1.0,0.32142857142857145
HUWE1,-1.7351725,-0.4045659,0.0827102592070705,1.0,0.4523809523809524
POLR1D,-1.7355131,-0.29120693,0.0826499646885247,1.0,0.6666666666666666
MMS19,-1.7436537,-1.1318345,0.08121949610351388,1.0,0.09523809523809523
TRIO,-1.7476388,-0.8491324,0.08052658739957708,1.0,0.19047619047619047
KIAA1191,-1.7487288,-0.9404665,0.08033791237602052,1.0,0.11904761904761904
DUSP1,-1.757244,-0.9218539,0.07887622047066567,1.0,0.16666666666666666
HNRNPR,-1.7592536,-0.35728696,0.07853443554149825,1.0,0.6309523809523809
ILF3,-1.7710729,-0.3575485,0.076548590442339,1.0,0.5714285714285714
WDR43,-1.7747855,-0.45028704,0.0759333128165971,1.0,0.4642857142857143
GOLIM4,-1.7748195,-0.4199301,0.0759276868015156,1.0,0.5119047619047619
EIF2S3,-1.7804737,-0.26087996,0.07499847165729957,1.0,0.7142857142857143
HMGN2,-1.7811209,-0.2499802,0.0748927105391577,1.0,0.8214285714285714
PRPF4B,-1.7860597,-0.42902297,0.0740895920899322,1.0,0.39285714285714285
UCKL1,-1.7879671,-1.4237313,0.07378131255762149,1.0,0.08333333333333333
DEF8,-1.7891593,-0.5014684,0.07358917098897183,1.0,0.36904761904761907
RPS6KA3,-1.7918501,-0.42879248,0.07315698396586492,1.0,0.40476190476190477
PAFAH1B1,-1.7920544,-0.49078587,0.07312424465901993,1.0,0.38095238095238093
EXT2,-1.7941662,-0.51815206,0.07278663990771903,1.0,0.32142857142857145
EPB41L2,-1.7955968,-0.6251119,0.07255866550208712,1.0,0.2619047619047619
CCDC12,-1.796278,-0.68500537,0.07245031188447942,1.0,0.2619047619047619
PTP4A2,-1.7969252,-0.34202278,0.07234749868425071,1.0,0.6547619047619048
HNRNPUL2,-1.8002632,-0.57292664,0.07181909454463999,1.0,0.27380952380952384
BUB3,-1.8076204,-0.46032086,0.07066560853755004,1.0,0.42857142857142855
PDCD6IP,-1.808029,-0.41434804,0.07060197409030153,1.0,0.47619047619047616
TNIP2,-1.8132404,-0.637687,0.06979474720276853,1.0,0.27380952380952384
EIF2B4,-1.815829,-1.0442458,0.06939659705317502,1.0,0.13095238095238096
AMN1,-1.8159312,-1.3676747,0.06938091894583637,1.0,0.09523809523809523
SPG21,-1.8206657,-0.47344038,0.06865768353740545,1.0,0.36904761904761907
ETF1,-1.8220623,-0.57919955,0.06844554230305676,1.0,0.32142857142857145
UBL5,-1.8314972,-0.15896568,0.06702637221972024,1.0,0.9761904761904762
HDAC7,-1.8367425,-0.6145756,0.06624790967447465,1.0,0.2261904761904762
GYS1,-1.8368447,-26.27064,0.06623281910177532,1.0,0.0
MAP1LC3B,-1.8423967,-0.45093673,0.06541714534988011,1.0,0.4523809523809524
LMAN2,-1.8502648,-0.34346044,0.06427539392171017,1.0,0.6071428571428571
ZDHHC3,-1.850401,-0.8893764,0.06425576916639697,1.0,0.21428571428571427
ZNF791,-1.8507757,-0.7637611,0.06420182659410471,1.0,0.15476190476190477
PCAT19,-1.8657285,-0.45512295,0.06207935784894425,1.0,0.47619047619047616
RBIS,-1.8689643,-0.28927234,0.06162777897841304,1.0,0.7380952380952381
GABARAP,-1.8696456,-0.23649572,0.061533057076308004,1.0,0.8928571428571429
CYLD,-1.8711783,-1.6094799,0.06132037344537829,1.0,0.07142857142857142
RNPEP,-1.8731879,-0.7322426,0.06104244421995515,1.0,0.23809523809523808
EIF5,-1.8731879,-0.37323624,0.06104244421995515,1.0,0.5
HELZ,-1.8757085,-1.0112528,0.060695330927929156,1.0,0.15476190476190477
MDK,-1.8856542,-0.2250666,0.059341563692642874,1.0,0.9047619047619048
BDP1,-1.8865739,-0.51473045,0.05921766215243761,1.0,0.42857142857142855
TERF2IP,-1.8875276,-0.48039344,0.05908939852331081,1.0,0.42857142857142855
TTC17,-1.8882428,-1.0153278,0.05899335220579737,1.0,0.17857142857142858
PARK7,-1.888311,-0.22010605,0.05898421170046057,1.0,0.9047619047619048
HOTAIRM1,-1.8895031,-0.9262627,0.058824443079874306,1.0,0.13095238095238096
HNRNPU,-1.8957363,-0.29931283,0.05799492159223004,1.0,0.7857142857142857
G6PC3,-1.9019694,-0.64487153,0.05717514439034263,1.0,0.27380952380952384
PCNX4,-1.9026848,-0.77464426,0.05708169110980548,1.0,0.20238095238095238
ARHGDIA,-1.9030935,-0.35171095,0.05702834630825392,1.0,0.6071428571428571
SPATS2L,-1.9034342,-0.4212018,0.0569839239928928,1.0,0.4642857142857143
TCERG1,-1.9069084,-0.5594961,0.05653245855048614,1.0,0.32142857142857145
SERPINE1,-1.9085093,-0.17274879,0.056325434516329806,1.0,0.9761904761904762
MRPS10,-1.9118812,-0.5021932,0.055891427115049505,1.0,0.34523809523809523
USP25,-1.9132777,-1.0073873,0.055712504124323346,1.0,0.15476190476190477
HNRNPUL1,-1.921793,-0.43847618,0.054631807197923,1.0,0.40476190476190477
MCL1,-1.9354174,-0.26961568,0.052939090719370925,1.0,0.7380952380952381
WDFY1,-1.9354515,-0.6680764,0.05293491448451093,1.0,0.2857142857142857
FN1,-1.937427,-0.27201945,0.05269316347376784,1.0,0.8809523809523809
CARD8,-1.9380401,-0.3480104,0.05261832519902794,1.0,0.6666666666666666
PIK3C2A,-1.9544235,-0.4559975,0.05065115238296123,1.0,0.5119047619047619
FADS2,-1.9579659,-0.3143005,0.050234018623050915,1.0,0.7619047619047619
IKBIP,-1.9665152,-0.55671096,0.04923912972724657,1.0,0.34523809523809523
DKC1,-1.9693422,-0.58908635,0.04891380194813453,1.0,0.34523809523809523
SCYL2,-1.969751,-1.161798,0.04886691623010814,1.0,0.09523809523809523
MAPKAP1,-1.9951606,-0.51860714,0.046025373542448816,1.0,0.38095238095238093
WBP2,-1.9963868,-0.6752701,0.04589184352417747,1.0,0.21428571428571427
POLR2F,-2.0073204,-0.3933874,0.0447155652812369,1.0,0.5714285714285714
PRKAR2B,-2.0118845,-0.3943254,0.04423211191050267,1.0,0.4880952380952381
PDHA1,-2.01822,-0.48090205,0.043568367265918784,1.0,0.27380952380952384
RAC2,-2.0196505,-0.39131424,0.04341965940954087,1.0,0.5714285714285714
STMP1,-2.022818,-0.26472545,0.04309190316726303,1.0,0.7738095238095238
BLCAP,-2.0279272,-0.71405077,0.04256767093545703,1.0,0.23809523809523808
SERPINE2,-2.0346372,-0.6331995,0.04188738098111004,1.0,0.2976190476190476
PSMD11,-2.0376346,-0.54750454,0.0415864814293832,1.0,0.39285714285714285
WIPI2,-2.0450258,-0.46883875,0.04085230214931903,1.0,0.36904761904761907
LTBP3,-2.055108,-0.93478584,0.03986857445059725,1.0,0.15476190476190477
DCBLD2,-2.0580373,-0.7317372,0.039586557731464925,1.0,0.2261904761904762
HDLBP,-2.0614433,-0.29802316,0.039260762167040233,1.0,0.7738095238095238
DNMT1,-2.0756469,-0.6935419,0.03792662801991461,1.0,0.2857142857142857
SMAD3,-2.0764642,-0.47905147,0.03785103121753725,1.0,0.4880952380952381
NFE4,-2.0811307,-0.47145656,0.03742194928946875,1.0,0.42857142857142855
UBE2Z,-2.0821865,-0.737214,0.037325434187347774,1.0,0.23809523809523808
DLG1,-2.0867848,-0.5131907,0.03690759323026324,1.0,0.47619047619047616
PLAT,-2.1111383,-0.3782933,0.03476041423677609,1.0,0.8809523809523809
TUBB4B,-2.1265,-0.37549904,0.033461651154429804,1.0,0.6428571428571429
KMT2C,-2.1284754,-1.0890113,0.03329767764085052,1.0,0.17857142857142858
CHD1,-2.1483672,-0.8715012,0.03168459817623399,1.0,0.19047619047619047
GOLGA4,-2.1498318,-0.4111072,0.03156852166900438,1.0,0.5714285714285714
P4HB,-2.160493,-0.23734282,0.03073453164196696,1.0,0.8809523809523809
G3BP2,-2.2024562,-0.44600448,0.027633104269077342,1.0,0.5119047619047619
EXOC1,-2.2178178,-0.6529211,0.026567266558695943,1.0,0.25
GMFB,-2.2182605,-1.5775589,0.02653707796633132,1.0,0.08333333333333333
IER3IP1,-2.2249024,-0.49883828,0.026087792631871158,1.0,0.5
WDR41,-2.2276955,-1.6117305,0.025900835270912106,1.0,0.09523809523809523
DCTN2,-2.232566,-0.513229,0.0255775709330317,1.0,0.4642857142857143
PAK2,-2.2468035,-0.31263107,0.02465257940869818,1.0,0.7380952380952381
REXO4,-2.2488813,-0.9662098,0.024520045300130713,1.0,0.17857142857142858
SMNDC1,-2.2536159,-0.75290215,0.02422034559669888,1.0,0.2619047619047619
A1BG,-2.2621992,-0.3895964,0.02368509672100956,1.0,0.5476190476190477
DDR2,-2.274393,-0.54749995,0.022942362466669877,1.0,0.4523809523809524
MRPL14,-2.2822952,-0.42697278,0.022471914399594978,1.0,0.5952380952380952
RAB14,-2.2997687,-0.48518673,0.0214613344453277,1.0,0.5119047619047619
CTSB,-2.3030384,-0.27489388,0.02127668032898403,1.0,0.9047619047619048
EIF3G,-2.3430943,-0.35845584,0.019124551505369593,1.0,0.6547619047619048
CYFIP1,-2.4017134,-0.78858244,0.016318491167014018,1.0,0.30952380952380953
RPL35,-2.4196634,-0.10167819,0.01553487508345374,1.0,1.0
SKIL,-2.4252496,-0.71466583,0.015297868392862846,1.0,0.3333333333333333
NUFIP2,-2.4286215,-0.64718187,0.01515634323483296,1.0,0.38095238095238093
GPX8,-2.454508,-0.7032261,0.014107753862189203,1.0,0.3333333333333333
TSPAN4,-2.5713034,-0.5078818,0.010131654181635124,1.0,0.47619047619047616
CDK13,-2.6399024,-1.0518216,0.008292992938826401,1.0,0.17857142857142858
COLEC12,-2.652607,-0.58949184,0.00798727887681585,1.0,0.5
KDELR2,-2.6797538,-0.38071012,0.007367633944113202,1.0,0.7261904761904762
CALM1,-2.698964,-0.24816692,0.0069555662426345035,1.0,0.9642857142857143
MYO5A,-2.7558463,-0.66751045,0.005854052584886998,1.0,0.42857142857142855
NR2F1,-2.9463496,-0.63609093,0.0032154870225117238,1.0,0.5238095238095238
ZNHIT1,-2.9550352,-0.41407964,0.0031263336432856164,1.0,0.7976190476190477
PAICS,-2.9692729,-0.8247397,0.002985055245934942,1.0,0.3333333333333333
RPS20,-3.0020053,-0.10805183,0.0026820740596598526,1.0,1.0
IL32,-3.4864218,-0.7642619,0.0004895285154988065,1.0,0.5476190476190477
MAN1A2,-3.6243691,-1.1961286,0.0002896677201821899,1.0,0.27380952380952384
